gene symbol	pc1	mouse_spleen_and_lymph_nodes_th0_cells	mouse_spleen_and_lymph_nodes_th17_cells	mouse_spleen_and_lymph_nodes_exfoxp3th17_cells	mouse_spleen_and_lymph_nodestreg_cells
1110007c09rik	-0.002785155917568313	-10.156000000000006	-29.727999999999994	52.607	-12.722999999999985
1110038b12rik	0.004749488331451898	-469.92599999999993	163.346	849.7159999999999	-543.1360000000001
1500012f01rik	0.005635684687316477	-622.0924999999997	399.02750000000015	1440.7275	-1217.6624999999997
4632428n05rik	-0.0027418830608156	-97.60350000000005	205.02249999999992	158.21849999999995	-265.63750000000005
4632428n05rik	-0.0027418830608156	144.50349999999997	-34.58449999999999	-71.1335	-38.78550000000001
aars	0.005677014607188761	-5.417150000000007	21.40084999999999	-37.35455	21.370850000000004
aars	0.005677014607188761	-63.989499999999964	72.57350000000002	-63.41949999999994	54.835500000000025
abce1	0.004363648374974522	-60.622749999999996	82.01424999999998	-59.51675	38.12525000000002
abce1	0.004363648374974522	-120.73049999999995	133.13250000000005	-95.97350000000006	83.57150000000001
abce1	0.004363648374974522	11.483562499999998	0.8799624999999978	-12.977287500000001	0.6137625
abtb1	-0.002913844615694934	26.43135000000001	0.4705500000000171	21.508350000000007	-48.410249999999984
adam8	-0.004225921293547435	-11.615625000000001	-10.843225	-20.348525000000002	42.807375
add3	-0.002306460200364565	143.49374999999998	-122.10625	-17.657250000000005	-3.7302500000000123
add3	-0.002306460200364565	472.00200000000007	-409.88599999999997	37.79500000000007	-99.91100000000017
add3	-0.002306460200364565	248.04499999999996	-252.274	35.37699999999995	-31.148000000000025
add3	-0.002306460200364565	13.863149999999997	0.5033499999999975	-15.046050000000001	0.679549999999999
adpgk	-0.0051191707429830225	22.564125000000004	-0.6596749999999929	-28.932674999999996	7.028225000000006
adpgk	-0.0051191707429830225	19.397624999999998	0.24452499999999588	-21.553275000000003	1.9111249999999984
aebp2	0.005948044533678978	-0.21427499999999355	-12.205675	18.895125	-6.475175
aebp2	0.005948044533678978	-541.6132500000001	446.0877499999999	274.8677499999999	-179.34225000000015
aebp2	0.005948044533678978	-106.39975000000001	93.14625000000001	84.86124999999998	-71.60775000000001
aebp2	0.005948044533678978	-168.82824999999997	139.49375000000003	97.84875000000005	-68.51424999999995
aebp2	0.005948044533678978	9.535049999999998	26.71605000000001	-5.5229499999999945	-30.72815
ahsa1	0.006404127083318594	25.869249999999965	-20.947750000000042	-155.36375000000004	150.44224999999994
ahsa1	0.006404127083318594	4.732349999999997	3.66395	0.001649999999997931	-8.397950000000002
ai467606	-0.0030137829099496647	189.83749999999964	-968.0525000000002	914.4674999999997	-136.25250000000005
ai467606	-0.0030137829099496647	47.488	-123.61199999999997	149.50500000000005	-73.38099999999997
ai662270	0.0034821060582246803	49.95574999999985	103.77574999999979	-382.46725000000015	228.73574999999983
ai662270	0.0034821060582246803	-41.95324999999991	105.28274999999996	-138.02224999999999	74.69275000000005
aldh2	-0.008334755952736523	0.8577550000000009	3.6307750000000016	0.5619949999999996	-5.050524999999999
aldh2	-0.008334755952736523	4.7958825	-3.7033674999999997	1.9580725	-3.0505874999999993
aldh2	-0.008334755952736523	19.018525	-9.485575	3.6744249999999994	-13.207375
aldh2	-0.008334755952736523	121.35147500000002	-54.820524999999975	28.588475000000017	-95.11942499999998
aldh2	-0.008334755952736523	6.256172500000001	-1.6169174999999996	-0.7067374999999991	-3.9325174999999994
anp32b	0.00819265007173977	185.44750000000022	69.30749999999989	-686.8624999999997	432.1075000000001
anp32e	0.003379610705822861	163.73500000000013	-71.00499999999988	-533.7249999999999	440.9949999999999
anp32e	0.003379610705822861	-7.6875	122.0625	-142.13750000000005	27.762500000000045
apbb1ip	-0.004117302208063914	1.9320749999999975	-1.2989250000000006	1.0907749999999972	-1.7239250000000013
apbb1ip	-0.004117302208063914	9.301775	-11.615525	11.889975	-9.576224999999999
apex1	0.006685212367853861	-19.923250000000024	116.99375000000003	-78.42525000000006	-18.645250000000004
apex1	0.006685212367853861	-39.34724999999992	193.80874999999997	-144.54725000000002	-9.914250000000038
apex1	0.006685212367853861	-18.859499999999997	127.14850000000001	-111.55649999999997	3.267500000000041
apoe	-0.015030533469080828	3.7098355000000005	0.9262955000000002	-0.7138845000000003	-3.9222465
app	-0.0022275279686540033	1.2464049999999993	1.5029050000000002	4.8209050000000016	-7.570215
app	-0.0022275279686540033	-10.728929999999998	1.093670000000003	51.445870000000006	-41.81061
app	-0.0022275279686540033	1.0108880000000002	-0.838438	0.9036280000000001	-1.0760779999999999
app	-0.0022275279686540033	-2.603777	-0.5091009999999998	0.22235899999999997	2.890519
arhgdib	-0.026480021413137243	388.82500000000005	-353.0450000000001	104.29499999999985	-140.07500000000005
arhgef18	-0.002657397331651737	309.86075000000005	-191.29024999999996	-55.53324999999995	-63.03724999999997
arhgef18	-0.002657397331651737	-1.6041075000000002	-0.038457500000000255	1.8355224999999997	-0.19295750000000034
arhgef18	-0.002657397331651737	16.0336325	-7.929997499999999	-2.9171674999999997	-5.186467499999999
arhgef18	-0.002657397331651737	8.434579999999999	-6.98584	0.06738	-1.516119999999999
atf5	0.0046995231680701365	-5.9678	10.770499999999998	2.059100000000001	-6.861800000000002
atp6v0d1	-0.002546880234504338	-35.019499999999994	14.473500000000172	205.0324999999999	-184.4865000000001
atp6v1d	-0.002397838152990239	-62.09775000000013	-90.50774999999999	503.95225000000005	-351.3467499999998
atp6v1d	-0.002397838152990239	-168.75625000000025	-128.59725000000003	621.43975	-324.08625000000006
atp6v1d	-0.002397838152990239	-125.7460000000001	-89.44600000000014	741.394	-526.2020000000002
aw112010	0.0042848561539147074	-811.9692500000001	-1089.73225	472.2707499999997	1429.43075
banf1	0.008741317448585847	207.11099999999988	-59.274000000000115	-276.3050000000001	128.46800000000007
banf1	0.008741317448585847	315.5652500000001	-88.78874999999994	-464.07174999999995	237.29525000000012
banf1	0.008741317448585847	223.55200000000013	-37.887999999999806	-315.5699999999999	129.90599999999995
bax	0.004119313811536694	-98.31799999999998	-8.016999999999825	-92.03800000000001	198.37300000000005
bcl2l1	0.0072802337836917926	0.03275499999999987	-7.7606850000000005	1.6370149999999999	6.090914999999999
bcl2l1	0.0072802337836917926	-4.29025	31.67774999999999	-6.577249999999992	-20.810249999999996
bcl2l1	0.0072802337836917926	1.4097547499999998	1.17530475	-2.4371142499999996	-0.1479452499999998
bcl2l1	0.0072802337836917926	0.44131999999999927	1.567919999999999	-4.070960000000001	2.0617199999999993
bhlhe40	0.0076301952676455	-336.569325	358.57177500000006	79.220775	-101.22322500000001
bola2	0.004056663159678324	8.965750000000185	124.08474999999999	-124.00025	-9.050250000000005
bola2	0.004056663159678324	-57.40224999999998	73.70274999999998	-116.78524999999999	100.48475000000002
bola2	0.004056663159678324	6.666499999999985	99.66649999999998	-101.2835	-5.049500000000023
bola2	0.004056663159678324	-2.5818499999999993	-1.7267499999999991	5.19115	-0.8825499999999984
bola2	0.004056663159678324	7.7672000000000025	-3.412700000000001	17.390299999999996	-21.744800000000005
bsg	0.00454847492052105	-216.57425	447.88374999999996	-300.03925000000004	68.72974999999997
btf3	0.005117352780018392	13.1400000000001	114.88999999999987	-141.97000000000003	13.940000000000055
btf3	0.005117352780018392	6.675225000000001	1.2928250000000006	-2.611774999999998	-5.356274999999998
btf3	0.005117352780018392	-233.26749999999993	402.9324999999999	326.74249999999984	-496.40750000000025
btg2	-0.0033771802451320696	316.019	-235.63400000000001	240.62099999999998	-321.00600000000003
btg2	-0.0033771802451320696	70.00449999999995	-101.47150000000002	216.46549999999996	-184.99850000000004
bud31	0.003497164071133852	93.10249999999996	-132.0374999999999	-61.83750000000009	100.77250000000004
c1qbp	0.011892934307638495	-138.81624999999985	334.3597500000001	-276.19224999999983	80.64875000000006
c1qbp	0.011892934307638495	-114.22500000000014	403.31500000000005	-476.7550000000001	187.66499999999996
c3	-0.0024714320914291164	-4.7673125	10.8431575	-1.6199325	-4.4559125
canx	0.004454393219516292	-312.35749999999985	568.6824999999999	-485.7974999999999	229.4725000000003
canx	0.004454393219516292	-55.98900000000003	114.56399999999996	-170.20000000000005	111.625
canx	0.004454393219516292	-14.382874999999999	33.372125	-4.767274999999998	-14.221975
caprin1	0.0032535510089646523	-259.4720000000002	-15.846000000000004	177.48399999999992	97.83400000000006
caprin1	0.0032535510089646523	0.924825000000002	-1.497474999999998	-2.2308749999999975	2.8035250000000005
caprin1	0.0032535510089646523	-124.45249999999999	55.01650000000001	112.11649999999997	-42.680499999999995
caprin1	0.0032535510089646523	-13.699675	-4.097474999999996	14.302225	3.494925000000002
ccl22	0.008512216412796038	-1.59993075	-1.76659075	-2.59308775	5.95960925
ccl4	0.006166011137698207	-6.705574999999998	-6.665074999999998	-7.922374999999999	21.293025
ccnd2	0.010884150361358529	56.3275000000001	321.73749999999995	-1014.3725	636.3075000000001
ccnd2	0.010884150361358529	-0.17875000000003638	83.53124999999994	-274.3117500000001	190.95925
ccnd2	0.010884150361358529	-65.73075000000001	59.616949999999974	-91.15015000000002	97.26395
ccnd2	0.010884150361358529	-19.394999999999982	230.74299999999994	-567.6610000000001	356.3130000000001
ccnd2	0.010884150361358529	91.64749999999981	308.60749999999985	-763.5725000000001	363.3174999999999
ccnd2	0.010884150361358529	68.97874999999999	256.3187499999999	-846.6462500000001	521.3487499999999
ccnd2	0.010884150361358529	131.54999999999995	90.36999999999989	-744.27	522.3499999999999
ccng1	0.003734924311001267	-278.3475000000001	-75.77750000000015	494.82249999999976	-140.6975
ccng1	0.003734924311001267	-78.46974999999998	6.663249999999948	1.6792499999999677	70.12725
ccng1	0.003734924311001267	-91.65774999999996	20.025250000000028	74.38925	-2.756749999999954
ccr7	0.06606363572940972	71.1172499999999	101.33624999999995	466.83925	-639.2927500000001
ccr8	0.0037769358836477604	-7.157397499999998	-14.290557499999998	31.020902500000002	-9.572947499999998
cct2	0.014460559894212022	-106.77750000000015	153.25250000000005	204.32249999999976	-250.79750000000013
cct2	0.014460559894212022	99.86750000000029	357.0174999999999	-367.1524999999999	-89.73250000000007
cct2	0.014460559894212022	-151.56749999999965	103.71250000000009	303.63250000000016	-255.7774999999997
cct3	0.010118462134784864	-173.63999999999987	321.5500000000002	-310.00999999999976	162.10000000000014
cct3	0.010118462134784864	-1.594175	21.566225000000003	-31.238775000000004	11.266724999999994
cct3	0.010118462134784864	4.769925000000001	1.4182249999999996	-0.6627750000000017	-5.525375
cct3	0.010118462134784864	-213.73500000000013	423.16499999999996	-445.47500000000014	236.04500000000007
cct3	0.010118462134784864	-54.67424999999997	94.00074999999998	-56.25025000000002	16.923749999999984
cct3	0.010118462134784864	-2.4068524999999994	4.5513675000000005	-0.48966249999999967	-1.6548524999999996
cct3	0.010118462134784864	-145.97475000000009	194.33224999999993	-197.7197500000001	149.3622499999999
cct4	0.006049791729696557	-99.02499999999964	-120.47499999999991	527.8850000000002	-308.38499999999976
cct4	0.006049791729696557	1.4951074999999996	-0.8520225000000003	-1.2246125000000005	0.5815275
cct4	0.006049791729696557	-6.572900000000001	8.063399999999998	2.8947000000000003	-4.385200000000001
cct4	0.006049791729696557	137.57500000000027	-260.90499999999975	413.8250000000003	-290.4949999999999
cct4	0.006049791729696557	103.4224999999999	-198.9575000000002	327.8125	-232.27750000000015
cct4	0.006049791729696557	31.968500000000034	-21.67750000000001	-5.711500000000001	-4.579499999999996
cct4	0.006049791729696557	16.739494999999998	-40.660085	28.82019499999999	-4.899605000000008
cct5	0.015489695002694153	186.7824999999998	89.99249999999984	-227.2175000000002	-49.55749999999989
cct6a	0.009903175992611313	-118.22749999999996	339.4124999999999	-354.1575	132.97249999999985
cct6a	0.009903175992611313	-18.855000000000018	464.9449999999997	-604.9450000000002	158.85500000000002
cct7	0.008605457158989653	23.624999999999773	82.32499999999982	-270.97500000000014	165.02499999999986
cct7	0.008605457158989653	51.57024999999999	31.24324999999999	-173.56175000000007	90.74824999999998
cct8	0.009369281351131105	-190.73000000000002	231.94000000000005	-171.69000000000005	130.48000000000002
cct8	0.009369281351131105	-0.22459925000000003	-0.21116125000000002	0.34897274999999994	0.08678774999999994
cd177	-0.010234414608466759	0.9527195000000002	-0.9846924999999999	0.8506295000000001	-0.8186564999999999
cd200	0.004376951609491514	-94.22902500000001	103.26067499999999	12.534674999999993	-21.566325000000006
cd52	-0.02449438414234599	446.2275000000009	-634.5324999999993	793.3575000000001	-605.0524999999998
cd6	0.0037665646118310507	44.71949999999998	-75.21350000000001	79.11449999999996	-48.62049999999999
cd69	0.00957659150496978	-53.735749999999996	360.3022500000002	-246.40775000000002	-60.15875
cd74	-0.011573412506704456	-12.699375	-6.279074999999999	7.028224999999999	11.950225000000003
cd79b	-0.0025011646112794443	-12.742874999999998	-17.358914999999996	-3.0928049999999985	33.194595
cdc34	0.0035188389421470703	-86.57299999999998	94.35300000000001	-47.454999999999984	39.67500000000001
cdk4	0.0058258033296468646	-6.427249999999901	16.161749999999984	0.5427500000000123	-10.277249999999981
cdk4	0.0058258033296468646	-38.95100000000002	8.85000000000008	17.995000000000005	12.105999999999995
cdk4	0.0058258033296468646	-58.679499999999905	29.52150000000006	40.456500000000005	-11.29849999999999
cdkn1a	0.006805432718918075	-142.457325	247.75287500000002	-153.497425	48.201875
cdkn1a	0.006805432718918075	-253.1329	398.6547	-251.1945	105.67270000000002
chchd10	0.007016144369985452	-181.42325000000002	-180.72625000000002	-228.27324999999996	590.42275
chchd10	0.007016144369985452	-375.033	-430.097	-493.087	1298.217
cish	0.009580902723914328	-479.44125	560.2447500000001	-546.7482500000001	465.9447499999999
cited2	-0.0030468765736503	-6.287174999999998	-19.341874999999998	6.7536249999999995	18.875425000000007
cited2	-0.0030468765736503	-208.58525000000003	-108.26824999999985	47.07574999999997	269.77774999999997
ckap4	-0.003749042750986856	8.344100000000001	-4.2126	-6.7044	2.5729000000000006
ckap4	-0.003749042750986856	7.741822500000001	3.5962224999999997	-10.083767499999999	-1.254277499999997
ckap4	-0.003749042750986856	9.377225	-2.690875000000002	-2.497074999999999	-4.1892749999999985
ckap4	-0.003749042750986856	43.54085	6.627850000000002	-35.17535000000001	-14.993350000000007
cnn2	-0.0072753177864357185	683.5349999999999	-424.41499999999996	-41.59500000000003	-217.5250000000001
coro1b	-0.003735906986816246	25.909999999999968	-63.69200000000001	97.12899999999996	-59.34699999999992
cotl1	-0.007756295018557551	132.351	-92.87799999999999	-30.165999999999997	-9.307000000000016
cotl1	-0.007756295018557551	199.24774999999988	-127.49525	-37.95925	-33.79324999999983
cotl1	-0.007756295018557551	230.30500000000006	-167.034	-9.233999999999924	-54.03699999999992
cotl1	-0.007756295018557551	135.97675000000004	-174.31124999999997	129.04875000000004	-90.71424999999999
cotl1	-0.007756295018557551	684.52	-477.02	48.04999999999973	-255.55000000000018
csf2rb	-0.003114738154016626	2.596455999999999	-1.4759479999999994	-0.6066539999999996	-0.5138539999999994
csf2rb	-0.003114738154016626	-10.837775000000002	-8.237115000000003	-6.974775000000002	26.049665
cst3	-0.008702102614849267	-101.85974999999996	102.75125000000003	-31.137749999999983	30.246250000000032
ctsh	-0.002898287465788263	-0.30009949999999996	-5.0553115	1.6993105000000002	3.6561005
ctsh	-0.002898287465788263	-1.5203474999999997	-2.6902174999999997	1.9198225000000004	2.2907425000000003
cxcr2	-0.004881708991515039	-3.403870999999999	12.282819	-4.2914509999999995	-4.587496999999999
cyc1	0.004964528829231838	-5.848250000000007	130.9007499999999	-194.30325000000005	69.25075000000004
ddb1	0.004063194745446357	-4.3770000000000095	25.851	-20.204000000000008	-1.2699999999999818
ddit3	0.003815206420446924	-30.571249999999992	38.51675	74.95875000000001	-82.90424999999999
ddit3	0.003815206420446924	-14.96145	13.883250000000004	6.63505	-5.556849999999997
ddx21	0.005519547718662099	-21.317000000000007	65.28700000000003	-127.10299999999998	83.13300000000004
ddx21	0.005519547718662099	-61.26974999999999	55.14225000000002	-3.905750000000012	10.03325000000001
ddx39	0.004265301601076483	188.55874999999992	24.6087500000001	-564.04625	350.8787500000001
ddx39	0.004265301601076483	296.5625	102.13250000000016	-897.2375	498.5425
ddx39	0.004265301601076483	1.8788725	-9.946717499999998	1.0168725000000016	7.0509725
ddx39	0.004265301601076483	197.78575	135.70575000000008	-753.25725	419.76575
ddx39	0.004265301601076483	287.9625000000001	87.75250000000028	-780.9174999999998	405.2025000000003
dhx15	0.004268250849734799	57.30749999999989	7.407500000000255	-442.90250000000015	378.1875
dhx15	0.004268250849734799	-57.625	57.01499999999987	-77.64499999999998	78.25500000000011
dok3	-0.004198375654194332	8.5666425	-8.072127499999999	-4.231057499999997	3.7365425000000023
dstn	-0.0028735184999590805	-251.27949999999998	-137.12449999999995	452.1355000000001	-63.73149999999998
dusp2	0.005524353260060845	54.6155	13.14549999999997	-16.94749999999999	-50.81350000000003
dusp5	0.014101619144749496	39.63452500000001	-72.576075	-108.74697499999999	141.68852499999997
eef1e1	0.00505453495280762	-151.34050000000002	332.5564999999999	-298.7585	117.54250000000002
eif1ax	0.004724402524304273	17.372500000000173	145.2025000000001	-411.45749999999987	248.88250000000016
eif1ax	0.004724402524304273	3.0307250000000003	-0.680275	-3.1339749999999995	0.7835250000000009
eif1ax	0.004724402524304273	19.362125000000006	2.049724999999995	-30.507875	9.096024999999997
eif3a	0.00430814450416704	-112.83249999999987	162.73750000000018	-92.78249999999991	42.877500000000055
eif3a	0.00430814450416704	-70.01450000000006	88.29449999999997	-19.25950000000006	0.9794999999999732
eif3a	0.00430814450416704	-219.32299999999998	171.83300000000003	60.632000000000005	-13.141999999999996
eif3a	0.00430814450416704	-208.77250000000004	-15.112499999999727	109.47749999999996	114.40750000000025
eif3b	0.005284975122562192	-2.3317500000000564	81.66724999999997	-129.11375000000004	49.77824999999996
eif3c	0.015781841965084278	-114.3425000000002	185.33749999999986	-103.19250000000011	32.19749999999999
eif3c	0.015781841965084278	-294.89374999999984	0.15125000000011823	140.45125000000007	154.29125000000022
eif3c	0.015781841965084278	-53.46749999999997	259.33249999999975	25.19249999999988	-231.05750000000012
eif3c	0.015781841965084278	-223.23750000000018	280.2624999999998	54.23250000000007	-111.25750000000016
eif3d	0.006197912841805464	11.095500000000015	75.1785000000001	-43.627500000000055	-42.646499999999946
eif3e	0.00365377759608275	9.7713875	-5.1744125	-4.2396425	-0.35733250000000005
eif3e	0.00365377759608275	185.23750000000018	-11.342499999999745	632.5974999999999	-806.4924999999998
eif3e	0.00365377759608275	167.55749999999944	13.547499999999673	307.9974999999995	-489.1025000000004
eif3e	0.00365377759608275	-6.769999999999982	-130.1800000000003	744.8699999999994	-607.9200000000001
eif3g	0.0048308710017914746	-132.7125000000001	258.2774999999999	-35.8425000000002	-89.72250000000008
eif3i	0.005579779764813342	210.8149999999996	-106.16500000000042	224.98499999999967	-329.6350000000007
eif3i	0.005579779764813342	162.32500000000027	-4.904999999999745	45.57500000000027	-202.9949999999999
eif3l	0.0035584629610119437	67.05999999999995	-39.91000000000008	152.7099999999998	-179.86000000000013
eif3l	0.0035584629610119437	1.3509500000000045	-1.5211499999999987	-7.888950000000001	8.059150000000002
eif3l	0.0035584629610119437	1.9033249999999988	-0.233765	0.4354749999999985	-2.1050350000000018
eif4g1	0.00452795705942239	42.161749999999984	30.614749999999958	-122.52025000000003	49.74374999999998
eif4g1	0.00452795705942239	-45.218374999999995	77.85352499999996	-24.557774999999992	-8.07737499999999
eif4g1	0.00452795705942239	-2.068092499999999	2.5682074999999998	-7.9223225	7.422207499999999
eif4h	0.004818400047310103	87.05249999999978	-75.5775000000001	-72.02750000000015	60.55249999999978
eif4h	0.004818400047310103	123.13250000000016	-41.47749999999951	-274.7674999999995	193.11250000000018
eif4h	0.004818400047310103	0.38983999999999863	3.8245199999999997	-5.1679200000000005	0.9535599999999986
eif4h	0.004818400047310103	8.001375000000003	-1.1725249999999985	-2.974224999999999	-3.8546249999999986
eif4h	0.004818400047310103	19.825624999999995	-20.392875000000004	-6.6276750000000035	7.194925000000005
eif4h	0.004818400047310103	3.499500000000012	-29.379500000000007	-8.720500000000015	34.60050000000001
eif6	0.004276608964311358	-29.581249999999955	146.69775000000004	-162.02124999999995	44.904750000000035
eif6	0.004276608964311358	-14.936575000000001	11.350524999999998	-4.621875000000003	8.207924999999996
elane	-0.002935055695929853	-2.0012274999999997	-2.4018075000000003	-1.1727575000000003	5.5757925
emg1	0.0035249659789446186	437.3775000000003	-122.59249999999997	-204.95249999999987	-109.83249999999998
emilin2	-0.0027117552382673648	-19.5120775	21.8805725	-20.8006675	18.4321725
emp3	-0.003164981905760646	965.5082500000001	-836.2647499999999	-324.89175	195.64824999999996
eprs	0.004902638652411895	-79.62049999999999	177.32550000000003	-121.71549999999996	24.010500000000036
eprs	0.004902638652411895	-0.0347325000000005	2.498167500000001	-2.3885024999999995	-0.07493249999999918
eprs	0.004902638652411895	-50.73999999999995	163.60000000000002	-144.79999999999995	31.940000000000055
eprs	0.004902638652411895	-88.44824999999997	183.37275000000005	-137.20324999999997	42.27875
etf1	0.0038409941813379134	-13.10754999999999	14.007450000000006	-18.103349999999992	17.203450000000004
etf1	0.0038409941813379134	-7.125999999999976	18.553000000000054	-64.01599999999996	52.589
etf1	0.0038409941813379134	-132.47549999999995	114.40650000000005	-1.9204999999999472	19.98950000000002
etf1	0.0038409941813379134	-1.2506249999999999	-0.18162499999999993	1.1901150000000005	0.2421350000000002
etf1	0.0038409941813379134	-0.11939999999999884	0.6578999999999997	0.7445000000000004	-1.2829999999999995
etf1	0.0038409941813379134	-113.411	127.882	-47.110000000000014	32.63900000000001
evi2b	-0.003001612143225109	119.09750000000003	-47.658500000000004	38.02050000000003	-109.45949999999999
fam101b	-0.0031728516752831354	1.6811250000000086	-33.41567499999999	120.92212500000002	-89.18757499999998
fam101b	-0.0031728516752831354	-1.4499675000000014	-5.031867500000001	14.659932499999998	-8.1780975
fam101b	-0.0031728516752831354	6.8492999999999995	-61.0947	166.5223	-112.27690000000001
fcer1g	-0.014153555474272125	0.9183409999999999	3.572690999999999	-4.346803	-0.14422900000000016
fes	-0.002563417210398423	-11.14127	16.296709999999997	-11.60965	6.45421
fes	-0.002563417210398423	-7.902424999999999	10.017275000000001	-9.432625	7.317775000000001
fkbp1a	0.005195820577880912	-451.3377499999998	929.38925	-491.82075	13.769250000000056
fkbp1a	0.005195820577880912	-2.4667774999999983	-3.3662174999999994	-0.9938975000000001	6.8268925
fkbp1a	0.005195820577880912	-440.0150000000001	845.4549999999999	-796.0550000000003	390.6149999999998
fkbp1a	0.005195820577880912	-431.39250000000015	818.4374999999998	-554.7125000000001	167.66750000000002
fkbp1a	0.005195820577880912	-684.1424999999999	1231.0575	-1028.0225	481.1075000000001
fkbp4	0.005440167501697792	16.289875000000023	16.36587499999999	-53.175625	20.519875000000013
fkbp4	0.005440167501697792	4.357144999999999	-0.581995	-3.914585	0.13943499999999975
fpr1	-0.0037929795463287172	-2.2635224999999997	-0.9975624999999995	-1.4471924999999994	4.708277500000001
ftsj3	0.0038910663013494045	9.54079999999999	26.015899999999988	-37.17020000000001	1.6134999999999877
fxyd5	-0.009109290240254123	120.95499999999993	242.10500000000002	-311.6850000000002	-51.375
fyb	-0.004224952735877697	230.0250000000001	-737.615	1201.435	-693.845
g3bp1	0.004279770120763061	75.81799999999987	132.188	-370.29399999999987	162.2879999999999
g3bp1	0.004279770120763061	-7.999199999999995	4.052600000000005	3.640900000000002	0.30570000000000164
gar1	0.003456853326170374	-11.667749999999955	38.92024999999995	-187.16475000000005	159.91224999999997
gars	0.006813973651325893	-136.11850000000004	244.90949999999987	-130.83050000000003	22.039499999999975
gas5	0.004466567123897936	-323.6350000000002	189.56500000000005	819.5749999999998	-685.5050000000001
gas5	0.004466567123897936	-60.27249999999998	196.8435	-140.0385	3.4674999999999727
gas5	0.004466567123897936	-85.55650000000003	271.79649999999987	-185.8485	-0.39150000000000773
gas5	0.004466567123897936	-270.19500000000016	99.625	953.105	-782.5349999999999
gbp2	0.010287184597480849	-565.33725	279.0777499999999	-317.40325000000007	603.66275
gbp2	0.010287184597480849	-716.4585	478.1645000000001	-311.5805	549.8745000000001
gda	-0.003849341276561632	3.4728817500000004	-0.3587082499999994	-2.41632525	-0.6978482499999998
gda	-0.003849341276561632	-1.0998375000000005	0.2706824999999995	-0.445427500000001	1.2745824999999993
gda	-0.003849341276561632	3.105805	-4.615665	0.6751150000000008	0.8347449999999998
ghitm	0.007167215849427077	-104.81475	164.73325	70.80525	-130.72375000000005
ghitm	0.007167215849427077	-213.83624999999995	336.5887500000001	-50.1412499999999	-72.61124999999993
glrx	-0.003053171890702642	-312.5445	23.991499999999974	54.49549999999999	234.0575
glrx	-0.003053171890702642	-175.29247500000002	33.27382499999999	15.518824999999993	126.49982500000004
gnl3	0.004185043468604535	0.8254999999999768	131.41949999999997	-152.3485	20.103499999999997
gpsm3	-0.00734659310354587	81.77074999999996	-44.80824999999999	80.18574999999998	-117.14825000000002
gramd3	-0.0030360694472364703	209.45732499999997	-97.33167500000002	194.187325	-306.31297500000005
gramd3	-0.0030360694472364703	56.869675	-21.52732499999999	44.552674999999965	-79.89502499999999
grap	0.0059223403125921534	144.76524999999998	-59.77875	-20.499750000000006	-64.48675
grap2	-0.0029365160939376768	14.963224999999994	10.839724999999987	-5.618975000000006	-20.18397500000001
grap2	-0.0029365160939376768	69.88924999999999	-15.607050000000008	-15.851450000000007	-38.43075000000001
grap2	-0.0029365160939376768	9.313749999999999	0.5464500000000001	-3.546750000000003	-6.313450000000003
gtpbp4	0.004335654424767677	-24.116250000000008	90.26174999999998	-90.67425000000001	24.528750000000002
gtpbp4	0.004335654424767677	-56.338250000000016	69.35374999999999	-20.468250000000012	7.4527499999999804
gtpbp4	0.004335654424767677	-44.46750000000003	134.02749999999997	-87.0985	-2.461500000000001
h2-aa	-0.004423735254719109	-1.570455	-4.988495	-5.4537949999999995	12.012744999999999
h2-aa	-0.004423735254719109	0.47129650000000023	-3.2473395	-2.6996835	5.4757264999999995
h2-aa	-0.004423735254719109	0.03301900000000002	-0.01041599999999998	0.022615000000000024	-0.045217999999999994
h2-aa	-0.004423735254719109	1.705895	-1.7227449999999997	-2.5680249999999996	2.5848750000000003
h2-ea-ps	-0.003167265759112971	0.5373774999999998	0.46518749999999986	1.1164175000000016	-2.1189825
hdgf	0.010055639781464431	180.7605000000001	-24.47849999999994	-255.80349999999993	99.52150000000006
hdgf	0.010055639781464431	135.34675000000016	0.8457499999999527	-220.42725000000002	84.23474999999985
hdgf	0.010055639781464431	8.8417	-6.133299999999998	-4.1206	1.4121999999999986
hexa	-0.003678917916268205	100.39575000000002	-77.96224999999998	-15.14224999999999	-7.291249999999991
hif1a	0.0045880849778425535	-530.9547500000001	631.3032499999999	-104.74475000000007	4.396250000000123
hif1a	0.0045880849778425535	-1533.6699999999996	1404.42	-118.76999999999953	248.02000000000044
hif1a	0.0045880849778425535	-1.9715274999999988	10.0458225	-7.4410574999999985	-0.6332374999999999
hif1a	0.0045880849778425535	-75.258575	97.520625	-22.999274999999997	0.7372249999999951
hint1	0.004651666904257074	987.2300000000005	-429.9399999999996	-999.06	441.77000000000044
hint1	0.004651666904257074	484.1550000000002	-286.33500000000004	-687.9749999999999	490.1550000000002
hk3	-0.0028582411778455977	7.5240625	-2.4816775	-2.1282375	-2.9141475
hk3	-0.0028582411778455977	6.038562499999999	-8.420187499999999	1.597362500000001	0.7842625000000005
hltf	0.007857514611925158	5.696075	-4.479125000000003	1.5695750000000004	-2.7865249999999975
hltf	0.007857514611925158	-9.13575000000003	-38.898749999999836	81.3732500000001	-33.338749999999834
hltf	0.007857514611925158	23.537674999999993	-13.231225000000002	-10.893525000000004	0.5870749999999987
hmha1	-0.01246501996365427	333.35800000000006	-257.93199999999996	146.32499999999982	-221.75099999999998
hmox1	-0.0033709055731944737	-10.346664999999998	4.972455	-0.8302449999999979	6.204455000000003
hnrnpc	0.0037512010593032173	-0.44474999999997067	17.07325000000003	-3.9427499999999895	-12.685749999999985
hnrnpc	0.0037512010593032173	-51.58750000000009	-25.327499999999873	267.40250000000015	-190.48750000000018
hp	-0.013435945316227016	0.26877675	0.16185674999999988	-0.13919325000000005	-0.29144025000000007
hspa8	0.006147567805434261	253.14750000000004	53.08750000000009	-653.9424999999999	347.7075
hspa8	0.006147567805434261	-149.85249999999996	-28.262499999999818	238.6875	-60.57249999999976
hspa8	0.006147567805434261	242.58249999999953	-534.4674999999997	771.7725	-479.8874999999998
hspa9	0.014062035893420631	-73.46124999999995	193.18275000000006	-186.58224999999996	66.86075000000005
hspa9	0.014062035893420631	-140.10625000000005	316.96975	-243.12125000000003	66.25774999999999
hspa9	0.014062035893420631	-3.2813274999999997	0.6910325000000013	-0.881127499999999	3.4714225
hspa9	0.014062035893420631	-7.663099999999993	-0.11650000000000205	-27.169399999999996	34.949
hspa9	0.014062035893420631	-0.3887874999999985	-1.8692375000000006	0.41844250000000116	1.8395825000000006
hspd1	0.003950001323713589	-242.005	272.4390000000001	-337.2529999999998	306.81899999999996
hsph1	0.005504520601593664	-47.99262500000001	44.706875	1.5708749999999867	1.7148749999999922
hsph1	0.005504520601593664	-91.00825000000006	63.705749999999995	20.431749999999994	6.870749999999987
hvcn1	-0.002474533529652075	30.66930000000002	-104.29089999999997	152.95030000000003	-79.32869999999997
iars	0.0031411417946974533	-155.91174999999998	296.87625	-204.78175	63.817249999999945
iars	0.0031411417946974533	-45.21500000000003	112.868	-81.28000000000003	13.626999999999981
ifi30	-0.0037196387834237937	106.31374999999986	-22.57824999999997	-173.58724999999995	89.85175000000004
ifitm2	-0.002984570494764577	-51.97324999999999	-124.03324999999998	-141.43525	317.44175
igfbp4	0.004790811483947118	6.349595000000001	60.158295	-37.197784999999996	-29.310104999999997
igfbp4	0.004790811483947118	43.511750000000035	293.0447499999999	-155.09284999999994	-181.46364999999994
igfbp4	0.004790811483947118	358.35199999999986	1095.8519999999999	-669.5490000000001	-784.6550000000001
igfbp4	0.004790811483947118	145.8114999999999	664.0065	-371.82950000000005	-437.98850000000004
igfbp4	0.004790811483947118	554.8620000000001	1544.362	-862.778	-1236.446
igfbp4	0.004790811483947118	738.6849000000002	1685.2049000000002	-1128.6131	-1295.2767
igj	-0.004973644097755566	-3.1364650000000003	-5.005465	-2.2738049999999994	10.415735000000002
igsf6	-0.003343762363882953	-0.02746900000000002	-0.01898500000000003	0.010531999999999986	0.03592200000000001
igtp	0.00743258275665106	-578.0295	-155.87649999999985	-1094.5575	1828.4634999999998
il16	-0.0025144189272710165	37.513000000000034	-153.64300000000014	564.18	-448.04999999999995
il16	-0.0025144189272710165	0.6956249999999997	-3.3428749999999994	20.935625	-18.288375
il16	-0.0025144189272710165	-2.160287500000001	-1.3117674999999993	9.8950725	-6.423017500000001
il16	-0.0025144189272710165	36.42867500000003	-33.38532500000002	99.00567500000002	-102.04902499999997
il17a	0.005196496731337926	-1.5299925000000023	1.1895574999999994	0.7863875	-0.44595250000000064
il17ra	-0.003033031819372837	44.343999999999994	-30.084000000000003	5.053999999999974	-19.314000000000007
il17ra	-0.003033031819372837	195.93425000000002	-95.51675	81.77925000000005	-182.19675000000007
il2	0.008067803500311463	9.253686499999999	4.031086499999997	-2.343043500000002	-10.941729500000003
il21r	0.0031675288125417784	1.9710249999999974	66.28502499999999	-68.40707499999999	0.15102500000000418
il2ra	0.011723062239970649	-539.5492750000001	590.803725	-701.6081750000001	650.3537249999999
il2ra	0.011723062239970649	-805.31	727.0390000000002	-1348.638	1426.909
il2rb	0.006873437978539772	-42.47160000000001	-15.770700000000005	-26.63620000000001	84.8785
il2rb	0.006873437978539772	-233.97875	-31.96674999999999	-186.88275	452.82824999999997
il6ra	-0.0020996992456538367	14.9345	5.636100000000013	-2.400599999999997	-18.169999999999998
il6ra	-0.0020996992456538367	294.47450000000003	-52.980500000000006	66.96349999999995	-308.45750000000004
irf1	0.004938157925168821	-51.21224999999998	-156.19125	-96.41024999999999	303.81375
irf4	0.015016617974960463	-294.826975	650.644025	-324.02407500000004	-31.792974999999956
irf4	0.015016617974960463	-6.52272	15.271580000000004	-19.30264	10.55378
irf8	0.004440497036503806	-162.41597500000003	123.00132500000007	-116.40267500000003	155.81732499999998
irf8	0.004440497036503806	-78.35464999999999	54.29645000000001	-41.82725	65.88545
itga4	-0.002569652961800416	4.958907000000002	-8.234060999999999	2.317507000000001	0.9576470000000015
itga4	-0.002569652961800416	2.592621	-2.4145630000000002	0.48099099999999995	-0.6590490000000002
itga4	-0.002569652961800416	58.154375	-43.78072499999999	6.31857500000001	-20.692224999999993
itga4	-0.002569652961800416	2.4051474999999995	-1.7049725000000002	-1.1917625	0.49158750000000007
itga4	-0.002569652961800416	20.31906	-19.786379999999994	6.321460000000002	-6.8541399999999975
itgb2	-0.007167461253825731	-272.53	161.59000000000015	430.10000000000014	-319.15999999999985
itgb2l	-0.002974913296915744	-0.40018925000000005	-0.19674625	0.38657774999999994	0.21035775000000012
itgb2l	-0.002974913296915744	1.111646	-0.3430740000000003	-0.3065340000000003	-0.46203800000000017
itgb2l	-0.002974913296915744	2.5188825	1.457302499999999	1.9194925000000005	-5.8956775
itm2b	-0.02168250256371828	-358.6300000000001	-89.2800000000002	988.25	-540.3400000000001
itm2b	-0.02168250256371828	-206.40250000000015	-203.32250000000022	1093.2675	-683.5425
itm2b	-0.02168250256371828	-0.06313000000000013	-1.62061	7.01924	-5.335500000000001
kars	0.0035596254824147243	-3.034999999999968	46.044000000000096	-43.278999999999996	0.2700000000000955
klf3	-0.002275810381690456	53.297805000000004	-24.584284999999994	-29.375424999999996	0.6619050000000044
klf3	-0.002275810381690456	200.16452499999997	-95.77097499999999	-101.17407499999999	-3.2194749999999885
klf3	-0.002275810381690456	9.261949999999999	-14.167950000000001	-12.394750000000002	17.30075
klf3	-0.002275810381690456	22.615299999999998	-10.604	-8.2924	-3.7189000000000014
klf3	-0.002275810381690456	21.92264	-9.8154	-14.882079999999998	2.774840000000001
klf3	-0.002275810381690456	570.1586500000001	-315.15605	-376.35425	121.35165
klhl6	-0.00260306394242494	131.5687499999999	63.05874999999992	197.09874999999988	-391.72625000000005
kpnb1	0.003684791137709719	21.09024999999997	38.057249999999954	-153.90075000000007	94.75324999999998
kpnb1	0.003684791137709719	-11.022000000000002	6.335000000000001	-7.448499999999999	12.1355
kpnb1	0.003684791137709719	64.80325000000005	31.487250000000017	-153.00375000000003	56.713250000000016
kpnb1	0.003684791137709719	-73.6352500000001	-12.382250000000113	48.484750000000076	37.53274999999985
krtcap2	0.004000464027595536	-178.03599999999983	396.9480000000001	-361.1099999999999	142.1980000000001
krtcap2	0.004000464027595536	-261.10325	491.24074999999993	-423.7982499999998	193.66075
lad1	0.0146867240839037	5.371654999999999	-8.300755	-10.313154999999998	13.242255000000002
laptm5	-0.008755634599925916	100.25500000000011	58.656000000000176	40.346999999999866	-199.25799999999992
laptm5	-0.008755634599925916	724.2617499999999	-551.44525	156.74175000000014	-329.55825000000004
laptm5	-0.008755634599925916	681.7600000000002	-181.64999999999964	-56.4699999999998	-443.6399999999994
laptm5	-0.008755634599925916	15.054125000000013	-39.62407499999999	-46.69417499999999	71.26412499999996
laptm5	-0.008755634599925916	34.56276750000001	-16.6519925	-3.3192324999999983	-14.5915425
larp1	0.0043903425869756775	13.818750000000023	98.83175000000006	-212.94524999999993	100.29475000000002
lars	0.003327973307788321	-18.68074999999999	97.19324999999998	-72.54374999999999	-5.96875
lasp1	-0.0027770270572717803	87.63075000000003	-310.48424999999986	-277.1272499999999	499.98075000000017
lasp1	-0.0027770270572717803	219.5949999999998	-404.4050000000002	-79.38500000000022	264.1949999999997
lasp1	-0.0027770270572717803	-68.79374999999982	-96.05475000000001	-259.08675	423.93525
lasp1	-0.0027770270572717803	-0.08340000000000103	-6.5357	1.1462000000000003	5.472899999999999
lasp1	-0.0027770270572717803	173.27925000000005	-260.21574999999996	-104.11274999999989	191.04925000000003
lasp1	-0.0027770270572717803	92.51125000000002	-68.71974999999998	-41.05574999999996	17.264250000000004
lasp1	-0.0027770270572717803	2.5251350000000006	2.799835	-9.272005	3.9470350000000014
lasp1	-0.0027770270572717803	4.132407499999999	-5.3100825	4.2817074999999996	-3.104032499999999
lasp1	-0.0027770270572717803	52.30424999999997	-72.25875000000002	-36.55074999999994	56.50524999999999
lcn2	-0.07336452237870313	0.09369150000000004	-1.2510245	0.11074150000000005	1.0465915000000003
lgals3	-0.017207157076578227	-364.4675	176.71050000000002	-768.4095	956.1665
lgmn	-0.002834522252549309	-28.68085	-21.315649999999998	66.67955	-16.68305
lipa	-0.0024831458687534502	4.931849999999997	-9.646050000000002	33.04745	-28.333250000000007
lipa	-0.0024831458687534502	32.514999999999986	-75.87800000000001	120.75999999999999	-77.39700000000002
lipa	-0.0024831458687534502	61.384999999999934	-130.14700000000005	237.94299999999993	-169.18100000000004
lonp1	0.006232086111058783	-0.228225000000009	74.25377499999999	-107.09232500000002	33.06677499999998
lrch4	-0.0035770726978585905	1.9334150000000019	-2.178094999999999	-1.4411349999999992	1.6858150000000016
lrch4	-0.0035770726978585905	-2.0381750000000007	-3.478975000000002	1.2441250000000004	4.273024999999997
lst1	-0.004257226203801426	-3.0972750000000033	49.219224999999994	-20.087375	-26.034575000000004
lta	0.005062037605945568	-483.57500000000005	884.1610000000001	-544.337	143.75099999999998
ltf	-0.029008136164952188	-10.565130250000001	-10.61962125	-6.47782925	27.662580749999996
ly6a	0.009807525553375862	-1513.7675000000002	1153.5225	-893.5275000000001	1253.7725
lyz2	-0.14093934597020286	4.5315525	-1.4782075	-0.36811749999999943	-2.6852275
magoh	0.0047888487084262465	250.12000000000012	-204.49	-345.8499999999999	300.22
mak16	0.003517846000634343	-43.76424999999995	118.86675000000002	-53.59224999999998	-21.510249999999928
map4k2	-0.002779281803326171	15.030800000000013	-19.980999999999995	0.9344000000000108	4.015800000000013
map4k2	-0.002779281803326171	142.57875	-116.71825000000001	19.193750000000023	-45.054250000000025
map4k2	-0.002779281803326171	84.28825	-51.27774999999997	-3.9647500000000093	-29.045750000000027
map4k4	-0.0024627919686291853	-33.44399999999999	-1.468999999999994	192.786	-157.873
map4k4	-0.0024627919686291853	-154.77875	-2.5817500000000564	491.71325	-334.35275
map4k4	-0.0024627919686291853	-13.465074999999999	26.447924999999998	33.168925	-46.151775
map4k4	-0.0024627919686291853	-26.890299999999996	4.48769999999999	170.25570000000002	-147.85309999999998
map4k4	-0.0024627919686291853	-1.8038750000000006	5.687924999999999	-0.9706850000000005	-2.9133650000000006
mapk3	-0.0033604001823666664	37.16	-29.352000000000004	18.306999999999988	-26.11500000000001
mars	0.0040343110945356645	-75.31700000000001	126.20899999999995	-129.077	78.185
mbp	0.004792463387880678	8.177704999999998	-7.483375000000001	2.9174049999999987	-3.6117350000000004
mbp	0.004792463387880678	0.7969750000000033	-38.509924999999996	73.639975	-35.927025
mbp	0.004792463387880678	58.363749999999925	-153.24825000000004	299.92475000000013	-205.04025000000004
mbp	0.004792463387880678	5.033449999999998	-15.38395	23.22755	-12.87705
mbp	0.004792463387880678	4.6091205	-4.6090315	2.619900499999998	-2.6199895000000004
mbp	0.004792463387880678	2.7551000000000023	-2.5160399999999985	1.0012000000000025	-1.2402599999999993
mbp	0.004792463387880678	2.449713250000001	-2.6381517500000005	2.27796325	-2.0895247500000003
mbp	0.004792463387880678	10.3963225	-14.369917499999998	11.745722500000003	-7.772127499999998
mdh2	0.008428691934898933	27.499999999999773	-34.710000000000036	-125.80000000000018	133.00999999999976
mdh2	0.008428691934898933	41.26000000000022	36.99000000000024	-133.41999999999962	55.17000000000007
mettl1	0.0033846549096842827	0.1996500000000001	5.241050000000001	-12.00555	6.56485
mettl1	0.0033846549096842827	-8.880575	21.942725000000003	-25.830675	12.768525000000004
mettl1	0.0033846549096842827	-5.431375000000003	15.849725	-16.017175	5.598824999999998
mpo	-0.0028955441144848442	-0.2426674999999996	0.08229250000000032	-1.2819974999999997	1.4423725000000003
mrpl12	0.004140762224976958	-39.1155	143.11950000000002	-200.7785	96.77449999999999
mrps6	0.003379662302839112	-121.84262500000001	-66.62312500000002	193.483875	-5.018125000000026
mrps6	0.003379662302839112	-280.30449999999996	-143.11849999999998	444.5635	-21.140499999999975
mthfd2	0.007657898452703556	76.28875	-9.14425	-158.16125000000002	91.01675
mthfd2	0.007657898452703556	116.18325000000004	-16.711749999999938	-192.93575000000004	93.46424999999988
mybbp1a	0.008593670186604462	0.6631750000000025	28.958174999999997	-30.062425	0.4410749999999979
mybbp1a	0.008593670186604462	17.499250000000075	168.50225000000012	-230.68274999999994	44.68125000000009
myc	0.011306107293422137	-8.706749999999943	410.48825	-353.41875	-48.362750000000005
myh9	-0.008587279420791455	225.51499999999987	-341.66100000000006	227.65499999999997	-111.5089999999999
myh9	-0.008587279420791455	156.51	-188.36899999999997	128.08799999999985	-96.22899999999998
myh9	-0.008587279420791455	706.0899999999997	-928.7300000000005	718.1699999999996	-495.5300000000002
myh9	-0.008587279420791455	13.480125000000001	-24.331075	20.114625000000004	-9.263675
myl12b	-0.009022558903405888	490.4324999999999	-665.2475	654.2225000000003	-479.40750000000025
myl12b	-0.009022558903405888	6.573332500000001	-11.1582975	2.950732500000001	1.6342324999999995
napsa	-0.0025702778596984315	-2.343724999999999	-0.6224149999999984	-3.313554999999999	6.279695
napsa	-0.0025702778596984315	2.5280572499999994	0.77713725	-2.02778175	-1.27741275
nars	0.009892123647765285	-106.09275000000014	201.73125000000005	-153.52075000000013	57.882249999999885
nars	0.009892123647765285	-26.110000000000014	232.03999999999985	-180.827	-25.103000000000065
ncf1	-0.009406986498569726	0.698640000000001	4.968440000000001	-9.71772	4.050640000000001
ncf1	-0.009406986498569726	-7.3856674999999985	23.2766325	-19.313097499999998	3.4221325000000036
ncf1	-0.009406986498569726	-13.211924999999994	14.391075	-53.372225	52.19307500000005
ncf4	-0.00286927066531886	-134.356	95.93999999999994	49.10699999999997	-10.691000000000031
ncl	0.010032654407617388	61.99000000000024	72.23000000000002	-144.2199999999998	10.0
ncl	0.010032654407617388	88.88575000000003	-2.6932499999999777	-138.13825	51.94575000000003
ncl	0.010032654407617388	-195.07400000000007	216.43799999999987	-81.17200000000003	59.80799999999999
ncl	0.010032654407617388	53.136825000000016	-24.75717499999999	-73.43347499999999	45.05382500000002
ncoa7	0.003351204848155903	-1.846350000000001	-4.059350000000002	3.56015	2.3455499999999994
ncoa7	0.003351204848155903	251.74725000000004	-115.95774999999998	-81.38175000000004	-54.40774999999999
ndrg1	0.00365033483749604	-49.53225000000009	315.89374999999995	-425.1722500000001	158.81074999999987
ndrg1	0.00365033483749604	-37.39179999999999	84.6592	-126.0626	78.7952
ndrg1	0.00365033483749604	-35.025049999999965	152.13294999999997	-170.93585000000002	53.82794999999996
ndrg1	0.00365033483749604	-20.476625	27.096174999999995	-27.709625	21.090075000000006
ndrg1	0.00365033483749604	-182.05899999999986	768.4960000000001	-851.4529999999999	265.0160000000001
ndufc2	0.0035108135373218144	-126.34999999999991	54.23000000000002	-26.420000000000073	98.53999999999996
ndufc2	0.0035108135373218144	-2.4075599999999993	1.1969900000000004	3.370210000000001	-2.159639999999999
ndufc2	0.0035108135373218144	20.809999999999945	83.05000000000018	-109.51999999999998	5.6599999999998545
ndufc2	0.0035108135373218144	-107.7824999999998	90.66750000000002	-38.95249999999987	56.06750000000011
nedd8	0.0041501251841674774	28.340000000000146	-43.62999999999988	-81.73999999999978	97.0300000000002
neurl3	-0.002238426117872599	-191.048475	155.03652499999998	207.37552499999998	-171.363575
nfam1	-0.003282058910555192	1.4703724999999999	-0.3340805	-0.4492574999999999	-0.6870345
nfam1	-0.003282058910555192	0.11941000000000002	-0.08942000000000005	0.012809999999999988	-0.04280000000000017
nfe2	-0.002602664080916786	1.4027927500000001	-1.5728672499999998	-2.05293825	2.2230127500000005
nfkb1	0.011084462210147307	-282.45150000000007	71.47850000000005	34.71649999999977	176.25649999999996
nfkb2	0.00848747054178395	-29.385025	21.188574999999993	23.634075000000003	-15.437624999999997
nfkb2	0.00848747054178395	-16.292025000000002	-8.477525	30.26877499999999	-5.499225000000003
nfkbib	0.003839496501377332	3.178699999999992	9.5227	-0.30330000000000723	-12.3981
nfkbib	0.003839496501377332	-1.8530974999999996	6.3637125	0.06865249999999978	-4.5792675
ngp	-0.12447352514784472	7.229714999999999	-6.495665000000002	-1.285825	0.5517749999999992
nhp2	0.005752841484574732	17.940000000000055	100.54500000000007	-285.69699999999995	167.21199999999988
nhp2	0.005752841484574732	-11.763249999999857	104.91375000000016	-424.87424999999985	331.7237500000001
ninj1	-0.002088704715697446	-193.85825000000006	12.893749999999955	347.53274999999996	-166.56825000000006
ninj1	-0.002088704715697446	-63.243950000000005	25.582449999999994	98.46545	-60.80395
ninj1	-0.002088704715697446	1.01605	-6.472650000000002	-0.2819500000000019	5.73855
ninj1	-0.002088704715697446	-26.753574999999998	-3.5563749999999956	52.589325	-22.279374999999998
nme1	0.004263252022825724	47.38149999999996	68.64150000000018	-599.3745000000001	483.3515
nme1	0.004263252022825724	-68.82974999999999	-229.56775	520.4462500000001	-222.04874999999998
nme2	0.004878352028644419	172.96499999999924	-454.2350000000006	592.6549999999997	-311.3850000000007
noc2l	0.0047484309538931065	21.47372500000003	42.05372500000004	-80.72417499999997	17.196725000000015
noc2l	0.0047484309538931065	5.810724999999991	9.11982500000002	-18.032675000000005	3.102125000000001
nolc1	0.0049438685411107314	-34.18824999999998	111.16575	-144.64024999999998	67.66275000000002
nolc1	0.0049438685411107314	5.341850000000008	5.518150000000006	-30.12934999999999	19.269350000000003
nolc1	0.0049438685411107314	-38.140875	45.60182499999999	-36.179775	28.718824999999995
nop10	0.0034483999698755106	560.7825	-230.87749999999983	-282.1975	-47.70749999999998
nop10	0.0034483999698755106	273.69900000000007	-85.84299999999996	-202.74900000000014	14.893000000000029
nop56	0.0058522160850126535	-157.57549999999998	333.64549999999997	-402.42049999999995	226.3505
nop56	0.0058522160850126535	69.17700000000002	230.71699999999998	-473.20300000000003	173.30899999999997
nop58	0.008590723654461284	-67.99299999999994	191.25600000000009	-399.4509999999999	276.1880000000001
npm1	0.013474359097049495	56.19250000000011	-4.9375	380.1824999999999	-431.4375
npm1	0.013474359097049495	-451.49749999999995	340.9425000000001	420.15250000000015	-309.59749999999985
nr4a1	0.011884707331979013	-24.3566	22.560100000000006	-26.7919	28.588400000000007
nr4a3	0.005615139443483777	0.9483647499999996	-2.6484442500000003	-1.24693525	2.94701475
nr4a3	0.005615139443483777	0.20031000000000043	0.0399200000000004	-0.48470999999999953	0.24448000000000025
nr4a3	0.005615139443483777	-37.65299999999999	-25.961199999999995	-22.455299999999994	86.06949999999999
nup62	0.003515970809158566	30.98425000000003	41.415250000000015	-193.92074999999997	121.52125000000001
nup62	0.003515970809158566	8.153999999999996	25.10300000000001	-152.29500000000002	119.03800000000001
nup62	0.003515970809158566	8.134749999999997	57.47474999999997	-167.57725000000002	101.96774999999997
nup62	0.003515970809158566	62.137249999999995	6.167249999999967	-391.5017499999998	323.19724999999994
nup62	0.003515970809158566	0.9168900000000004	3.31274	-4.393669999999999	0.16403999999999996
pa2g4	0.008829918281249429	41.43600000000001	-17.565999999999974	-91.31099999999999	67.441
pa2g4	0.008829918281249429	-203.68550000000027	214.35449999999992	-420.12350000000015	409.4544999999998
pa2g4	0.008829918281249429	-6.43425000000002	100.62275	-166.12125	71.93275
pa2g4	0.008829918281249429	19.665025	-12.442774999999997	-20.862975	13.640725000000003
pa2g4	0.008829918281249429	8.8412	-6.313999999999998	-5.543499999999998	3.016300000000001
padi4	-0.0045837845499602965	2.8208649999999995	-1.338235	-1.7370650000000003	0.25443499999999997
pde2a	-0.004050505372472021	30.889999999999986	56.21799999999996	-154.83300000000003	67.72500000000002
pde2a	-0.004050505372472021	-7.824375000000003	4.153424999999999	-12.309674999999999	15.980625000000003
pde2a	-0.004050505372472021	7.012774999999998	11.801074999999997	-20.372725000000003	1.5588749999999933
pdia6	0.0038125498613299225	-192.16249999999997	384.9375	-257.15150000000006	64.37649999999996
pdia6	0.0038125498613299225	-0.13671000000000078	0.5788899999999995	2.60224	-3.0444199999999997
penk	0.006328606928252872	-27.956061500000004	-32.771215500000004	20.455588499999998	40.271688499999996
pgd	-0.008462043741323108	-14.638250000000028	32.98774999999995	-92.41625000000008	74.06675000000007
pgd	-0.008462043741323108	-7.570750000000089	158.23925000000008	-277.71775	127.04925000000003
pgd	-0.008462043741323108	6.631250000000023	104.80624999999998	-199.76774999999998	88.33024999999998
pgd	-0.008462043741323108	-90.93824999999998	152.74074999999993	-272.9002500000001	211.0977499999999
pglyrp1	-0.01746673589225924	-9.0103955	-13.283085499999999	-17.2599335	39.5534145
phb2	0.008145688213117319	133.2700000000001	-53.48299999999995	-93.2349999999999	13.448000000000093
phb2	0.008145688213117319	124.606	-11.82400000000007	-177.57799999999986	64.79600000000005
phb2	0.008145688213117319	40.71174999999994	35.98174999999992	-129.18525	52.49174999999991
phb2	0.008145688213117319	27.118775	-5.200324999999999	-15.787025	-6.131425
plagl2	0.003687335488523323	-98.49805	85.06035000000003	44.234350000000006	-30.79665
plagl2	0.003687335488523323	-2.116505	-2.608535	6.673805000000001	-1.9487649999999999
plagl2	0.003687335488523323	-63.281749999999995	46.58324999999999	36.320250000000016	-19.62174999999999
plagl2	0.003687335488523323	-19.09454999999999	27.473650000000006	16.826350000000005	-25.205449999999992
plbd1	-0.004789907308382038	-2.652507500000001	-2.252507499999999	0.08235249999999894	4.8226625
plin2	-0.0037429571112246687	-246.39562500000002	38.436874999999986	366.831875	-158.87312500000002
pomp	0.0045099210536525365	105.36749999999984	-17.35250000000019	-325.4325000000001	237.4174999999998
ppa1	0.004616209701031526	-162.7030000000001	191.25400000000002	-273.9800000000001	245.42899999999997
ppan	0.004239417688591493	8.037000000000006	46.944599999999994	-50.506699999999995	-4.474899999999991
ppp2r1a	0.003416463861437715	-6.977000000000018	10.417999999999978	-2.686000000000007	-0.7549999999999955
ppp2r1a	0.003416463861437715	-12.222499999999997	1.0875000000000057	-6.226499999999987	17.361500000000007
ppp2r1a	0.003416463861437715	-12.03500000000031	-21.925000000000182	105.27500000000009	-71.31500000000005
ppp2r1a	0.003416463861437715	-18.829999999999927	96.43000000000029	2.0100000000002183	-79.60999999999967
ppp2r1a	0.003416463861437715	-5.369999999999891	-4.9399999999996	-161.8599999999999	172.17000000000007
pram1	-0.0037683605253196546	11.94636075	-4.56807225	-3.30311925	-4.07516925
prdx5	-0.0080839863703635	-138.926	189.57500000000005	-28.05699999999996	-22.591999999999985
prkcd	-0.003480121633368196	11.897500000000008	-13.704499999999996	2.3855000000000075	-0.5785000000000196
prkcd	-0.003480121633368196	0.5488250000000008	1.1134249999999994	5.287025	-6.949275
prmt1	0.006269117816521155	-39.06275000000005	66.61325	-284.02375000000006	256.47325
prpf8	0.003521223493869841	150.04624999999987	-39.83874999999995	-130.49974999999995	20.29225000000008
prps1	0.003263215235978889	-381.52399999999994	572.6540000000001	46.92700000000002	-238.0569999999998
psap	-0.03493251022233348	83.23750000000007	-129.16649999999993	150.45150000000012	-104.52249999999992
psap	-0.03493251022233348	19.51075	-28.124250000000046	20.003749999999997	-11.390250000000009
psat1	0.008820566344101319	-60.012999999999806	183.84900000000005	-352.933	229.09699999999998
psat1	0.008820566344101319	3.1647500000000264	179.78875000000005	-470.48425	287.53075
psma1	0.003403308819112481	-53.554999999999836	2.0950000000000273	-134.5949999999998	186.05500000000006
psma1	0.003403308819112481	1.3560850000000002	0.5409849999999992	-3.2017549999999995	1.3046849999999992
psma1	0.003403308819112481	9.804000000000002	4.319100000000006	-8.271499999999996	-5.851599999999994
psma1	0.003403308819112481	16.208675	-3.108625	-6.490825000000001	-6.609225000000002
psma2	0.0041178839862742785	-115.0925000000002	66.80749999999989	-153.4425000000001	201.72749999999996
psma6	0.006927072368213182	-334.8425	488.5374999999999	-147.59249999999997	-6.102499999999964
psma6	0.006927072368213182	-0.18646749999999912	4.496532500000001	0.3378325000000011	-4.647897499999999
psma6	0.006927072368213182	-16.552425	19.879274999999993	6.519075000000001	-9.845925000000008
psma6	0.006927072368213182	-213.82749999999987	497.4725000000003	-272.7974999999997	-10.847499999999854
psma7	0.007169965330173662	-6.544999999999845	78.36500000000001	-270.06500000000005	198.24500000000012
psma7	0.007169965330173662	-10.08624999999995	36.17274999999995	-231.64924999999994	205.56275000000005
psmb4	0.006869287665681013	195.80000000000018	141.40999999999985	-537.1599999999999	199.95000000000027
psmb4	0.006869287665681013	37.76000000000022	-60.36999999999989	-142.90999999999985	165.51999999999998
psmb6	0.004718493637615978	181.20625000000007	-117.61374999999998	-53.385749999999916	-10.20675000000017
psmb7	0.003484425069318328	-50.69225	-14.184249999999992	-4.7722499999999854	69.64875
psmc2	0.003956095297319225	-38.362499999999955	5.577499999999873	-184.60249999999996	217.38750000000005
psmc2	0.003956095297319225	228.03750000000014	-62.4224999999999	-433.7225000000001	268.10749999999985
psmc2	0.003956095297319225	4.562267500000001	-2.3371625	1.5257675000000006	-3.750872499999998
psmc3	0.0039513920986900325	86.07249999999999	-174.34750000000008	-23.6875	111.96249999999986
psmc4	0.0039761458445117135	21.632499999999936	-67.72749999999996	-386.22749999999996	432.3225
psmc4	0.0039761458445117135	-59.071249999999964	92.21674999999999	-54.718249999999955	21.572750000000042
psmc5	0.004791501892917819	-84.14750000000004	97.4665	1.9714999999999918	-15.290500000000065
psmd3	0.0031943730647829268	75.14449999999994	-14.237500000000068	-95.37550000000005	34.46849999999995
psmd7	0.004131386300037452	16.640875	-3.916924999999999	-5.884625	-6.839324999999995
psmd7	0.004131386300037452	-100.97450000000003	38.1395	-86.93350000000004	149.76849999999996
psmd7	0.004131386300037452	-0.4327350000000001	-3.9717249999999997	3.341875000000001	1.0625850000000003
psme3	0.0040713238865394	-6.828400000000002	9.094000000000001	-3.5558000000000014	1.2901999999999987
psme3	0.0040713238865394	-17.28652500000001	50.67647500000004	-74.53942499999997	41.149475000000024
psme3	0.0040713238865394	-1.47757175	3.9076422500000003	-0.99963775	-1.43043275
ptbp1	0.005106896135775401	177.0429999999999	-159.91500000000008	-226.3409999999999	209.21299999999997
ptbp1	0.005106896135775401	1.7841174999999971	-4.968182500000001	-9.237752500000001	12.4218175
ptbp1	0.005106896135775401	20.631574999999998	-9.305125000000004	-26.314025	14.987574999999993
rac2	-0.0070074340474289105	199.67499999999995	-170.30500000000006	85.69499999999994	-115.06500000000005
rac2	-0.0070074340474289105	22.340450000000004	-16.91535	1.5869500000000016	-7.012049999999999
ran	0.003651083204539974	473.3300000000004	41.38999999999987	-962.3299999999999	447.6100000000001
ran	0.003651083204539974	208.0875000000001	364.5175000000004	-1358.9924999999998	786.3874999999998
ran	0.003651083204539974	-2.3697957499999998	5.10491425	-3.6496927499999994	0.9145742500000007
ran	0.003651083204539974	373.3900000000003	188.40000000000055	-1204.8799999999997	643.0900000000001
ran	0.003651083204539974	380.2599999999993	42.7199999999998	-1060.3600000000001	637.3800000000001
ran	0.003651083204539974	-5.9807500000000005	39.23525000000001	-143.63875000000002	110.38425000000001
ranbp1	0.009909037359424621	-24.50850000000014	211.79149999999981	-797.7645000000001	610.4815000000001
rasa3	-0.0035200242694824204	448.8515	-378.4224999999999	-30.929499999999962	-39.49950000000001
rasgrp2	-0.002864760503676186	455.67712500000005	-201.637575	-198.872675	-55.16687500000003
rasgrp2	-0.002864760503676186	159.390575	-104.84942500000001	-124.07472499999999	69.53357500000004
rasgrp2	-0.002864760503676186	168.920875	-110.871825	-124.394925	66.345875
rasgrp2	-0.002864760503676186	81.861215	-39.93694500000001	-32.551685000000006	-9.372585000000008
rassf2	-0.002427652047369905	80.22849999999997	-71.5195	79.57149999999999	-88.2805
rassf2	-0.002427652047369905	21.703580000000002	-18.40384	8.095280000000002	-11.395019999999999
rassf2	-0.002427652047369905	1.211125000000001	-1.076575	1.5664250000000006	-1.7009749999999997
rcc2	0.00921838810915668	29.182750000000055	-17.703250000000025	-10.066250000000025	-1.4132500000000618
rcc2	0.00921838810915668	7.539249999999981	31.078249999999997	-58.115750000000006	19.498249999999985
rin3	-0.0032662468919168698	57.753725	-46.874075	29.350724999999997	-40.230374999999995
rnf130	-0.003541737738470622	-185.056	72.10899999999998	170.365	-57.418000000000006
rnf130	-0.003541737738470622	0.35658499999999993	-1.6181450000000002	2.857255	-1.595695
rpl22	0.004323898352795293	283.21249999999964	-174.59749999999985	270.47249999999985	-379.08750000000055
rpl22	0.004323898352795293	-36.42975000000001	52.50525000000002	59.647250000000014	-75.72274999999996
rpl22	0.004323898352795293	309.58749999999964	-855.6625000000004	998.4574999999995	-452.3825000000006
rps2	0.008156946218282017	657.9099999999999	-732.9200000000001	415.10000000000036	-340.09000000000015
rps2	0.008156946218282017	485.1350000000002	-582.0549999999994	520.6250000000009	-423.704999999999
rps8	0.003872619652681144	501.7574999999997	-386.16250000000036	257.3274999999994	-372.9225000000006
rps8	0.003872619652681144	1102.7774999999992	-1113.3525	544.0574999999999	-533.4825000000001
rps8	0.003872619652681144	252.29750000000058	-436.59249999999975	845.2975000000006	-661.0024999999996
rsl1d1	0.007028703424874312	-109.84525000000002	213.37775	-145.15125	41.61874999999998
ruvbl2	0.004258394275263877	7.183149999999998	17.36914999999999	-40.43445000000001	15.882149999999996
s100a4	-0.008760246786925463	-341.34502499999996	-418.33892499999996	139.54197500000004	620.141975
sars	0.005259973062087486	29.66550000000001	82.7765	-100.3125	-12.129500000000007
sars	0.005259973062087486	46.42775000000006	110.26774999999998	-121.08224999999999	-35.613249999999994
selplg	-0.007880537859975393	286.625	-244.4749999999999	-188.95499999999993	146.80500000000006
serbp1	0.006684387808911195	-63.78450000000004	92.53150000000005	-67.44350000000003	38.69649999999996
serbp1	0.006684387808911195	-1.9400000000000546	268.9699999999998	-155.46000000000004	-111.57000000000016
serbp1	0.006684387808911195	-2.2411750000000055	13.717524999999995	-17.253075000000003	5.776724999999999
serbp1	0.006684387808911195	333.7325000000001	-15.06750000000011	-65.47749999999996	-253.1875
serbp1	0.006684387808911195	-9.146124999999998	7.433475000000001	-11.205924999999997	12.918575000000004
serbp1	0.006684387808911195	-1.8646249999999966	-3.4334249999999997	-3.8091250000000016	9.107174999999998
serinc3	-0.008814699358766909	373.7574999999997	-578.8825000000002	-896.4025000000001	1101.5274999999997
serinc3	-0.008814699358766909	-3.1365000000000407	-75.74749999999999	-44.33949999999999	123.22350000000003
serinc3	-0.008814699358766909	-19.908749999999998	-196.99775	-99.08875	315.99524999999994
serinc3	-0.008814699358766909	-6.6694749999999985	-18.872974999999997	-13.546374999999998	39.088825
serinc3	-0.008814699358766909	461.1399999999994	-748.7500000000005	-604.8500000000004	892.4599999999996
serinc3	-0.008814699358766909	2.645249999999976	-173.82875	-128.05875000000003	299.24225
serpinb1a	-0.0024426735213383018	-517.6041025	835.6913675000001	-314.7666325	-3.320632499999988
serpinb1a	-0.0024426735213383018	-62.70787999999999	112.46076000000001	-41.786739999999995	-7.966139999999989
sf3b3	0.0038685932833988287	41.12525000000005	-2.9947500000000105	-63.05775000000003	24.927249999999958
sf3b3	0.0038685932833988287	41.13927500000001	-14.87492499999999	-20.390424999999993	-5.873924999999986
sf3b5	0.0033821255707350787	114.59999999999991	-262.3900000000001	-238.44000000000005	386.23
sf3b5	0.0033821255707350787	1.1965624999999998	-1.5090175000000001	1.3816024999999996	-1.0691475000000001
sf3b5	0.0033821255707350787	137.39324999999997	-73.36475000000007	-204.84875	140.82025
sirpa	-0.003838147317609064	2.2796575	-4.3590425	1.0617875000000003	1.0175975
sirpa	-0.003838147317609064	8.510901	-0.3327990000000005	-4.263920000000001	-3.9141820000000003
sirpa	-0.003838147317609064	-0.8419924999999999	-0.10911250000000017	-5.7459525	6.6970575
skap2	-0.0031733051294633285	-196.976	26.745000000000005	139.86200000000002	30.36899999999997
skap2	-0.0031733051294633285	-13.2513725	1.8366575000000012	9.941257499999999	1.4734574999999985
skap2	-0.0031733051294633285	-80.0623	-5.826899999999995	117.00110000000001	-31.11189999999999
slc1a5	0.004469019780836482	40.97024999999999	-37.89275000000001	-29.892750000000007	26.815249999999992
slc1a5	0.004469019780836482	3.3481999999999985	4.629399999999997	-5.0944	-2.883200000000002
slc25a5	0.004590400150320611	62.19250000000011	-0.3975000000000364	119.45249999999987	-181.24749999999995
slc25a5	0.004590400150320611	-521.2525	542.0974999999999	146.69749999999976	-167.54250000000002
slc25a5	0.004590400150320611	-173.1300000000001	163.64999999999964	115.48000000000002	-106.0
slc25a5	0.004590400150320611	-159.30000000000018	216.42000000000007	89.69999999999982	-146.82000000000016
slc25a5	0.004590400150320611	-148.3655000000001	438.8744999999999	-374.89350000000024	84.38449999999989
slc25a5	0.004590400150320611	-123.72124999999994	139.91974999999985	-43.64124999999996	27.442750000000046
slc25a5	0.004590400150320611	-257.04499999999985	426.84500000000025	-170.5949999999998	0.7950000000000728
slc25a5	0.004590400150320611	-110.87850000000003	294.7075	-204.45349999999996	20.624500000000012
slc3a2	0.005582087805016261	-39.883749999999964	14.820250000000016	-10.576749999999976	35.64025000000004
slc7a1	0.005102389504386825	2.9926042499999994	-2.61883575	-3.84280275	3.46903425
slc7a1	0.005102389504386825	-82.35024999999996	202.69174999999996	-226.63125000000002	106.28975000000003
slc7a1	0.005102389504386825	-34.84849999999997	87.2055	-113.83649999999999	61.4795
slc7a5	0.008386048086083519	-117.77260000000003	111.52979999999997	-170.127	176.3698
slfn1	-0.008193679069102067	76.61197500000002	-55.893224999999994	53.65297500000001	-74.371725
slfn1	-0.008193679069102067	2.33232325	-3.72950975	-1.0432367500000002	2.4404232499999985
slpi	-0.005678447590871711	219.1818075	-62.96869250000001	-103.49942250000001	-52.71369250000001
smpdl3a	-0.004038487166306353	225.036	-255.13599999999997	86.23500000000007	-56.13499999999999
snhg1	0.01569394668760916	-273.5774999999999	237.79250000000025	538.3025	-502.5174999999999
snhg1	0.01569394668760916	-341.35524999999984	205.73475000000008	744.6347500000002	-609.0142499999998
snhg1	0.01569394668760916	-45.05825000000003	132.01075000000006	-54.694250000000025	-32.25825000000003
snhg1	0.01569394668760916	-193.12750000000005	329.1125000000002	372.6424999999999	-508.62750000000005
snhg1	0.01569394668760916	-31.605075000000014	94.735525	-51.80807500000002	-11.322375000000022
snhg12	0.003271794614294356	-87.4495	182.59049999999996	48.32650000000001	-143.46749999999997
snhg6	0.005854127501398577	-135.27750000000015	259.0224999999998	-141.9775000000002	18.232499999999845
snrpb	0.008495253869982797	99.82324999999992	1.8422500000002628	-210.23674999999992	108.57125000000008
snrpb	0.008495253869982797	287.6624999999999	170.4425000000001	-491.2674999999999	33.16249999999991
snrpd3	0.006463194102199758	305.53475000000003	116.36474999999996	-727.25425	305.35474999999997
snrpd3	0.006463194102199758	-0.2099624999999996	0.5618275000000006	-5.370122499999999	5.018257500000001
snx3	0.00516378930251991	-120.66249999999991	-7.292500000000018	-228.27250000000004	356.22749999999996
socs1	0.0056398131559542465	14.687250000000006	6.739850000000004	-24.69444999999999	3.2673500000000075
socs1	0.0056398131559542465	-15.158224999999995	8.99967500000001	-39.81572499999999	45.974275000000006
sorl1	-0.0037732563076954963	-39.424825	-54.16332499999999	93.15957499999999	0.42857500000000925
sorl1	-0.0037732563076954963	-50.40845	-40.04745	102.94995	-12.494050000000001
sorl1	-0.0037732563076954963	-4.05425	-6.743549999999999	13.673750000000002	-2.8759499999999996
sp100	-0.0030661370015135714	81.875575	-80.554725	34.658574999999985	-35.97942499999999
sp100	-0.0030661370015135714	49.65899999999999	-98.44800000000004	75.584	-26.795000000000016
srm	0.007432084142590663	-24.387249999999995	122.90174999999999	-131.25225	32.737750000000005
srsf1	0.003342621186329173	111.4050000000002	-181.63499999999976	-531.4249999999997	601.6550000000002
srsf1	0.003342621186329173	26.182250000000124	9.885250000000042	-81.52474999999998	45.457250000000045
srsf1	0.003342621186329173	19.485000000000127	-9.704999999999927	-178.20499999999993	168.42500000000018
srsf1	0.003342621186329173	1.3274999999998727	-63.72250000000031	-378.02250000000004	440.4175
srsf1	0.003342621186329173	-29.369500000000016	61.767499999999984	-11.640499999999975	-20.757499999999993
srsf1	0.003342621186329173	-9.920000000000073	51.1099999999999	-340.68000000000006	299.4899999999998
srsf1	0.003342621186329173	-0.25479250000000064	-6.1326425	4.9179175	1.4695175000000003
ssb	0.004610434291011959	-162.55475000000013	187.18225000000007	-68.7527500000001	44.12525000000005
ssb	0.004610434291011959	-58.972249999999974	154.38175	-101.70724999999999	6.297750000000008
ssb	0.004610434291011959	-21.987499999999983	54.82850000000002	-15.525499999999965	-17.315499999999986
ssb	0.004610434291011959	-196.49325	176.64475000000004	-106.91425000000015	126.76275000000021
ssr2	0.003484305459511401	-9.946500000000015	66.08850000000001	-102.8055	46.6635
ssrp1	0.005425564621864585	75.87999999999988	181.92000000000007	-388.4000000000001	130.5999999999999
ssrp1	0.005425564621864585	43.321000000000026	118.14800000000002	-235.59399999999994	74.125
ssrp1	0.005425564621864585	-281.2774999999997	381.13250000000016	-390.19749999999976	290.3425000000002
st13	0.0066139309646669215	5.7730999999999995	-8.247	-0.46660000000000323	2.9405
st13	0.0066139309646669215	-210.28175000000005	14.895250000000146	180.01524999999992	15.371249999999918
st13	0.0066139309646669215	-127.983	69.77000000000004	29.464	28.74900000000008
stat1	0.004978092518059517	-177.8865	31.840500000000077	113.99149999999997	32.054500000000075
stat1	0.004978092518059517	2.0842499999999973	-16.13875	12.29925	1.7552499999999895
stat1	0.004978092518059517	-384.2635000000001	145.67349999999988	155.1975000000001	83.39249999999993
stat1	0.004978092518059517	-404.85524999999996	35.87975000000006	374.3577500000001	-5.382249999999999
stat5a	0.006315054076747395	-26.783249999999967	-0.16625000000001933	59.46975000000003	-32.520249999999976
stat5a	0.006315054076747395	-15.748825	4.118574999999996	16.857775	-5.227525
stip1	0.008712736365151937	-4.123500000000007	51.414499999999975	-91.10350000000001	43.8125
stk17b	-0.0037389478178985313	663.5475000000001	-95.64249999999993	-396.8025	-171.10249999999996
stk17b	-0.0037389478178985313	364.89074999999985	-108.58024999999998	-163.50724999999997	-92.80324999999999
stk17b	-0.0037389478178985313	401.4375000000002	95.35750000000007	-162.6624999999999	-334.13249999999994
stk38	-0.002450163327908325	714.21625	-469.40875000000005	132.45624999999995	-377.2637500000001
stk38	-0.002450163327908325	41.293725	-20.592375000000004	-4.456275000000005	-16.245075000000003
stk38	-0.002450163327908325	77.05590000000004	-41.873300000000015	-12.050000000000011	-23.13260000000001
sun2	-0.0069292332291774105	186.06175000000007	-237.3372499999997	344.10175000000004	-292.82624999999996
sun2	-0.0069292332291774105	21.053600000000003	-28.229699999999994	36.17360000000001	-28.997499999999988
taldo1	-0.009500742320884636	100.92824999999993	-92.11174999999992	-42.67475000000013	33.858249999999884
tcn2	-0.002877256287187181	-15.852	-8.7254	28.3213	-3.7439
tcn2	-0.002877256287187181	-109.38725	-59.391250000000014	188.35274999999996	-19.574250000000006
tcn2	-0.002877256287187181	-72.071	-4.76099999999991	113.32799999999997	-36.49599999999998
tcn2	-0.002877256287187181	0.9750750000000039	-10.15592499999999	22.724575	-13.543724999999995
tcn2	-0.002877256287187181	-10.991274999999995	-19.798575	29.890425000000008	0.8994250000000079
tcp1	0.008950527735342575	-376.5174999999997	792.2525	-575.3074999999999	159.57250000000022
tcp11l2	-0.0027889566430601823	18.497499999999945	-105.28749999999997	291.5614999999999	-204.77150000000006
tfrc	0.004036629510636524	-34.72490000000002	15.627099999999984	-133.21730000000002	152.31509999999997
tfrc	0.004036629510636524	-37.35435000000001	-16.467650000000013	-59.23285000000001	113.05485000000002
tfrc	0.004036629510636524	-248.46749999999975	290.2025000000003	-1375.3074999999997	1333.5725000000002
tfrc	0.004036629510636524	-38.49175000000001	11.790149999999997	-96.74355000000001	123.44514999999998
tfrc	0.004036629510636524	-45.245200000000004	-4.518299999999996	-59.361599999999996	109.12509999999999
tfrc	0.004036629510636524	-13.338377500000004	1.8956224999999947	-32.1542675	43.597022499999994
tgfbi	-0.002827258063934106	-31.948686999999996	-16.447280999999997	79.205719	-30.809751
tgfbi	-0.002827258063934106	-56.24042500000001	-22.222715000000008	138.124885	-59.66174500000001
tgfbi	-0.002827258063934106	-129.53949250000002	-85.22418250000001	344.86341749999997	-130.09974250000002
tgfbi	-0.002827258063934106	-139.21517	-93.49611000000002	370.27959	-137.56831
thbs1	-0.006488423689292169	-77.54491999999999	-75.25296999999998	227.09744	-74.29954999999998
thbs1	-0.006488423689292169	-1.8508249999999986	-7.772294999999999	11.652265	-2.0291449999999998
thbs1	-0.006488423689292169	-13.5058025	-8.670952499999999	34.4391375	-12.262382500000001
tmem71	-0.0030862708465883024	628.8444999999999	-232.71550000000002	322.22450000000003	-718.3534999999999
tnf	0.00321809511543717	-45.1819	129.1218	-61.924099999999996	-22.0158
tnfaip8l2	-0.0023731145186642287	209.8895	-143.59450000000004	71.76149999999984	-138.0564999999998
tnfrsf18	0.008376739303873915	-476.1289999999999	240.34100000000012	-1073.413	1309.2010000000002
tnfrsf1a	-0.002370566943587529	-23.517250000000047	-46.00825000000003	112.02175000000005	-42.49625000000003
tnfrsf4	0.013275606143759364	-723.5165000000001	390.2035000000001	-718.9305	1052.2435
tnfrsf9	0.005279699768424823	-170.683055	63.867245	-183.931435	290.747245
tnfrsf9	0.005279699768424823	-108.50148250000001	32.67561749999999	-128.8947525	204.7206175
tnfsf11	0.00808627509379825	-26.714574999999996	-49.989374999999995	-30.006275000000002	106.710225
tnfsf11	0.00808627509379825	-7.0541575	-4.779747499999999	-0.09389749999999886	11.927802500000002
tnfsf8	0.004160647943452791	0.16842500000001337	-54.408574999999985	289.430425	-235.19027499999999
tomm40	0.0038774525453693547	-5.389300000000006	49.82589999999999	-46.8755	2.438900000000018
trim28	0.004061009500665316	57.67525000000006	-41.57175000000001	-28.098749999999995	11.995249999999999
trim28	0.004061009500665316	175.03824999999995	-136.2507499999998	-88.59074999999996	49.80325000000005
trp53	0.004488099687838012	-28.366215	31.423804999999987	-0.8177950000000038	-2.239795000000001
trp53	0.004488099687838012	-12.271825	19.271075000000003	-9.603724999999997	2.6044750000000008
trp53	0.004488099687838012	9.386949999999999	12.039050000000003	-6.6488499999999995	-14.777149999999999
trp53	0.004488099687838012	2.1385665000000014	-3.8661695000000003	4.203956499999999	-2.4763535
trp53	0.004488099687838012	1.4686700000000013	1.9895700000000023	0.2173700000000025	-3.67561
trp53	0.004488099687838012	2.3420170000000002	-0.8336749999999999	-0.786092	-0.72225
trp53	0.004488099687838012	-0.66196225	2.17848075	-0.74058625	-0.77593225
txn2	0.004432749155582893	18.840249999999997	-5.612749999999991	-1.59375	-11.633749999999992
txn2	0.004432749155582893	-0.607900000000015	14.397599999999997	-5.937100000000015	-7.85260000000001
txn2	0.004432749155582893	16.328249999999997	-9.178750000000008	-10.322750000000013	3.173249999999996
uba1	0.004241995127915461	-2.79626	7.010579999999999	-2.2386300000000006	-1.9756900000000002
uba1	0.004241995127915461	-143.98950000000002	305.2515	-18.508500000000026	-142.75350000000003
ube2m	0.003147397585463245	-4.5292499999999905	23.124750000000034	-27.253249999999994	8.657750000000021
ube2m	0.003147397585463245	3.327425	2.364025	-1.9415749999999985	-3.7498749999999994
unc93b1	-0.003388534126098152	-2.7673024999999996	-3.9114725000000004	-2.8728925000000007	9.551667499999999
uqcr10	0.0039783130079654	131.34450000000004	-53.181499999999915	-143.95249999999976	65.78950000000009
uqcr10	0.0039783130079654	-4.162500000000023	-4.693499999999972	-23.750500000000017	32.60649999999998
uqcr10	0.0039783130079654	48.089999999999975	-26.267000000000053	-38.166000000000054	16.34299999999996
uqcrc2	0.004072276565031667	-119.5949999999998	130.6650000000002	199.5050000000001	-210.57499999999982
uqcrc2	0.004072276565031667	1.0349999999998545	194.8149999999996	64.55499999999984	-260.4050000000004
uqcrfs1	0.003491888335276206	47.68999999999983	121.29999999999995	-234.87000000000012	65.87999999999988
vamp8	-0.003178271290197663	-61.47574999999995	-53.318750000000136	75.19725000000005	39.59725000000003
ybx1	0.005993056638415869	228.14249999999993	-179.85750000000007	-506.7975000000001	458.5124999999998
ybx1	0.005993056638415869	-1.4917275000000003	-2.3074275	2.9172525	0.8819025000000003
ybx1	0.005993056638415869	6.700899999999997	-2.0527000000000015	-7.807400000000001	3.1591999999999985
ypel3	-0.008011909007962049	-104.09274999999997	-180.60174999999998	619.3032499999999	-334.60875
ywhae	0.008528665589827128	-3.8077499999999986	22.528249999999957	-95.03075000000001	76.31025
ywhae	0.008528665589827128	-100.94349999999997	82.43449999999984	-156.38049999999998	174.8895
ywhae	0.008528665589827128	-65.92125000000004	83.06474999999995	-150.16625000000005	133.02274999999997
ywhae	0.008528665589827128	30.489499999999907	63.702499999999986	-186.86950000000002	92.67750000000012
zyx	-0.004891651090176708	19.64302500000001	-33.800574999999995	16.553025000000005	-2.3954750000000047
zyx	-0.004891651090176708	-3.6829150000000013	3.305884999999998	7.529484999999999	-7.152455000000001
