8978	chr14	54217146	54237264	0
8997	chr4	43963655	43974627	0
9004	chr11	52292523	52301865	0
9023	chr9	123927119	123933353	0
9055	chr13	85503560	85509972	0
9057	chr15	55842121	55848875	0
9065	chr10	96720129	96726111	0
9066	chr13	111474657	111481691	0
9087	chr4	129736107	129741277	0
9099	chr2	122374859	122378677	0
9117	chr2	150310150	150316256	0
9133	chr7	104286612	104292550	0
9140	chr2	52419436	52423676	0
9217	chr6	99519940	99524102	0
9335	chr11	46084513	46088357	0
9354	chr12	52829300	52832818	0
9420	chr4	32351218	32353512	0
9439	chr7	132931155	132933143	0
9529	chr5	65856947	65859683	0
9538	chr13	43441205	43443839	0
9551	chr11	45794309	45796315	0
9555	chr8	46751861	46754383	0
9569	chr1	95656456	95658704	0
9717	chr6	90740779	90743129	0
9770	chr15	99340961	99342969	0
9791	chr9	115623434	115625270	0
9864	chr14	118690636	118692432	0
9899	chr13	107952662	107955526	0
9901	chr1	80670228	80672110	0
9904	chr6	145090096	145092920	0
9925	chr5	113670493	113672845	0
10005	chr12	73341702	73343088	0
10046	chr2	3418504	3419728	0
10056	chr1	52652474	52653828	0
10096	chr15	98627873	98629749	0
10130	chr1	34834287	34836219	0
10165	chr10	111214177	111216083	0
10171	chrX	11663779	11666275	0
10222	chr9	21160623	21162395	0
10224	chr19	3768660	3769422	0
10226	chr1	179559478	179561534	0
10287	chr5	23439586	23441776	0
10302	chr11	100626195	100627459	0
10370	chr16	13796115	13797369	0
10382	chr9	110907094	110908354	0
10386	chr12	102308134	102309340	0
10389	chr18	75410510	75411568	0
10390	chr1	80409414	80411276	0
10392	chr3	89801036	89802334	0
10411	chr9	32736131	32737509	0
10415	chr11	99188705	99190239	0
10436	chr3	146583565	146584467	0
10466	chr5	148594815	148596329	0
10469	chr10	81036405	81037975	0
10473	chr12	36135654	36136882	0
10474	chr13	101710937	101712031	0
10475	chr15	76189715	76191013	0
10492	chr1	191382314	191384636	0
10494	chr4	133158857	133159693	0
10518	chr17	52165066	52166302	0
10527	chr11	23762278	23764030	0
10569	chr8	111549573	111550921	0
10573	chr10	18139136	18139888	0
10595	chr16	22468054	22469090	0
10604	chr6	3385889	3387137	0
10659	chr1	189855126	189856542	0
10714	chr4	40882367	40883197	0
10727	chr12	73624061	73625223	0
10753	chr14	101510222	101511542	0
10771	chr3	60534368	60535498	0
10773	chr5	43807541	43808611	0
10790	chr19	53869936	53871020	0
10801	chr7	58568403	58569607	0
10816	chr17	23742049	23743197	0
10819	chr19	45789762	45791062	0
10843	chr2	152774920	152776180	0
10855	chr11	11878429	11879211	0
10858	chr16	11652394	11653304	0
10877	chrX	159735938	159737826	0
10890	chr9	118678848	118679756	0
10891	chr11	62751633	62752415	0
10898	chr18	46201007	46201761	0
10906	chr9	14925719	14926631	0
10908	chr9	99559819	99561053	0
10930	chr7	99889564	99890324	0
10957	chr6	86599432	86600418	0
10970	chr19	3567599	3568761	0
10972	chr1	125473465	125474581	0
10973	chr2	29110443	29111953	0
10974	chr3	75713631	75714591	0
10977	chr6	49021608	49022512	0
10993	chr4	32348887	32349855	0
10998	chr9	96787644	96788144	0
11000	chr10	19504633	19505529	0
11048	chr1	80416113	80416951	0
11061	chr14	75516322	75517178	0
11067	chr17	23585864	23586796	0
11071	chr3	107080954	107081708	0
11079	chr9	32613044	32614010	0
11080	chr9	78073190	78074134	0
11085	chr11	114875456	114876236	0
11090	chr14	67057118	67058154	0
11099	chr3	59203978	59205044	0
11105	chr6	134147795	134148633	0
11117	chr14	122223583	122224263	0
11119	chr16	90043471	90044131	0
11126	chr2	32550155	32551533	0
11138	chr7	72269682	72270680	0
11143	chr8	105640053	105640981	0
11158	chr3	52390457	52391707	0
11163	chr6	108552595	108553395	0
11192	chr4	8691467	8692867	0
11194	chr6	99200146	99201052	0
11209	chr18	46515093	46516199	0
11216	chr5	96979800	96980634	0
11221	chr8	75081443	75082867	0
11228	chr11	107529378	107530278	0
11229	chr12	76866774	76867562	0
11233	chr16	44546731	44547357	0
11241	chr18	75502330	75503116	0
11244	chr1	55018924	55020114	0
11255	chr8	4677002	4677752	0
11257	chr9	40397049	40397673	0
11272	chr5	117953716	117954536	0
11274	chr6	83381515	83382279	0
11306	chr11	21549673	21550697	0
11338	chr11	80479549	80481467	0
11351	chr3	89319799	89320821	0
11356	chr6	83456828	83457328	0
11358	chr6	115559605	115560675	0
11359	chr6	129225227	129225957	0
11378	chr15	82152720	82153474	0
11382	chr17	83906290	83906924	0
11396	chr2	160779922	160780754	0
11403	chr6	51362459	51362959	0
11404	chr6	127574231	127574865	0
11407	chr7	104348039	104349339	0
11410	chr10	45820956	45821456	0
11411	chr10	60028189	60029081	0
11420	chr15	58654858	58655358	0
11423	chr18	54482949	54483703	0
11424	chrX	96104383	96105963	0
11427	chr2	30527040	30527676	0
11446	chr11	86371142	86371776	0
11463	chr6	145853335	145854017	0
11470	chr9	67813138	67814036	0
11473	chr10	83644086	83644738	0
11476	chr13	43473771	43474435	0
11479	chr15	6518830	6520074	0
11485	chr1	119712484	119713510	0
11488	chr3	9719104	9719896	0
11491	chr4	88877862	88878362	0
11507	chr12	107748741	107749987	0
11513	chr16	45794605	45795675	0
11516	chr18	24046346	24047250	0
11522	chr5	32745477	32746633	0
11523	chr5	100079391	100079891	0
11530	chr9	7767611	7768111	0
11531	chr10	39455699	39456347	0
11538	chr13	60611847	60612777	0
11540	chr14	21526035	21526761	0
11541	chr15	3356181	3356681	0
11543	chr16	95999374	96000136	0
11545	chr17	26228028	26228528	0
11546	chr18	64527170	64527670	0
11553	chr2	167446111	167447057	0
11558	chr4	121200270	121201690	0
11562	chr5	148673830	148674640	0
11564	chr8	31115536	31116036	0
11565	chr8	31176693	31177193	0
11566	chr8	128165762	128166612	0
11568	chr9	61662253	61662753	0
11570	chr10	19521477	19521977	0
11576	chr11	17191828	17192462	0
11577	chr11	22936471	22937245	0
11578	chr11	116378933	116379821	0
11579	chr12	114615847	114616757	0
11581	chr13	92274511	92275409	0
11584	chr19	53169266	53169766	0
11585	chrX	107099926	107101670	0
11589	chr2	61169666	61170432	0
11593	chr3	69142505	69143257	0
11595	chr3	106828650	106829650	0
11608	chr15	5413803	5414601	0
11610	chr16	77028625	77029827	0
11619	chr1	6454437	6455115	0
11620	chr1	13301365	13301865	0
11621	chr1	21271459	21271959	0
11641	chr10	38884588	38885270	0
11645	chr11	50287253	50287753	0
11648	chr14	66195381	66195881	0
11660	chr4	6950243	6950743	0
11664	chr6	67169954	67170714	0
11672	chr11	80614372	80614872	0
11692	chr3	100819091	100819591	0
11707	chr9	77683640	77684404	0
11718	chr18	24214342	24214974	0
11721	chr19	28974860	28975486	0
11726	chr1	86471860	86472786	0
11727	chr1	161183658	161184284	0
11729	chr2	24744687	24745187	0
11731	chr2	83625654	83626280	0
11732	chr3	68973242	68974018	0
11734	chr3	131125755	131126387	0
11736	chr4	32238167	32238795	0
11739	chr5	3355752	3356412	0
11741	chr6	99269748	99270518	0
11751	chr9	103708254	103708754	0
11757	chr10	85502854	85503508	0
11763	chr13	112292278	112293056	0
11771	chr19	14668644	14669436	0
11772	chr19	57803012	57803512	0
11774	chr2	75563106	75563606	0
11776	chr3	35759541	35760041	0
11794	chr9	83727507	83728007	0
11798	chr10	81173015	81173515	0
11808	chr13	117236279	117237083	0
11815	chr1	95572828	95573328	0
11817	chr1	156420910	156421410	0
11829	chr5	118647339	118647839	0
11835	chr9	114740285	114741423	0
11841	chr11	77507907	77508551	0
11845	chr11	106540046	106540834	0
11851	chr15	5514183	5514683	0
11852	chr16	14354548	14355598	0
11855	chr17	79818235	79818877	0
11868	chr3	32406220	32406980	0
11871	chr3	104815107	104816071	0
11874	chr4	8759962	8760462	0
11876	chr4	87979182	87979814	0
11880	chr5	75033054	75033904	0
11881	chr5	97946397	97946897	0
11884	chr5	134214507	134215159	0
11898	chr10	62851868	62852368	0
11901	chr10	95680518	95681544	0
11902	chr11	49983930	49984430	0
11907	chr12	106290898	106291554	0
11910	chr14	75057403	75057903	0
11913	chr15	89283062	89283562	0
11923	chr1	59173302	59173950	0
11927	chr2	118907654	118908464	0
11929	chr2	172412013	172412513	0
11939	chr5	4911875	4912375	0
11946	chr7	29025288	29026068	0
11947	chr8	119585750	119586250	0
11949	chr10	20256843	20257343	0
11951	chr10	75322885	75324065	0
11952	chr10	111924030	111924530	0
11956	chr12	91736073	91736573	0
11959	chr13	52069909	52070823	0
11960	chr13	52617524	52618152	0
11961	chr13	73488986	73489486	0
11965	chr15	83056551	83057051	0
11969	chr16	90278740	90279240	0
11973	chr18	24099471	24100101	0
11976	chr19	32869263	32869763	0
11982	chr2	36158681	36159311	0
11987	chr3	69171142	69171642	0
11990	chr3	101233342	101233842	0
11995	chr4	106869358	106869858	0
12005	chr5	149776004	149776504	0
12011	chr7	110157602	110158102	0
12017	chr9	106752010	106752510	0
12018	chr10	25387279	25387779	0
12019	chr10	93068900	93069526	0
12021	chr11	64039579	64040079	0
12035	chr1	38557526	38558026	0
12036	chr1	39105544	39106044	0
12038	chr1	135673627	135674127	0
12043	chr2	125777153	125777653	0
12053	chr6	88086284	88087050	0
12060	chr9	96754408	96754908	0
12061	chr9	104243581	104244207	0
12063	chr10	118099767	118100267	0
12064	chr11	21223072	21223572	0
12066	chr11	104646495	104646995	0
12067	chr12	35896121	35896621	0
12071	chr15	9677175	9677815	0
12077	chr16	29945442	29946510	0
12078	chr16	43650342	43650984	0
12080	chr16	95198961	95199461	0
12084	chr18	36319215	36319715	0
12085	chr18	55050373	55050873	0
12086	chr18	56608937	56609437	0
12089	chr19	9954900	9955734	0
12091	chr19	45757404	45758284	0
12093	chr1	51591823	51592323	0
12094	chr1	87900633	87901385	0
12095	chr1	135827461	135828299	0
12096	chr1	136118870	136119370	0
12103	chr4	155195509	155196147	0
12104	chr5	28321677	28322177	0
12106	chr6	30052802	30053302	0
12108	chr7	64033114	64033886	0
12113	chr8	106068878	106069972	0
12114	chr8	116478091	116478719	0
12119	chr9	20765409	20765909	0
12121	chr9	47719128	47719914	0
12124	chr9	114948075	114948575	0
12127	chr11	20559565	20560195	0
12135	chr13	43864643	43865143	0
12137	chr14	53362263	53362891	0
12144	chr16	16946980	16947866	0
12145	chr16	23257727	23258667	0
12147	chr16	91963872	91964718	0
12151	chr17	83272224	83273322	0
12155	chr1	36930611	36931111	0
12156	chr1	69679384	69680184	0
12158	chr1	162295412	162295912	0
12163	chr3	82191602	82192438	0
12164	chr3	108713100	108713600	0
12180	chr10	39792650	39793410	0
12186	chr11	78864534	78865034	0
12190	chr13	103913491	103914165	0
12191	chr13	114843533	114844033	0
12192	chr14	78687304	78687934	0
12199	chr17	85874347	85874847	0
12200	chrX	42166927	42168061	0
12202	chrX	140526384	140527974	0
12203	chr1	126817677	126818177	0
12207	chr2	38480884	38481752	0
12210	chr2	93474861	93475491	0
12213	chr3	88664409	88664909	0
12214	chr4	8842730	8843354	0
12222	chr7	110109521	110110021	0
12227	chr9	106313248	106313748	0
12228	chr10	26322740	26323240	0
12236	chr12	17373318	17373818	0
12242	chr13	14113260	14114100	0
12246	chr13	101742772	101743576	0
12247	chr14	50981020	50981520	0
12249	chr15	6705592	6706092	0
12254	chr16	76865438	76866068	0
12255	chr17	17580664	17581422	0
12257	chr17	36843885	36844385	0
12265	chr1	21269807	21271195	0
12269	chr1	161793236	161793736	0
12270	chr2	3764166	3764666	0
12274	chr3	146044910	146045410	0
12285	chr7	42501567	42502067	0
12293	chr8	81502769	81503269	0
12294	chr9	15581582	15582222	0
12296	chr9	41105012	41105512	0
12297	chr9	64956137	64956637	0
12298	chr9	72989848	72990848	0
12303	chr10	39773933	39774433	0
12305	chr10	51529010	51529510	0
12307	chr10	68123458	68124416	0
12308	chr10	96706107	96706739	0
12311	chr12	84245225	84245725	0
12313	chr13	29755531	29756031	0
12321	chr17	8524551	8525051	0
12325	chr19	46629581	46630375	0
12335	chr2	13697499	13697999	0
12336	chr2	45017602	45018102	0
12337	chr2	112506337	112506837	0
12340	chr3	118507399	118507899	0
12341	chr3	152432055	152432555	0
12342	chr4	33720773	33721273	0
12346	chr5	63962001	63962501	0
12348	chr5	88499539	88500039	0
12349	chr5	100598029	100598529	0
12350	chr5	118090417	118091077	0
12351	chr6	24530161	24530661	0
12353	chr6	30226693	30227193	0
12355	chr6	38847838	38848338	0
12357	chr6	88202593	88203225	0
12358	chr6	124360917	124361417	0
12359	chr6	126811434	126812112	0
12363	chr7	89499750	89500508	0
12367	chr8	124270841	124271341	0
12372	chr10	40449633	40450405	0
12375	chr10	118112279	118113161	0
12376	chr10	122117015	122117515	0
12377	chr11	6669288	6670066	0
12379	chr11	32446024	32446524	0
12389	chr14	60123902	60124526	0
12390	chr15	36361752	36362252	0
12391	chr16	22466280	22466780	0
12396	chr17	3119970	3120596	0
12399	chr17	84328506	84329006	0
12403	chr1	38777364	38777864	0
12405	chr1	64135829	64136329	0
12406	chr1	74098381	74099007	0
12413	chr2	173227596	173228366	0
12416	chr4	152165247	152165747	0
12418	chr5	115415715	115416409	0
12419	chr5	144752767	144753267	0
12424	chr7	79138836	79139460	0
12428	chr10	29355206	29356102	0
12432	chr12	100203049	100203799	0
12436	chr14	13980921	13981421	0
12439	chr14	99266115	99266745	0
12441	chr15	61351600	61352100	0
12445	chr16	78217669	78218169	0
12450	chr18	75044109	75044609	0
12452	chr19	57126856	57127356	0
12464	chr4	133741237	133742005	0
12467	chr5	147474766	147475266	0
12469	chr6	53449113	53449767	0
12471	chr7	16003437	16003937	0
12474	chr7	126230580	126231080	0
12475	chr7	127923350	127924098	0
12477	chr9	44213181	44213815	0
12479	chr9	70351411	70352043	0
12480	chr9	72107847	72108829	0
12481	chr10	80995208	80995708	0
12485	chr11	68440741	68441365	0
12488	chr12	107134879	107135379	0
12489	chr13	58452773	58453563	0
12492	chr15	100019248	100019748	0
12495	chr16	55698498	55699410	0
12496	chr17	34086457	34087085	0
12498	chr17	48466884	48467534	0
12499	chr17	52118139	52118639	0
12504	chr19	43606551	43607461	0
12507	chr1	43534378	43534878	0
12514	chr2	27025713	27026523	0
12517	chr2	128301166	128301982	0
12524	chr4	155996347	155996847	0
12534	chr7	74495325	74495825	0
12541	chr8	119785780	119786280	0
12546	chr10	39522473	39522973	0
12548	chr10	120247614	120248240	0
12550	chr11	115452979	115453615	0
12551	chr12	3453494	3453994	0
12554	chr14	26534796	26535296	0
12558	chr15	74914599	74915099	0
12562	chr15	94254569	94255069	0
12565	chr16	45952635	45953285	0
12566	chr17	62603393	62604313	0
12567	chr18	35812422	35813314	0
12569	chr19	29659630	29660262	0
12573	chrX	159700849	159701793	0
12574	chr1	38724006	38724506	0
12576	chr1	54852478	54852978	0
12577	chr1	69331300	69331800	0
12581	chr2	75070672	75071460	0
12582	chr2	104386325	104386825	0
12585	chr3	52557029	52557679	0
12587	chr3	115687143	115687643	0
12588	chr3	131152014	131152654	0
12589	chr3	152261641	152262141	0
12593	chr4	129508729	129509623	0
12594	chr4	130774722	130775222	0
12600	chr5	134282413	134282913	0
12601	chr5	136460182	136460682	0
12602	chr6	15714771	15715271	0
12605	chr6	66470397	66470897	0
12614	chr9	76235868	76236518	0
12615	chr9	77607531	77608031	0
12616	chr9	118227003	118227503	0
12617	chr10	14049905	14050531	0
12618	chr10	28665089	28665589	0
12619	chr10	81407539	81408039	0
12622	chr11	33985197	33985971	0
12627	chr11	97151517	97152017	0
12630	chr12	33061978	33062602	0
12631	chr12	33306445	33306945	0
12632	chr12	54459349	54459849	0
12633	chr12	69733459	69733959	0
12634	chr13	44074142	44074972	0
12637	chr15	12424782	12425282	0
12638	chr15	36562955	36563627	0
12642	chr15	97391024	97391524	0
12643	chr15	101234800	101235524	0
12647	chr17	56148178	56148678	0
12649	chr18	39282072	39282572	0
12650	chr18	55380356	55380990	0
12653	chr19	47339140	47339640	0
12656	chr1	39710577	39711077	0
12657	chr1	69810759	69811259	0
12661	chr1	161376960	161377460	0
12662	chr1	173593411	173594349	0
12665	chr2	73278394	73278894	0
12666	chr2	77238463	77239089	0
12670	chr2	173385640	173386140	0
12671	chr2	180445228	180445870	0
12675	chr3	153258994	153259494	0
12679	chr4	58034657	58035157	0
12684	chr5	105132074	105132574	0
12685	chr5	125071694	125072360	0
12691	chr6	83477614	83478390	0
12692	chr6	86478318	86478818	0
12693	chr7	58542434	58542934	0
12694	chr8	18747639	18748139	0
12696	chr8	120697435	120697935	0
12697	chr9	44581402	44581902	0
12698	chr9	63713025	63713651	0
12700	chr9	70491343	70491843	0
12703	chr10	7846228	7846728	0
12704	chr10	19241468	19242094	0
12706	chr10	80669020	80669838	0
12708	chr10	96325500	96326000	0
12710	chr11	21176310	21176810	0
12712	chr11	120227242	120227742	0
12715	chr12	40530161	40530661	0
12718	chr12	114909689	114910189	0
12720	chr14	25032897	25033397	0
12724	chr15	78547350	78547850	0
12734	chr18	63688419	63689193	0
12735	chr18	89209805	89210305	0
12736	chr19	36227436	36228078	0
12738	chrX	105917576	105919056	0
12739	chr1	80324545	80325045	0
12748	chr4	32936489	32937119	0
12751	chr4	133775112	133775612	0
12753	chr6	31087787	31088287	0
12754	chr6	41104668	41105168	0
12755	chr6	116004491	116005253	0
12757	chr7	97172117	97172617	0
12758	chr7	101361195	101361695	0
12765	chr9	48837230	48838074	0
12767	chr9	72014877	72015377	0
12769	chr9	122508087	122508711	0
12770	chr10	44427144	44427644	0
12773	chr10	128757381	128757881	0
12775	chr11	55141430	55141930	0
12778	chr12	83375674	83376590	0
12780	chr13	9637327	9638107	0
12782	chr13	92638563	92639351	0
12789	chr15	99056304	99056938	0
12790	chr16	89825742	89826542	0
12792	chr17	23620446	23621218	0
12795	chr17	88508750	88509386	0
12796	chr18	6251963	6252463	0
12797	chr19	3570469	3571115	0
12799	chrX	48443999	48444939	0
12803	chr1	170161013	170161513	0
12810	chr4	141929262	141929762	0
12816	chr6	71050155	71050787	0
12820	chr7	82834887	82835387	0
12823	chr8	36171027	36171527	0
12827	chr9	67633112	67633782	0
12831	chr10	43405802	43406302	0
12835	chr10	128735717	128736525	0
12837	chr11	89020491	89021221	0
12842	chr12	77787963	77788463	0
12843	chr12	79663023	79663523	0
12844	chr12	101000716	101001348	0
12849	chr13	55437062	55437746	0
12853	chr15	52899454	52899954	0
12854	chr16	91521931	91522637	0
12855	chr17	7218774	7219274	0
12856	chr17	56424498	56425122	0
12860	chr18	39801281	39801919	0
12865	chr1	106091218	106091718	0
12866	chr1	106617571	106618071	0
12868	chr1	159937975	159938475	0
12870	chr2	68290631	68291393	0
12872	chr2	154807395	154807895	0
12873	chr2	181456334	181457166	0
12877	chr3	89132731	89133363	0
12882	chr4	133248310	133249022	0
12883	chr4	137343861	137344495	0
12884	chr4	140826141	140826641	0
12885	chr4	145224212	145224836	0
12889	chr5	113113786	113114586	0
12894	chr6	31077340	31077840	0
12895	chr6	65537893	65538393	0
12896	chr6	70709693	70710193	0
12899	chr6	114890603	114891103	0
12900	chr7	16700003	16700757	0
12902	chr7	30890524	30891314	0
12903	chr8	25618030	25618530	0
12904	chr8	41244607	41245107	0
12906	chr8	110925584	110926224	0
12907	chr9	61392328	61392828	0
12909	chr9	69670363	69671189	0
12910	chr9	100536230	100537128	0
12911	chr9	111137794	111138294	0
12912	chr10	59848891	59849391	0
12914	chr10	100696110	100696610	0
12916	chr10	127125162	127125662	0
12918	chr11	51647113	51647855	0
12919	chr11	57608065	57608821	0
12920	chr11	90238537	90239037	0
12926	chr12	102712762	102713262	0
12928	chr12	108449596	108450398	0
12932	chr15	78859281	78859781	0
12934	chr16	5446015	5446515	0
12942	chr18	64930169	64930669	0
12943	chr18	77702509	77703009	0
12952	chrX	93701015	93701639	0
12953	chrX	159682877	159683377	0
12955	chr1	30921248	30921748	0
12956	chr1	36892130	36892928	0
12962	chr2	93771898	93772398	0
12963	chr2	120349987	120350487	0
12964	chr3	22094143	22094643	0
12967	chr3	104797123	104797951	0
12970	chr4	84946349	84946975	0
12972	chr4	135140616	135141116	0
12973	chr5	105128719	105129589	0
12976	chr6	84587379	84588045	0
12977	chr6	127566518	127567018	0
12978	chr8	36114813	36115313	0
12979	chr9	14287449	14287949	0
12980	chr9	14966759	14967259	0
12982	chr9	61983173	61983673	0
12985	chr10	7824123	7824749	0
12994	chr11	106677585	106678085	0
12995	chr11	114815085	114815719	0
12996	chr12	98996392	98996892	0
12997	chr13	24508862	24509362	0
13000	chr13	55827487	55828119	0
13001	chr13	110048880	110049380	0
13004	chr14	104465155	104465655	0
13006	chr15	53260172	53260796	0
13008	chr15	85331522	85332276	0
13010	chr16	3722653	3723303	0
13012	chr16	33202579	33203079	0
13013	chr16	33747342	33747842	0
13014	chr17	29192633	29193261	0
13017	chr18	35569029	35569529	0
13018	chr18	80483620	80484120	0
13020	chr19	32939873	32940373	0
13027	chr1	35813218	35813718	0
13031	chr1	80737847	80738347	0
13032	chr1	119502705	119503501	0
13033	chr1	127302730	127303364	0
13034	chr1	128617834	128618334	0
13035	chr1	153038377	153038877	0
13037	chr1	167374795	167375295	0
13039	chr2	4729568	4730200	0
13040	chr2	5486809	5487309	0
13042	chr2	30131014	30131514	0
13045	chr2	84018224	84018724	0
13047	chr2	181410292	181410792	0
13048	chr3	32414164	32414664	0
13049	chr3	35776166	35776666	0
13050	chr3	52338786	52339286	0
13051	chr3	94821128	94821628	0
13053	chr3	136756071	136756571	0
13059	chr5	105063086	105063586	0
13061	chr5	120692024	120692524	0
13064	chr6	97308602	97309102	0
13066	chr6	136933030	136933764	0
13068	chr6	143869043	143869543	0
13069	chr7	24439948	24440448	0
13072	chr7	75529163	75529811	0
13073	chr7	80062959	80063459	0
13074	chr7	80078921	80079421	0
13075	chr7	83639482	83639982	0
13078	chr8	15042837	15043337	0
13080	chr8	41015527	41016297	0
13083	chr9	50525554	50526054	0
13084	chr9	56152850	56153350	0
13085	chr9	56321232	56321732	0
13086	chr9	58184407	58184907	0
13090	chr10	80969150	80969782	0
13091	chr10	117081732	117082232	0
13092	chr10	118084994	118085494	0
13097	chr11	52332998	52333498	0
13098	chr11	54155868	54156368	0
13099	chr11	84065721	84066221	0
13100	chr11	97536333	97537113	0
13103	chr12	3990378	3990878	0
13106	chr12	36190323	36190823	0
13107	chr12	91268578	91269078	0
13108	chr12	91660245	91660745	0
13110	chr12	100636741	100637399	0
13113	chr12	111902243	111902743	0
13115	chr13	10101041	10101541	0
13116	chr13	59718872	59719372	0
13117	chr13	85479363	85479863	0
13118	chr13	92722248	92722748	0
13119	chr13	93554180	93554680	0
13120	chr13	103915333	103915833	0
13122	chr14	60807270	60807770	0
13124	chr14	73400167	73400667	0
13126	chr15	31238279	31238779	0
13127	chr15	58585154	58585654	0
13130	chr15	64191502	64192002	0
13132	chr17	28883633	28884133	0
13134	chr17	73023097	73023597	0
13135	chr18	6470837	6471337	0
13137	chr18	55681181	55681681	0
13140	chr19	3804928	3805428	0
13141	chr19	5839717	5840217	0
13142	chr19	43851890	43852390	0
13144	chr1	24045467	24045967	0
13145	chr1	60236278	60236778	0
13146	chr1	82809883	82810383	0
13148	chr1	127213118	127213804	0
13149	chr1	151488808	151489308	0
13150	chr1	159813198	159813698	0
13151	chr1	160060715	160061215	0
13153	chr1	171954688	171955188	0
13154	chr1	179650281	179650781	0
13155	chr1	191720522	191721160	0
13160	chr2	71622793	71623419	0
13161	chr2	71843119	71843619	0
13163	chr2	90962893	90963393	0
13164	chr2	101871219	101871719	0
13165	chr2	121594895	121595395	0
13166	chr2	124704412	124704912	0
13168	chr2	152780929	152781563	0
13169	chr2	153045928	153046428	0
13170	chr2	153582881	153583675	0
13171	chr2	153638911	153639411	0
13172	chr2	158701107	158701607	0
13177	chr3	79234291	79234791	0
13180	chr3	122278432	122279186	0
13182	chr3	131130228	131130866	0
13183	chr3	135671326	135671826	0
13184	chr3	139048577	139049077	0
13185	chr3	142352851	142353351	0
13187	chr4	3826259	3826759	0
13188	chr4	46151795	46152295	0
13189	chr4	114665800	114666452	0
13190	chr4	132959027	132959527	0
13193	chr5	32192058	32192558	0
13197	chr5	112259760	112260434	0
13198	chr5	118214193	118214843	0
13200	chr5	149017259	149017759	0
13201	chr5	149252273	149253049	0
13203	chr6	31224718	31225218	0
13205	chr6	48762510	48763148	0
13206	chr6	71361237	71361999	0
13207	chr6	83598502	83599002	0
13208	chr6	86876147	86876647	0
13209	chr6	97218958	97219458	0
13211	chr6	125340543	125341043	0
13212	chr6	128845236	128845736	0
13214	chr6	149040221	149040861	0
13215	chr7	47145694	47146194	0
13216	chr7	116246626	116247126	0
13219	chr7	137575748	137576248	0
13222	chr8	116628801	116629301	0
13223	chr8	120014292	120015086	0
13224	chr9	21601636	21602136	0
13225	chr9	22632278	22632778	0
13226	chr9	57343467	57343967	0
13227	chr9	62497911	62498411	0
13229	chr9	94998193	94998693	0
13230	chr9	120259491	120259991	0
13231	chr10	5524575	5525203	0
13232	chr10	18967017	18967661	0
13233	chr10	37189696	37190196	0
13235	chr10	121579890	121580390	0
13237	chr11	35502409	35502909	0
13238	chr11	46038780	46039406	0
13239	chr11	54849778	54850278	0
13241	chr11	83173211	83173711	0
13242	chr11	87465887	87466387	0
13243	chr11	99186843	99187343	0
13244	chr11	104571228	104571866	0
13246	chr11	116358962	116359462	0
13247	chr12	3264069	3264569	0
13249	chr12	25117735	25118235	0
13252	chr12	80248317	80248817	0
13253	chr12	92782010	92782510	0
13255	chr13	24527873	24528497	0
13262	chr14	27324730	27325230	0
13263	chr14	50937873	50938539	0
13264	chr15	5045660	5046294	0
13265	chr15	41164090	41164590	0
13266	chr15	59106432	59106932	0
13267	chr15	67196098	67196748	0
13268	chr15	85615668	85616304	0
13269	chr15	97252004	97252504	0
13271	chr16	94236592	94237346	0
13273	chr17	47755948	47756640	0
13276	chr18	32524769	32525269	0
13278	chr18	57591454	57591954	0
13280	chr18	73746493	73746993	0
13281	chr18	75683126	75683626	0
13284	chr19	5786344	5786844	0
13286	chr19	55768804	55769304	0
13287	chr19	57180036	57180536	0
13289	chrX	36757489	36757989	0
13292	chrX	164427471	164427971	0
13294	chr1	131022799	131023299	0
13295	chr1	134574953	134575635	0
13298	chr1	138261428	138261928	0
13300	chr1	151584702	151585334	0
13302	chr1	177532997	177533497	0
13305	chr2	44827997	44828783	0
13306	chr2	68349501	68350001	0
13308	chr2	91986043	91986543	0
13309	chr2	101781827	101782499	0
13312	chr3	101061464	101061964	0
13313	chr3	106006012	106006638	0
13314	chr3	148895640	148896140	0
13318	chr4	123239417	123240053	0
13319	chr4	135239811	135240311	0
13322	chr5	8863091	8863591	0
13328	chr5	118662039	118662539	0
13330	chr5	134279716	134280438	0
13332	chr6	53985630	53986130	0
13334	chr7	28888965	28889465	0
13337	chr7	130695322	130695822	0
13338	chr8	34160568	34161068	0
13339	chr8	70500787	70501287	0
13340	chr9	41099633	41100133	0
13341	chr9	44611998	44612498	0
13342	chr9	62361114	62361614	0
13345	chr10	24158587	24159087	0
13350	chr11	22832234	22832734	0
13352	chr11	54060156	54060790	0
13353	chr11	70005607	70006107	0
13358	chr12	80736452	80737082	0
13359	chr13	13610025	13610525	0
13362	chr13	101782057	101782557	0
13363	chr13	104931760	104932260	0
13366	chr14	59556111	59556611	0
13367	chr14	64843267	64843767	0
13369	chr15	67404991	67405491	0
13372	chr17	5004508	5005008	0
13375	chr17	30359335	30359835	0
13377	chr17	50527580	50528080	0
13380	chr18	36410879	36411379	0
13381	chr19	46837749	46838379	0
13383	chrX	50581640	50582330	0
13384	chr1	35982976	35983476	0
13386	chr1	55058120	55058766	0
13387	chr1	132328747	132329247	0
13389	chr1	166007230	166007730	0
13394	chr2	70704314	70704814	0
13395	chr2	76814109	76814609	0
13397	chr2	129384876	129385376	0
13398	chr2	163103213	163103713	0
13399	chr2	166693282	166694016	0
13400	chr3	53579981	53580481	0
13401	chr3	68542723	68543223	0
13404	chr3	144156303	144156803	0
13405	chr3	146047973	146048473	0
13408	chr4	102584489	102584989	0
13409	chr4	109274415	109274915	0
13410	chr4	132658104	132658604	0
13412	chr5	20878885	20879385	0
13413	chr5	34242155	34242785	0
13415	chr5	86190497	86190997	0
13417	chr5	103746187	103746687	0
13420	chr5	123085904	123086780	0
13422	chr5	136691066	136691566	0
13423	chr6	12107485	12108119	0
13424	chr6	13666694	13667194	0
13426	chr6	54705786	54706286	0
13428	chr6	101532780	101533436	0
13429	chr6	114839442	114839942	0
13431	chr6	127521510	127522010	0
13432	chr6	134242875	134243375	0
13434	chr7	80799217	80799717	0
13437	chr8	34904747	34905415	0
13439	chr8	125050173	125050825	0
13441	chr10	67760938	67761572	0
13443	chr10	75484675	75485309	0
13444	chr10	81142738	81143238	0
13446	chr10	118758302	118758802	0
13448	chr11	46300457	46300957	0
13452	chr12	76527092	76527592	0
13453	chr13	37119938	37120438	0
13455	chr13	73686105	73686735	0
13457	chr13	102698171	102698813	0
13458	chr14	17873595	17874353	0
13459	chr14	72777932	72778432	0
13463	chr15	98541272	98541772	0
13466	chr16	32654798	32655426	0
13467	chr16	57552387	57552887	0
13469	chr17	29023988	29024612	0
13470	chr17	56925542	56926042	0
13473	chr17	87948916	87949416	0
13474	chr18	67610841	67611341	0
13475	chrX	17514014	17514514	0
13476	chrX	51076797	51077423	0
13478	chr1	43561555	43562055	0
13479	chr1	54799239	54799865	0
13480	chr1	54855935	54856435	0
13481	chr1	73968973	73969473	0
13483	chr1	132212292	132212792	0
13484	chr1	138248311	138248811	0
13486	chr2	60842693	60843193	0
13488	chr2	71643945	71644445	0
13489	chr2	101616270	101616770	0
13491	chr2	167851200	167851988	0
13493	chr3	60578366	60578866	0
13494	chr3	96938851	96939475	0
13495	chr3	107048266	107048766	0
13498	chr4	8708922	8709422	0
13499	chr4	82870541	82871179	0
13502	chr4	154155509	154156009	0
13503	chr4	155487933	155488567	0
13504	chr5	8838128	8838754	0
13512	chr6	99030926	99031558	0
13513	chr6	108324972	108325472	0
13514	chr6	127162366	127162866	0
13515	chr7	17009557	17010057	0
13519	chr7	127076416	127076916	0
13520	chr7	128057209	128057907	0
13521	chr8	70635349	70635981	0
13522	chr8	111505173	111505673	0
13525	chr8	128319608	128320108	0
13527	chr9	40631346	40631846	0
13528	chr9	44227057	44227749	0
13529	chr9	45275328	45275828	0
13530	chr9	75431346	75431846	0
13532	chr9	114978123	114978623	0
13535	chr9	123240155	123240801	0
13536	chr10	7685032	7685830	0
13537	chr10	7939400	7939900	0
13538	chr10	28725482	28725982	0
13539	chr10	59792692	59793192	0
13540	chr10	60397724	60398224	0
13542	chr10	76439883	76440383	0
13544	chr10	93265195	93265829	0
13545	chr10	93743077	93743577	0
13546	chr10	94211222	94211722	0
13547	chr11	6393433	6393933	0
13549	chr11	31659499	31659999	0
13551	chr11	53112580	53113206	0
13552	chr11	73092467	73092967	0
13554	chr11	106105901	106106401	0
13555	chr12	36141158	36141658	0
13559	chr12	71870901	71871401	0
13560	chr12	79658550	79659050	0
13561	chr12	80064494	80065136	0
13563	chr12	109073723	109074223	0
13566	chr13	55115687	55116187	0
13567	chr13	60670228	60670728	0
13568	chr13	64250297	64250797	0
13569	chr13	98804046	98804546	0
13570	chr13	99148670	99149170	0
13571	chr13	99190087	99190587	0
13572	chr13	107844633	107845133	0
13573	chr13	112286768	112287268	0
13574	chr14	30027473	30027973	0
13575	chr14	31573351	31573851	0
13576	chr14	41050314	41050814	0
13577	chr14	47654247	47654747	0
13578	chr14	52045353	52045853	0
13580	chr14	55078064	55078564	0
13581	chr15	6733445	6733945	0
13584	chr16	23187614	23188114	0
13586	chr16	33704722	33705222	0
13587	chr16	84682226	84682726	0
13588	chr16	95734307	95734807	0
13590	chr17	24090403	24090903	0
13591	chr17	29951142	29951642	0
13592	chr17	30349501	30350157	0
13593	chr17	31822672	31823314	0
13595	chr17	46454638	46455266	0
13596	chr17	65605959	65606459	0
13600	chr18	76378696	76379196	0
13601	chr18	80478266	80478766	0
13602	chr18	89237023	89237523	0
13603	chr19	18621507	18622007	0
13604	chr19	41725742	41726380	0
13605	chr19	46197658	46198492	0
13611	chrX	140521620	140522120	0
13612	chr1	13331416	13331916	0
13613	chr1	39957085	39957585	0
13614	chr1	58440041	58440541	0
13616	chr1	85798481	85798981	0
13618	chr1	106616580	106617080	0
13620	chr1	131641222	131641722	0
13621	chr2	18989131	18989631	0
13622	chr2	58177256	58177756	0
13624	chr2	112501452	112501952	0
13625	chr2	166979549	166980049	0
13627	chr3	28555074	28555574	0
13628	chr3	89878755	89879381	0
13629	chr3	104545251	104545751	0
13631	chr3	146344976	146345476	0
13632	chr4	6483894	6484394	0
13633	chr4	26342554	26343054	0
13634	chr4	35005690	35006190	0
13635	chr4	44674554	44675054	0
13636	chr4	107201442	107201942	0
13638	chr4	124672593	124673421	0
13643	chr5	62806320	62806958	0
13644	chr5	107233366	107233866	0
13645	chr5	118045103	118045603	0
13646	chr5	119345278	119345778	0
13647	chr5	122547356	122548006	0
13649	chr5	141056019	141056519	0
13650	chr5	144252196	144252696	0
13651	chr6	34674576	34675076	0
13652	chr6	57520383	57520883	0
13653	chr6	106789872	106790372	0
13655	chr6	119380409	119380909	0
13657	chr6	134061032	134061532	0
13658	chr6	142956087	142956587	0
13659	chr6	149234367	149234995	0
13660	chr7	97591694	97592326	0
13661	chr7	102387571	102388071	0
13662	chr7	114484538	114485038	0
13663	chr7	132774954	132775454	0
13666	chr7	141577150	141577650	0
13669	chr8	39047163	39047663	0
13672	chr8	104048847	104049347	0
13675	chr9	13287066	13287566	0
13676	chr9	32031907	32032407	0
13677	chr9	40446058	40446558	0
13679	chr9	62851239	62851739	0
13680	chr9	63539465	63539965	0
13681	chr9	64792207	64792707	0
13682	chr9	66337512	66338012	0
13683	chr9	72968442	72968942	0
13685	chr9	79755817	79756633	0
13686	chr9	85118349	85118849	0
13687	chr9	95405668	95406168	0
13689	chr10	6995274	6995774	0
13690	chr10	20280397	20280897	0
13691	chr10	30549382	30549882	0
13694	chr10	53435678	53436178	0
13697	chr10	111181868	111182368	0
13698	chr10	117888954	117889454	0
13699	chr10	120191063	120191563	0
13700	chr10	127736964	127737464	0
13702	chr11	58188408	58188908	0
13703	chr11	62559249	62559749	0
13704	chr11	67479800	67480300	0
13706	chr11	86621043	86621543	0
13707	chr11	103359035	103359535	0
13708	chr11	103419135	103419635	0
13712	chr11	113166844	113167344	0
13713	chr12	17746171	17746671	0
13714	chr12	35884735	35885235	0
13718	chr12	100875988	100876488	0
13719	chr12	106016212	106016712	0
13720	chr12	111443973	111444621	0
13722	chr13	28557394	28557894	0
13723	chr13	55696910	55697410	0
13724	chr13	99164004	99164504	0
13727	chr14	25371777	25372277	0
13728	chr14	56292217	56292717	0
13730	chr14	75512984	75513622	0
13731	chr15	6909910	6910410	0
13732	chr15	60135107	60135607	0
13733	chr15	75110302	75110936	0
13734	chr15	77893119	77893619	0
13735	chr15	80020984	80021484	0
13739	chr16	45286330	45286830	0
13740	chr16	52091737	52092237	0
13741	chr16	58481192	58481692	0
13743	chr17	72912890	72913390	0
13745	chr17	79980900	79981400	0
13746	chr17	86277618	86278118	0
13747	chr17	86314331	86314831	0
13748	chr18	34920558	34921058	0
13750	chr18	88924419	88924919	0
13751	chr19	16871523	16872023	0
13753	chr19	36220895	36221395	0
13754	chr19	40300371	40300871	0
13755	chrX	18214474	18215102	0
13756	chrX	50599459	50599959	0
13758	chr1	13370151	13370651	0
13759	chr1	39042370	39043002	0
13760	chr1	39537811	39538311	0
13763	chr1	69677839	69678339	0
13765	chr1	92122569	92123069	0
13767	chr1	105708940	105709440	0
13768	chr1	125419568	125420068	0
13769	chr1	133181287	133181787	0
13770	chr1	151663038	151663538	0
13771	chr1	151973066	151973566	0
13772	chr1	153602256	153602756	0
13773	chr1	160301194	160301694	0
13774	chr1	161693675	161694175	0
13775	chr1	162304937	162305437	0
13776	chr1	164512617	164513117	0
13777	chr1	183969055	183969555	0
13779	chr2	29973707	29974207	0
13780	chr2	57696893	57697393	0
13781	chr2	62460046	62460546	0
13782	chr2	103649137	103649975	0
13783	chr2	118560210	118560710	0
13786	chr2	129585489	129585989	0
13787	chr2	160443017	160443517	0
13789	chr2	166639135	166639635	0
13792	chr3	60395692	60396192	0
13793	chr3	90659620	90660394	0
13794	chr3	94368024	94368524	0
13795	chr3	101673969	101674469	0
13798	chr3	122289863	122290505	0
13799	chr3	130881671	130882171	0
13800	chr3	138745743	138746243	0
13801	chr4	32287745	32288245	0
13802	chr4	32315583	32316083	0
13803	chr4	56070655	56071155	0
13804	chr4	82848938	82849438	0
13805	chr4	108779938	108780438	0
13806	chr4	120794170	120794670	0
13810	chr4	130776619	130777119	0
13815	chr5	38402074	38402574	0
13816	chr5	54040003	54040503	0
13818	chr5	74133074	74133574	0
13819	chr5	92227284	92227784	0
13820	chr5	93131800	93132300	0
13821	chr5	102775261	102775761	0
13822	chr5	105744628	105745128	0
13825	chr5	112083088	112083588	0
13826	chr5	124350626	124351126	0
13827	chr5	136179700	136180326	0
13828	chr5	140790635	140791135	0
13829	chr5	147458198	147458828	0
13831	chr6	41505273	41505773	0
13832	chr6	49929958	49930458	0
13833	chr6	71157174	71157674	0
13834	chr6	71989275	71989775	0
13835	chr6	73011167	73011857	0
13836	chr6	97217689	97218331	0
13837	chr6	99186361	99187179	0
13840	chr7	25765797	25766297	0
13841	chr7	28674914	28675414	0
13842	chr7	31158526	31159026	0
13843	chr7	68668273	68668773	0
13844	chr7	75491061	75491751	0
13847	chr7	110124379	110124879	0
13848	chr7	110936307	110936931	0
13850	chr7	127815614	127816114	0
13851	chr7	128058463	128058963	0
13852	chr7	132790695	132791195	0
13854	chr8	3276468	3276968	0
13855	chr8	4347673	4348173	0
13856	chr8	13689652	13690152	0
13858	chr8	81745248	81745748	0
13860	chr8	91344763	91345263	0
13861	chr8	94447280	94447780	0
13862	chr8	95037613	95038113	0
13864	chr8	122292997	122293497	0
13866	chr9	41007320	41007820	0
13867	chr9	41167125	41167625	0
13869	chr9	52056257	52056757	0
13871	chr9	62939689	62940189	0
13872	chr9	66583925	66584425	0
13873	chr9	69292552	69293052	0
13874	chr9	73086142	73086642	0
13875	chr9	109009251	109009751	0
13878	chr10	25448857	25449357	0
13879	chr10	40880187	40880687	0
13880	chr10	75353989	75354489	0
13882	chr10	93126232	93126732	0
13884	chr10	99632197	99632697	0
13885	chr10	107941264	107941764	0
13886	chr10	108178283	108178783	0
13887	chr10	117368920	117369420	0
13888	chr10	121293323	121293823	0
13889	chr11	21166771	21167271	0
13890	chr11	24142615	24143247	0
13891	chr11	30164518	30165018	0
13892	chr11	51880666	51881166	0
13894	chr11	77766449	77767091	0
13895	chr11	83444710	83445210	0
13897	chr11	96314628	96315128	0
13898	chr11	96964758	96965258	0
13899	chr11	105902133	105902633	0
13900	chr11	119802959	119803601	0
13901	chr12	25241134	25241634	0
13902	chr12	31391926	31392426	0
13903	chr12	34907078	34907706	0
13907	chr12	70930141	70930641	0
13911	chr12	100978778	100979278	0
13912	chr13	36800954	36801454	0
13913	chr13	43465953	43466453	0
13914	chr13	46592424	46592924	0
13915	chr13	48845600	48846100	0
13916	chr13	51616261	51616761	0
13918	chr13	97869177	97869677	0
13919	chr13	102089885	102090385	0
13920	chr13	111472355	111472855	0
13922	chr14	51842896	51843540	0
13923	chr14	61426590	61427214	0
13924	chr14	67885052	67885552	0
13926	chr15	31332313	31332813	0
13927	chr15	53104367	53104867	0
13928	chr15	58344138	58344638	0
13929	chr15	58819951	58820451	0
13930	chr15	59051330	59051830	0
13931	chr15	60164458	60164958	0
13932	chr15	63985610	63986110	0
13935	chr15	73117498	73117998	0
13937	chr15	76169622	76170122	0
13938	chr15	88723108	88723608	0
13939	chr15	97259568	97260068	0
13940	chr15	103182076	103182576	0
13941	chr16	8724950	8725450	0
13942	chr16	17478065	17478565	0
13943	chr16	22790761	22791261	0
13944	chr16	33077229	33077729	0
13945	chr16	43505883	43506383	0
13947	chr16	96439929	96440429	0
13948	chr17	6016976	6017476	0
13949	chr17	12755724	12756224	0
13950	chr17	18005001	18005501	0
13951	chr17	28642807	28643307	0
13953	chr17	30962048	30962548	0
13954	chr17	44432335	44432835	0
13955	chr17	56754770	56755270	0
13957	chr17	84880800	84881300	0
13958	chr17	85018933	85019433	0
13960	chr18	4279874	4280374	0
13962	chr18	34239091	34239727	0
13963	chr18	34495104	34495604	0
13964	chr19	31224186	31224810	0
13968	chr1	39843774	39844404	0
13970	chr1	64446279	64446779	0
13973	chr1	152613454	152613954	0
13974	chr1	172390749	172391249	0
13975	chr1	193350218	193350718	0
13977	chr2	70147383	70147883	0
13979	chr2	84059570	84060070	0
13980	chr2	128473074	128473574	0
13982	chr2	152238315	152238815	0
13983	chr2	156202756	156203256	0
13985	chr3	19267594	19268094	0
13987	chr3	87537080	87537580	0
13989	chr3	149451090	149451726	0
13990	chr3	153077943	153078443	0
13991	chr4	7358437	7358937	0
13992	chr4	10905012	10905512	0
13994	chr4	35130761	35131405	0
13995	chr4	126814448	126814948	0
13996	chr4	128793910	128794554	0
13997	chr4	129445100	129445600	0
13998	chr4	133905093	133905827	0
14000	chr5	43672325	43672961	0
14001	chr5	134304254	134304754	0
14002	chr5	134467747	134468247	0
14004	chr6	52006431	52006931	0
14005	chr6	54934223	54934847	0
14006	chr6	73039076	73039730	0
14007	chr6	88417578	88418078	0
14008	chr6	91688313	91689149	0
14009	chr7	4292943	4293443	0
14010	chr7	31089666	31090166	0
14013	chr7	98103099	98103599	0
14014	chr7	110242424	110242924	0
14015	chr7	118921782	118922282	0
14016	chr7	122937788	122938488	0
14020	chr8	94483312	94483812	0
14021	chr8	94993978	94994604	0
14022	chr8	108915013	108915513	0
14023	chr8	126723539	126724039	0
14024	chr9	13496144	13496644	0
14025	chr9	44179349	44179849	0
14026	chr9	44501997	44502497	0
14028	chr9	48536675	48537175	0
14029	chr9	63375053	63375699	0
14031	chr9	80085591	80086091	0
14032	chr9	96636966	96637604	0
14033	chr10	19491737	19492237	0
14035	chr10	80396177	80396677	0
14036	chr10	118149467	118149967	0
14037	chr10	128761801	128762493	0
14038	chr11	32195637	32196137	0
14039	chr11	50835592	50836092	0
14040	chr11	61116135	61116871	0
14043	chr11	116620430	116620930	0
14044	chr11	117691844	117692344	0
14045	chr12	11217471	11217971	0
14046	chr12	15656230	15656912	0
14048	chr12	76535416	76536070	0
14049	chr12	84204340	84204840	0
14050	chr12	95746967	95747467	0
14051	chr12	100508043	100508735	0
14052	chr12	109441366	109441866	0
14053	chr13	29738142	29738642	0
14054	chr13	44996318	44996976	0
14055	chr13	51774021	51774521	0
14056	chr13	52598573	52599073	0
14057	chr13	56141068	56141568	0
14058	chr13	56709603	56710103	0
14059	chr13	112258677	112259177	0
14060	chr13	112365923	112366423	0
14061	chr13	113515296	113515796	0
14062	chr14	67055232	67055732	0
14066	chr15	78816109	78816609	0
14067	chr16	48675865	48676365	0
14068	chr16	55976916	55977416	0
14069	chr17	21494766	21495402	0
14070	chr17	36005761	36006261	0
14072	chr18	66478142	66478642	0
14073	chr19	7302971	7303471	0
14074	chr19	14466042	14466542	0
14075	chr19	36932805	36933305	0
14077	chr1	43413338	43413838	0
14078	chr1	54827801	54828301	0
14079	chr1	55372598	55373098	0
14080	chr1	60470235	60470869	0
14081	chr1	65107159	65107845	0
14082	chr1	84364254	84364754	0
14083	chr1	160740966	160741466	0
14085	chr1	177489768	177490268	0
14087	chr2	6873001	6873501	0
14088	chr2	18114599	18115099	0
14090	chr2	53180975	53181621	0
14091	chr2	153170609	153171109	0
14092	chr3	19458388	19458888	0
14094	chr3	100926147	100926647	0
14095	chr3	101918073	101918573	0
14096	chr4	41307763	41308263	0
14097	chr4	53830882	53831382	0
14098	chr4	83308204	83308704	0
14099	chr4	120854976	120855476	0
14101	chr4	134505649	134506329	0
14103	chr5	65561178	65561814	0
14106	chr6	28567406	28567906	0
14108	chr6	115767856	115768356	0
14109	chr6	122269758	122270258	0
14110	chr6	127419873	127420507	0
14111	chr6	136541060	136541560	0
14112	chr6	145020821	145021321	0
14114	chr7	29136222	29136850	0
14116	chr7	44840306	44840932	0
14117	chr7	45539948	45540448	0
14118	chr7	58400241	58400741	0
14119	chr7	64050536	64051036	0
14121	chr7	128054222	128054858	0
14123	chr8	22719187	22719687	0
14124	chr8	61276179	61276679	0
14125	chr8	111366284	111366916	0
14126	chr8	114827803	114828303	0
14127	chr8	125433907	125434407	0
14128	chr9	58899412	58899912	0
14129	chr9	79895269	79895769	0
14132	chr10	4382717	4383217	0
14133	chr10	6996715	6997215	0
14135	chr10	42230284	42230784	0
14138	chr11	22675176	22675676	0
14139	chr11	62823557	62824057	0
14142	chr12	8927354	8927854	0
14143	chr12	25274064	25274564	0
14145	chr12	41340387	41340887	0
14147	chr12	82354688	82355188	0
14148	chr12	86106134	86106634	0
14149	chr12	99527581	99528081	0
14150	chr12	100997514	100998208	0
14151	chr12	106818891	106819391	0
14152	chr12	118211806	118212306	0
14154	chr13	24860593	24861093	0
14155	chr13	30912314	30912814	0
14156	chr13	43233004	43233638	0
14157	chr13	44504390	44504890	0
14160	chr14	26352969	26353469	0
14162	chr14	54113166	54113666	0
14163	chr14	54214217	54214717	0
14164	chr14	56889536	56890188	0
14166	chr15	64192633	64193133	0
14168	chr15	80891982	80892482	0
14170	chr16	4199700	4200200	0
14171	chr16	10826891	10827391	0
14172	chr16	17182348	17182848	0
14173	chr16	18880055	18880555	0
14175	chr16	33011492	33011992	0
14176	chr16	75900835	75901335	0
14178	chr16	92038174	92038674	0
14179	chr16	96158940	96159440	0
14180	chr16	96354038	96354538	0
14181	chr17	8640062	8640702	0
14182	chr17	25227208	25227708	0
14183	chr17	29989388	29989888	0
14184	chr17	44894578	44895078	0
14185	chr18	9439716	9440216	0
14187	chr18	74875925	74876425	0
14189	chr19	16372661	16373161	0
14190	chr19	40599641	40600141	0
14192	chrX	36276884	36277384	0
14193	chrX	53045667	53046167	0
14194	chr1	7398276	7398776	0
14196	chr1	24699006	24699506	0
14197	chr1	82917802	82918302	0
14198	chr1	83076142	83076642	0
14199	chr1	85804831	85805331	0
14200	chr1	85811260	85811760	0
14201	chr1	87900827	87901327	0
14202	chr1	89130157	89130657	0
14203	chr1	152152072	152152572	0
14204	chr1	173462195	173462695	0
14205	chr2	11220952	11221452	0
14206	chr2	16291921	16292421	0
14207	chr2	19064917	19065417	0
14208	chr2	19661184	19661684	0
14209	chr2	38484000	38484500	0
14211	chr2	52312792	52313292	0
14212	chr2	58126492	58126992	0
14213	chr2	73856230	73856730	0
14214	chr2	91639218	91639718	0
14215	chr2	129489757	129490257	0
14216	chr2	131239478	131240144	0
14217	chr2	144261624	144262124	0
14218	chr2	155683725	155684225	0
14219	chr2	166399114	166399614	0
14220	chr3	55416053	55416553	0
14221	chr3	60583895	60584395	0
14223	chr3	97373469	97373969	0
14224	chr3	100663861	100664361	0
14225	chr3	101922896	101923396	0
14226	chr3	115705752	115706378	0
14228	chr3	136771909	136772409	0
14229	chr3	154693598	154694098	0
14231	chr4	22491690	22492190	0
14232	chr4	32157132	32157632	0
14233	chr4	32411171	32411671	0
14234	chr4	46582118	46582770	0
14235	chr4	62366532	62367032	0
14236	chr4	97485951	97486451	0
14237	chr4	107674011	107674511	0
14238	chr4	107830013	107830513	0
14239	chr4	109284130	109284630	0
14240	chr4	133735057	133735557	0
14241	chr4	137596424	137596924	0
14242	chr4	144909394	144909894	0
14243	chr5	3550568	3551220	0
14244	chr5	62847321	62847821	0
14245	chr5	72863533	72864033	0
14247	chr5	100157971	100158635	0
14248	chr5	114965139	114965639	0
14249	chr5	117363116	117363616	0
14250	chr5	121330735	121331235	0
14251	chr5	122942766	122943266	0
14253	chr5	140890084	140890584	0
14254	chr5	143057859	143058359	0
14255	chr6	30982667	30983167	0
14256	chr6	34283922	34284422	0
14257	chr6	124727902	124728402	0
14258	chr6	129304038	129304538	0
14260	chr6	135228622	135229122	0
14262	chr7	16581397	16581897	0
14263	chr7	18962259	18962759	0
14264	chr7	25661254	25661754	0
14265	chr7	45175595	45176095	0
14266	chr7	82602482	82602982	0
14267	chr7	88285212	88285712	0
14268	chr7	100858359	100858859	0
14269	chr7	110965772	110966272	0
14270	chr7	114464217	114464717	0
14271	chr7	122415694	122416194	0
14273	chr7	127483105	127483605	0
14274	chr7	127628512	127629012	0
14275	chr7	128525753	128526253	0
14276	chr8	46480434	46480934	0
14278	chr8	64831898	64832398	0
14279	chr8	70543389	70543889	0
14280	chr8	95335921	95336421	0
14281	chr8	120547192	120547692	0
14282	chr8	122942047	122942547	0
14283	chr8	124289229	124289729	0
14285	chr9	35498186	35498686	0
14287	chr9	70690361	70690861	0
14288	chr9	100504024	100504524	0
14289	chr9	108104034	108104534	0
14290	chr9	114790134	114790780	0
14292	chr9	121994367	121994867	0
14293	chr9	123789164	123789664	0
14294	chr10	17201511	17202011	0
14295	chr10	22140889	22141389	0
14297	chr10	30650242	30650742	0
14298	chr10	39589723	39590223	0
14299	chr10	54064398	54064898	0
14300	chr10	61341141	61341641	0
14302	chr10	70182954	70183454	0
14304	chr10	80071517	80072017	0
14305	chr10	81254504	81255004	0
14306	chr10	127123415	127123915	0
14307	chr11	20104770	20105270	0
14308	chr11	75136120	75136620	0
14309	chr11	78599653	78600153	0
14310	chr11	85453318	85453818	0
14312	chr11	101013135	101013863	0
14313	chr11	104625092	104625592	0
14314	chr11	106759562	106760062	0
14315	chr11	109105715	109106357	0
14316	chr11	115222013	115222661	0
14318	chr11	117667285	117667785	0
14319	chr12	34680407	34680907	0
14321	chr12	73689546	73690182	0
14322	chr12	80070936	80071436	0
14323	chr12	80345352	80345852	0
14324	chr12	82257656	82258156	0
14325	chr12	86248921	86249421	0
14326	chr12	102327372	102327872	0
14327	chr12	111237900	111238400	0
14330	chr13	28692988	28693488	0
14332	chr13	28942852	28943352	0
14333	chr13	49050631	49051131	0
14334	chr13	55255282	55255782	0
14335	chr13	58199982	58200482	0
14337	chr13	107879001	107879501	0
14338	chr13	117238457	117238957	0
14340	chr14	16368849	16369349	0
14342	chr14	27432849	27433349	0
14343	chr14	30393972	30394472	0
14344	chr14	30619444	30620112	0
14345	chr14	53337101	53337601	0
14347	chr14	63414994	63415494	0
14348	chr14	67817711	67818211	0
14349	chr14	78531666	78532166	0
14351	chr14	121659162	121659662	0
14352	chr15	27828855	27829355	0
14353	chr15	61535331	61535831	0
14355	chr15	73318914	73319414	0
14360	chr15	94587385	94587885	0
14361	chr15	96455646	96456146	0
14362	chr16	30453572	30454072	0
14363	chr16	45006524	45007024	0
14365	chr17	5557560	5558060	0
14367	chr17	27679177	27679677	0
14368	chr17	31265559	31266059	0
14369	chr17	34543338	34544078	0
14371	chr17	52076346	52076846	0
14372	chr17	83777589	83778089	0
14373	chr17	84939854	84940354	0
14374	chr18	5626485	5626985	0
14375	chr18	32921813	32922313	0
14376	chr18	34378014	34378514	0
14379	chr19	3666363	3666863	0
14380	chr19	12462776	12463276	0
14381	chr19	37383847	37384347	0
14382	chr19	58059858	58060358	0
14383	chrX	11690164	11690664	0
14386	chrX	73637088	73637736	0
14387	chrX	85048377	85048877	0
14388	chr1	13574150	13574650	0
14389	chr1	36580200	36580700	0
14390	chr1	39898583	39899083	0
14391	chr1	39931048	39931548	0
14392	chr1	40271822	40272322	0
14393	chr1	52228463	52228963	0
14394	chr1	54904811	54905311	0
14396	chr1	86210062	86210562	0
14397	chr1	87210904	87211404	0
14398	chr1	92804042	92804542	0
14399	chr1	127363412	127363912	0
14400	chr1	127783012	127783512	0
14401	chr1	133416162	133416662	0
14402	chr1	144258413	144258913	0
14403	chr1	170188262	170188762	0
14404	chr1	179248396	179248896	0
14405	chr1	180707290	180707790	0
14407	chr1	191912350	191912850	0
14408	chr2	5036587	5037087	0
14409	chr2	10012997	10013497	0
14410	chr2	18067699	18068199	0
14411	chr2	18918929	18919429	0
14412	chr2	30985303	30985803	0
14414	chr2	33095286	33095786	0
14415	chr2	52251817	52252317	0
14417	chr2	73404222	73404862	0
14418	chr2	85033666	85034166	0
14419	chr2	92197649	92198149	0
14420	chr2	92529162	92529662	0
14421	chr2	94264237	94264737	0
14422	chr2	102184090	102184590	0
14423	chr2	103720989	103721489	0
14424	chr2	116062392	116062892	0
14425	chr2	122560739	122561239	0
14427	chr2	131342609	131343109	0
14428	chr2	151985467	151985967	0
14429	chr2	153227700	153228200	0
14430	chr2	164009399	164009899	0
14431	chr2	165645283	165645783	0
14432	chr2	169663258	169663758	0
14433	chr3	32557734	32558362	0
14434	chr3	51427240	51427740	0
14435	chr3	52315695	52316195	0
14436	chr3	58519061	58519561	0
14437	chr3	60601000	60601500	0
14438	chr3	68560498	68560998	0
14439	chr3	79572238	79572738	0
14440	chr3	88464082	88464582	0
14441	chr3	88945096	88945596	0
14442	chr3	95653117	95653617	0
14443	chr3	107327577	107328077	0
14444	chr3	107578492	107578992	0
14445	chr3	131202666	131203166	0
14446	chr3	152401136	152401846	0
14447	chr4	7580362	7580862	0
14448	chr4	8697627	8698127	0
14449	chr4	11348743	11349243	0
14450	chr4	32274805	32275305	0
14451	chr4	53122194	53122694	0
14452	chr4	57593393	57593893	0
14453	chr4	59526947	59527447	0
14454	chr4	62404904	62405404	0
14455	chr4	63852010	63852510	0
14456	chr4	66828888	66829388	0
14457	chr4	102681961	102682461	0
14458	chr4	115832298	115832798	0
14459	chr4	129094764	129095264	0
14461	chr4	131923728	131924228	0
14462	chr4	133075203	133075861	0
14463	chr4	135168496	135168996	0
14464	chr4	139221439	139221939	0
14465	chr4	139307400	139307900	0
14466	chr4	140588926	140589426	0
14467	chr4	144979445	144979945	0
14468	chr4	147945435	147945935	0
14469	chr4	150580605	150581105	0
14470	chr4	154384637	154385263	0
14471	chr4	155174426	155174926	0
14472	chr5	8673064	8673564	0
14473	chr5	25451465	25451965	0
14474	chr5	28322918	28323418	0
14475	chr5	32473114	32473614	0
14477	chr5	53785076	53785576	0
14478	chr5	65513180	65513854	0
14479	chr5	74250105	74250605	0
14480	chr5	96155035	96155535	0
14481	chr5	97077970	97078470	0
14482	chr5	105676931	105677431	0
14483	chr5	149160267	149160767	0
14484	chr5	149583471	149583971	0
14485	chr6	31203860	31204360	0
14486	chr6	48397310	48397810	0
14488	chr6	67146544	67147044	0
14489	chr6	92107641	92108141	0
14490	chr6	94669485	94669985	0
14491	chr6	100381032	100381532	0
14492	chr6	114856826	114857326	0
14493	chr6	124796338	124796838	0
14494	chr6	127463748	127464248	0
14495	chr7	3648899	3649399	0
14496	chr7	5071240	5071740	0
14497	chr7	27310715	27311215	0
14498	chr7	28827737	28828237	0
14500	chr7	37361836	37362336	0
14501	chr7	45766023	45766523	0
14502	chr7	46963132	46963632	0
14503	chr7	74372923	74373423	0
14504	chr7	79231757	79232257	0
14505	chr7	80421739	80422239	0
14506	chr7	101287347	101287847	0
14508	chr7	117483242	117483742	0
14509	chr7	141576376	141576876	0
14512	chr8	14011072	14011572	0
14513	chr8	26272903	26273403	0
14514	chr8	70853447	70853947	0
14515	chr8	106037885	106038385	0
14517	chr8	114994195	114994695	0
14518	chr8	115597653	115598153	0
14519	chr8	117290763	117291401	0
14520	chr8	117362134	117362634	0
14521	chr8	120306967	120307623	0
14522	chr8	123981382	123981882	0
14526	chr9	44036476	44036976	0
14527	chr9	56144973	56145473	0
14528	chr9	57273305	57273805	0
14529	chr9	58213504	58214004	0
14530	chr9	91363733	91364233	0
14531	chr9	98329423	98329923	0
14532	chr9	99182723	99183223	0
14533	chr9	107265734	107266234	0
14534	chr9	120947215	120947715	0
14536	chr10	4210699	4211199	0
14537	chr10	13985199	13985699	0
14538	chr10	19915323	19915823	0
14539	chr10	60189036	60189706	0
14540	chr10	77629018	77629518	0
14541	chr10	79943899	79944399	0
14542	chr10	82514778	82515278	0
14543	chr10	107931718	107932218	0
14544	chr11	11749223	11749723	0
14545	chr11	11847703	11848203	0
14546	chr11	11878039	11878539	0
14547	chr11	24395723	24396223	0
14548	chr11	34744855	34745355	0
14549	chr11	51931407	51931907	0
14550	chr11	52236126	52236626	0
14551	chr11	53353939	53354439	0
14552	chr11	55015771	55016271	0
14553	chr11	58195388	58195888	0
14554	chr11	62148383	62148883	0
14555	chr11	64016959	64017617	0
14556	chr11	85131489	85131989	0
14557	chr11	87665350	87665850	0
14558	chr11	96952545	96953045	0
14559	chr11	97719434	97719934	0
14560	chr11	99226570	99227070	0
14561	chr11	101111755	101112255	0
14562	chr11	103254988	103255488	0
14564	chr11	107388662	107389162	0
14565	chr11	119876943	119877443	0
14566	chr11	120040104	120040604	0
14567	chr12	8817901	8818401	0
14569	chr12	59209474	59209974	0
14570	chr12	83620525	83621025	0
14571	chr12	99831914	99832414	0
14572	chr12	107771579	107772079	0
14573	chr12	116305640	116306140	0
14575	chr13	19342247	19342747	0
14576	chr13	28500899	28501399	0
14577	chr13	37882851	37883351	0
14578	chr13	54818037	54818537	0
14580	chr13	97928100	97928600	0
14581	chr14	25509611	25510111	0
14583	chr14	72700461	72700961	0
14584	chr14	72703820	72704320	0
14585	chr14	79544890	79545390	0
14586	chr14	103815580	103816080	0
14587	chr14	105920420	105920920	0
14589	chr15	11540665	11541165	0
14590	chr15	27803774	27804274	0
14591	chr15	35869296	35869796	0
14592	chr15	58210644	58211144	0
14593	chr15	58264777	58265277	0
14594	chr15	61152323	61152823	0
14595	chr15	63977686	63978186	0
14596	chr15	64026433	64026933	0
14597	chr15	65790328	65790828	0
14598	chr15	75114341	75114841	0
14599	chr15	79985008	79985508	0
14600	chr16	4896650	4897150	0
14601	chr16	21330908	21331408	0
14602	chr16	24218387	24218887	0
14603	chr16	24876445	24877073	0
14604	chr16	32157380	32157880	0
14605	chr16	76220581	76221081	0
14606	chr16	76299862	76300362	0
14607	chr16	91379943	91380443	0
14609	chr17	21500957	21501457	0
14610	chr17	24552528	24553168	0
14611	chr17	25556196	25556696	0
14612	chr17	28011685	28012185	0
14613	chr17	28441487	28441987	0
14614	chr17	29258209	29258709	0
14615	chr17	29384866	29385366	0
14616	chr17	32533704	32534204	0
14617	chr17	43403553	43404053	0
14618	chr17	45115520	45116020	0
14619	chr17	47196342	47196842	0
14620	chr17	49405797	49406297	0
14622	chr17	74314367	74314867	0
14623	chr17	78367987	78368487	0
14625	chr17	80320975	80321475	0
14626	chr17	93068454	93068954	0
14627	chr18	12947139	12947639	0
14628	chr18	32361367	32361867	0
14629	chr18	46671109	46671609	0
14630	chr18	54294511	54295011	0
14631	chr18	80523114	80523614	0
14632	chr18	80550613	80551113	0
14633	chr19	5494210	5494710	0
14634	chr19	6345831	6346331	0
14635	chr19	10691546	10692046	0
14636	chr19	11037346	11037846	0
14638	chr19	32764839	32765339	0
14639	chr19	42144149	42144779	0
14640	chr19	42795159	42795659	0
14641	chr19	47133356	47133856	0
14642	chr19	57327886	57328386	0
14643	chrX	12194743	12195243	0
14644	chrX	18168156	18168812	0
14645	chrX	49479963	49480463	0
14646	chrX	59523426	59523926	0
14648	chrX	75017928	75018428	0
14649	chrX	140664583	140665083	0
14650	chrX	159077163	159077663	0
14651	chrX	166271803	166272457	0
14652	chr1	85111753	85112253	0
14653	chr1	86579334	86579834	0
14654	chr1	88636858	88637358	0
14655	chr1	120596719	120597219	0
14656	chr1	128587430	128587930	0
14657	chr1	136576714	136577214	0
14658	chr1	142894311	142894811	0
14660	chr1	154790524	154791024	0
14661	chr1	156996939	156997439	0
14662	chr1	160031306	160031806	0
14663	chr1	160920604	160921104	0
14664	chr1	180423099	180423599	0
14665	chr1	184018365	184018865	0
14666	chr1	191328526	191329026	0
14667	chr1	193169570	193170070	0
14668	chr2	12413925	12414425	0
14669	chr2	13580058	13580688	0
14670	chr2	19627889	19628389	0
14671	chr2	21034437	21034937	0
14672	chr2	24570881	24571381	0
14673	chr2	26198215	26198715	0
14674	chr2	26601061	26601561	0
14675	chr2	29706864	29707364	0
14677	chr2	58484448	58484948	0
14678	chr2	59785170	59785670	0
14679	chr2	62419342	62419842	0
14680	chr2	72055811	72056311	0
14681	chr2	73005182	73005682	0
14682	chr2	79009981	79010481	0
14683	chr2	79545567	79546067	0
14684	chr2	90641177	90641677	0
14685	chr2	91099390	91099890	0
14686	chr2	147030106	147030606	0
14687	chr2	154669478	154669978	0
14688	chr2	156504121	156504621	0
14689	chr2	165328649	165329149	0
14690	chr2	167753262	167753762	0
14691	chr2	168195227	168195727	0
14692	chr2	169987096	169987596	0
14693	chr3	19189481	19189981	0
14694	chr3	19420847	19421347	0
14695	chr3	28327311	28327811	0
14696	chr3	41389530	41390030	0
14697	chr3	41603213	41603841	0
14698	chr3	65846103	65846603	0
14699	chr3	95517362	95517862	0
14700	chr3	98063536	98064036	0
14701	chr3	141862468	141862968	0
14702	chr3	142710608	142711108	0
14703	chr4	8755610	8756110	0
14704	chr4	11708728	11709228	0
14705	chr4	32357051	32357551	0
14706	chr4	59440634	59441134	0
14707	chr4	62288512	62289012	0
14708	chr4	86672015	86672515	0
14710	chr4	101651381	101651881	0
14711	chr4	109105033	109105533	0
14712	chr4	119040005	119040505	0
14713	chr4	127400553	127401053	0
14714	chr4	132567661	132568161	0
14715	chr4	132815135	132815635	0
14716	chr4	133346702	133347202	0
14717	chr4	133677058	133677558	0
14718	chr4	135164934	135165434	0
14719	chr4	135348940	135349440	0
14720	chr4	145026616	145027116	0
14721	chr4	149466209	149466709	0
14722	chr5	3516100	3516600	0
14723	chr5	4176221	4176721	0
14724	chr5	27303379	27303879	0
14725	chr5	28162095	28162595	0
14726	chr5	28398985	28399485	0
14727	chr5	34590949	34591449	0
14728	chr5	62756665	62757165	0
14729	chr5	66294370	66294998	0
14730	chr5	75018266	75018766	0
14731	chr5	79405945	79406445	0
14732	chr5	93095714	93096214	0
14733	chr5	107869073	107869573	0
14734	chr5	111334225	111334855	0
14735	chr5	120662384	120662884	0
14736	chr5	124001069	124001569	0
14737	chr5	137094791	137095291	0
14738	chr5	142410224	142410724	0
14739	chr5	143512372	143512872	0
14740	chr5	149241581	149242081	0
14741	chr6	6570958	6571458	0
14742	chr6	31407418	31407918	0
14743	chr6	33801678	33802178	0
14744	chr6	38641213	38641713	0
14745	chr6	49331359	49331859	0
14746	chr6	52379973	52380473	0
14747	chr6	57674454	57675174	0
14748	chr6	57796897	57797397	0
14749	chr6	72631297	72631797	0
14750	chr6	83433021	83433521	0
14751	chr6	90548343	90548843	0
14752	chr6	92096857	92097357	0
14753	chr6	97235166	97235666	0
14754	chr6	98624067	98624567	0
14755	chr6	100281117	100281617	0
14756	chr6	121342427	121343055	0
14757	chr6	128770028	128770658	0
14758	chr6	129201946	129202446	0
14759	chr6	134055195	134055695	0
14760	chr6	136451120	136451620	0
14762	chr6	144664767	144665267	0
14763	chr6	144723108	144723608	0
14764	chr7	4610463	4610963	0
14765	chr7	5357151	5357651	0
14766	chr7	16037748	16038248	0
14767	chr7	19169205	19169705	0
14768	chr7	19491208	19491708	0
14769	chr7	19847504	19848004	0
14770	chr7	46378964	46379464	0
14771	chr7	66789987	66790487	0
14772	chr7	98252931	98253431	0
14773	chr7	109953099	109953599	0
14774	chr7	113511605	113512105	0
14775	chr7	118206285	118206785	0
14776	chr7	132428378	132428878	0
14777	chr7	135668718	135669218	0
14778	chr7	144551527	144552027	0
14779	chr8	3645391	3645891	0
14780	chr8	24554098	24554598	0
14781	chr8	35923276	35923776	0
14782	chr8	61908792	61909292	0
14783	chr8	71660724	71661224	0
14784	chr8	105283323	105283823	0
14785	chr8	107505522	107506022	0
14786	chr8	111019530	111020030	0
14787	chr8	117548111	117548611	0
14788	chr8	122839276	122839776	0
14789	chr8	122873683	122874183	0
14790	chr8	122945172	122945672	0
14791	chr8	128647935	128648435	0
14792	chr9	13613875	13614375	0
14793	chr9	14207685	14208185	0
14794	chr9	14999720	15000220	0
14795	chr9	15009575	15010075	0
14796	chr9	22367831	22368331	0
14797	chr9	40877510	40878010	0
14798	chr9	41218709	41219209	0
14799	chr9	50459545	50460045	0
14800	chr9	53376429	53376929	0
14801	chr9	59585228	59585728	0
14802	chr9	62374828	62375328	0
14803	chr9	70497228	70497728	0
14804	chr9	97101958	97102458	0
14805	chr9	100693468	100693968	0
14806	chr9	106208081	106208581	0
14807	chr9	107374424	107374924	0
14808	chr9	114018969	114019469	0
14809	chr9	124127552	124128052	0
14810	chr10	7435835	7436335	0
14811	chr10	20002602	20003102	0
14812	chr10	34185549	34186049	0
14813	chr10	42827876	42828376	0
14814	chr10	43728676	43729176	0
14815	chr10	45485468	45485968	0
14816	chr10	50910734	50911234	0
14817	chr10	68794861	68795361	0
14818	chr10	76006630	76007130	0
14819	chr10	78385167	78385667	0
14820	chr10	80124758	80125258	0
14821	chr10	93435622	93436122	0
14822	chr10	93456912	93457412	0
14823	chr10	95305192	95305692	0
14824	chr10	96731630	96732256	0
14825	chr10	96854401	96854901	0
14826	chr10	111198558	111199058	0
14827	chr10	111411959	111412459	0
14828	chr10	122681978	122682478	0
14829	chr11	5373134	5373634	0
14830	chr11	5512585	5513085	0
14831	chr11	23818773	23819273	0
14832	chr11	54018707	54019207	0
14834	chr11	72619279	72619779	0
14835	chr11	77703467	77703967	0
14836	chr11	90524835	90525335	0
14837	chr11	113666592	113667092	0
14838	chr11	117678729	117679229	0
14839	chr11	119945045	119945545	0
14840	chr11	121350378	121350878	0
14841	chr12	35558742	35559242	0
14842	chr12	41325927	41326427	0
14843	chr12	51974105	51974605	0
14844	chr12	55026672	55027172	0
14845	chr12	70657162	70657662	0
14846	chr12	73444635	73445135	0
14847	chr12	73472305	73472805	0
14848	chr12	79540193	79540693	0
14849	chr12	83938506	83939006	0
14851	chr12	85156598	85157098	0
14852	chr12	86818158	86818658	0
14853	chr12	86913920	86914420	0
14855	chr12	114646631	114647131	0
14856	chr13	21414122	21414622	0
14857	chr13	24653398	24653898	0
14858	chr13	30155851	30156351	0
14859	chr13	30174104	30174604	0
14860	chr13	31792105	31792605	0
14861	chr13	42829227	42829727	0
14862	chr13	43750680	43751368	0
14863	chr13	44584051	44584551	0
14864	chr13	52904929	52905429	0
14865	chr13	54562912	54563412	0
14866	chr13	63558119	63558619	0
14867	chr13	74346848	74347348	0
14868	chr13	99954824	99955324	0
14869	chr13	103911205	103911891	0
14870	chr13	116991485	116991985	0
14871	chr14	10367682	10368182	0
14872	chr14	16823835	16824335	0
14873	chr14	19042312	19042812	0
14874	chr14	20565138	20565638	0
14875	chr14	21504806	21505306	0
14876	chr14	21941601	21942101	0
14877	chr14	30610624	30611298	0
14878	chr14	55017449	55017949	0
14879	chr14	57828029	57828529	0
14880	chr14	67146636	67147136	0
14881	chr14	105815312	105815812	0
14882	chr14	122116230	122116730	0
14883	chr14	122788114	122788754	0
14884	chr15	6056580	6057080	0
14885	chr15	7998992	7999492	0
14887	chr15	25857584	25858084	0
14888	chr15	38550618	38551118	0
14889	chr15	60103838	60104338	0
14890	chr15	66679956	66680456	0
14891	chr15	74537883	74538383	0
14892	chr15	80496855	80497355	0
14893	chr15	82141775	82142275	0
14894	chr15	85208077	85208577	0
14896	chr15	101178306	101178806	0
14898	chr16	22623566	22624066	0
14899	chr16	32295593	32296093	0
14900	chr16	33710641	33711141	0
14901	chr16	38122522	38123022	0
14902	chr16	45231435	45231935	0
14903	chr16	51698804	51699304	0
14904	chr16	52088098	52088598	0
14905	chr16	64796797	64797297	0
14906	chr16	70331633	70332133	0
14907	chr16	75874607	75875107	0
14908	chr16	76041574	76042074	0
14909	chr16	91432413	91432913	0
14910	chr16	94615121	94615621	0
14911	chr16	95439604	95440104	0
14912	chr17	15822868	15823368	0
14913	chr17	27619161	27619661	0
14914	chr17	29555413	29555913	0
14915	chr17	29669285	29669785	0
14916	chr17	29672513	29673013	0
14917	chr17	30609786	30610286	0
14918	chr17	34048494	34048994	0
14919	chr17	51748267	51748767	0
14920	chr17	52070465	52070965	0
14921	chr17	62856910	62857410	0
14922	chr17	70996922	70997422	0
14923	chr17	78994751	78995251	0
14924	chr17	83364712	83365212	0
14925	chr18	4928035	4928535	0
14926	chr18	4958550	4959050	0
14927	chr18	6244094	6244594	0
14928	chr18	15109043	15109543	0
14929	chr18	35841181	35841681	0
14930	chr18	36568135	36568635	0
14931	chr18	39559570	39560070	0
14932	chr18	76034935	76035435	0
14933	chr18	76544333	76544833	0
14934	chr18	80545948	80546448	0
14935	chr18	82493023	82493523	0
14936	chr18	90586648	90587148	0
14937	chr19	4992813	4993313	0
14938	chr19	14304173	14304673	0
14939	chr19	21833116	21833616	0
14940	chr19	29940544	29941044	0
14941	chr19	34205676	34206176	0
14942	chr19	36265512	36266012	0
14943	chr19	41088181	41088681	0
14944	chr19	47413302	47413802	0
14945	chr19	47914228	47914728	0
14946	chr19	53387562	53388062	0
14947	chr19	57970503	57971003	0
14948	chr19	60118471	60118971	0
14949	chrX	36360134	36360634	0
14950	chrX	48711628	48712128	0
14951	chrX	106623495	106623995	0
14952	chrX	155266834	155267334	0
14953	chrX	159694831	159695331	0
14955	chrX	167038137	167038773	0
14956	chrX	169798845	169799491	0
14957	chr1	9740649	9741149	0
14958	chr1	22832944	22833444	0
14959	chr1	38643442	38643942	0
14960	chr1	79757123	79757623	0
14961	chr1	90694883	90695383	0
14962	chr1	119051089	119051589	0
14963	chr1	132533892	132534392	0
14964	chr1	173434705	173435205	0
14965	chr1	178392958	178393458	0
14966	chr2	7254261	7254761	0
14967	chr2	12414915	12415415	0
14968	chr2	37419356	37419856	0
14969	chr2	59441770	59442270	0
14970	chr2	90989559	90990059	0
14971	chr2	101822410	101822910	0
14972	chr2	119198238	119198738	0
14973	chr2	125382256	125382756	0
14974	chr2	131266521	131267021	0
14975	chr2	131953190	131953690	0
14976	chr2	165027292	165027792	0
14977	chr2	167710045	167710545	0
14978	chr3	51718492	51718992	0
14979	chr3	65353654	65354154	0
14980	chr3	65598511	65599011	0
14981	chr3	127793124	127793624	0
14982	chr4	7644567	7645067	0
14983	chr4	33078876	33079376	0
14984	chr4	120567317	120567817	0
14985	chr4	126026229	126026729	0
14986	chr4	126283912	126284412	0
14987	chr4	135820441	135820941	0
14988	chr4	148169869	148170369	0
14989	chr5	9059516	9060016	0
14990	chr5	31199050	31199550	0
14991	chr5	34581648	34582148	0
14992	chr5	91947570	91948070	0
14993	chr5	97095171	97095671	0
14994	chr5	99383372	99383872	0
14995	chr5	104079960	104080460	0
14996	chr5	107927418	107927918	0
14997	chr5	111505716	111506216	0
14998	chr5	123676221	123676721	0
14999	chr5	124443332	124443832	0
15000	chr5	136975937	136976437	0
15001	chr5	148559603	148560103	0
15002	chr5	148634441	148634941	0
15003	chr6	49130003	49130503	0
15004	chr6	71963954	71964454	0
15005	chr6	84590231	84590731	0
15006	chr6	99033434	99033934	0
15007	chr6	116682523	116683023	0
15008	chr6	129735425	129735925	0
15009	chr7	19650956	19651456	0
15010	chr7	45886899	45887527	0
15011	chr7	46199753	46200253	0
15012	chr7	66938916	66939416	0
15013	chr7	78950168	78950668	0
15014	chr7	97209530	97210030	0
15015	chr7	127154037	127154537	0
15016	chr7	139367945	139368445	0
15017	chr7	145030151	145030651	0
15018	chr8	121957288	121957788	0
15019	chr9	25145884	25146384	0
15020	chr9	25548833	25549333	0
15021	chr9	56156460	56156960	0
15022	chr9	72699783	72700283	0
15023	chr9	72746113	72746613	0
15024	chr9	86476763	86477263	0
15025	chr9	96886678	96887178	0
15026	chr9	108938870	108939370	0
15027	chr9	109939049	109939549	0
15028	chr9	111211473	111211973	0
15029	chr9	122733287	122733787	0
15030	chr10	8070344	8070844	0
15031	chr10	12941385	12941885	0
15032	chr10	58300520	58301020	0
15033	chr10	63416626	63417126	0
15034	chr10	79552430	79552930	0
15035	chr10	88416890	88417390	0
15036	chr10	99462898	99463398	0
15037	chr11	3125426	3125926	0
15038	chr11	22661892	22662392	0
15039	chr11	44373165	44373665	0
15040	chr11	60119008	60119508	0
15041	chr11	74711303	74711803	0
15042	chr11	75594346	75594846	0
15043	chr11	79098280	79098780	0
15045	chr11	97984176	97984676	0
15046	chr11	101579721	101580221	0
15047	chr11	107585045	107585545	0
15048	chr11	108906545	108907045	0
15049	chr11	108926411	108926911	0
15050	chr11	114654083	114654583	0
15051	chr11	114860022	114860522	0
15052	chr11	117121332	117121832	0
15053	chr12	17782839	17783339	0
15054	chr12	40483788	40484288	0
15055	chr12	54563665	54564165	0
15056	chr12	69579550	69580050	0
15057	chr12	79802990	79803490	0
15058	chr12	80073416	80073916	0
15059	chr12	85496665	85497165	0
15060	chr13	12301861	12302361	0
15061	chr13	34991990	34992490	0
15062	chr13	44748360	44748860	0
15063	chr13	52970358	52970858	0
15064	chr13	111266029	111266529	0
15065	chr14	16252286	16252786	0
15066	chr14	17967311	17967811	0
15067	chr14	34810410	34810910	0
15068	chr14	49234738	49235238	0
15069	chr14	121576883	121577383	0
15070	chr15	25860438	25860938	0
15071	chr15	36271372	36271872	0
15072	chr15	51147563	51148063	0
15073	chr15	51857529	51858029	0
15074	chr15	73617073	73617573	0
15075	chr15	79733633	79734133	0
15076	chr15	79751418	79751918	0
15077	chr15	93879378	93879878	0
15078	chr15	100674816	100675316	0
15079	chr15	101154520	101155020	0
15080	chr16	3978157	3978657	0
15081	chr16	4593098	4593598	0
15082	chr16	19962167	19962667	0
15083	chr16	32324397	32324897	0
15084	chr16	43503790	43504420	0
15085	chr16	45234973	45235473	0
15086	chr16	48737240	48737740	0
15087	chr16	97244272	97244772	0
15088	chr17	18947321	18947821	0
15089	chr17	28332341	28332841	0
15090	chr17	28736470	28736970	0
15091	chr17	30111714	30112214	0
15092	chr17	56212759	56213259	0
15093	chr17	70968602	70969102	0
15094	chr17	81535818	81536318	0
15095	chr18	31817968	31818468	0
15096	chr18	34415521	34416021	0
15097	chr18	80296388	80296888	0
15098	chr19	5943838	5944338	0
15099	chr19	16775105	16775605	0
15100	chr19	29384612	29385112	0
15101	chr19	56770917	56771417	0
15102	chr19	59350296	59350796	0
15103	chrX	20267424	20267924	0
15104	chrX	77472872	77473372	0
15105	chrX	104636580	104637080	0
15106	chrX	104665686	104666186	0
15107	chr1	23903603	23904103	0
15108	chr1	46831969	46832469	0
15109	chr1	72843946	72844446	0
15110	chr1	74147118	74147618	0
15111	chr1	84836423	84836923	0
15112	chr1	118439667	118440167	0
15113	chr1	120449624	120450124	0
15114	chr1	131060177	131060677	0
15115	chr1	134987481	134987981	0
15116	chr1	138988780	138989280	0
15117	chr1	157536091	157536591	0
15118	chr1	161307959	161308459	0
15119	chr1	167494560	167495060	0
15120	chr1	170925332	170925832	0
15121	chr1	170981639	170982139	0
15122	chr1	184022955	184023455	0
15123	chr1	184730896	184731396	0
15124	chr1	193249726	193250226	0
15125	chr2	4389733	4390233	0
15126	chr2	58481063	58481563	0
15127	chr2	62450085	62450585	0
15128	chr2	71476902	71477402	0
15129	chr2	72135115	72135615	0
15130	chr2	72368980	72369480	0
15131	chr2	92971360	92971860	0
15132	chr2	103786848	103787348	0
15133	chr2	105759002	105759502	0
15134	chr2	116979932	116980432	0
15135	chr2	118102046	118102546	0
15136	chr2	146887455	146887955	0
15137	chr2	156868051	156868551	0
15138	chr2	157048925	157049425	0
15139	chr2	163712071	163712571	0
15140	chr2	166043175	166043675	0
15141	chr2	168559836	168560336	0
15142	chr3	53460132	53460632	0
15143	chr3	60411030	60411530	0
15144	chr3	65950409	65950909	0
15145	chr3	68048199	68048699	0
15146	chr3	82096111	82096611	0
15147	chr3	83783790	83784290	0
15148	chr3	95531162	95531662	0
15149	chr3	95684553	95685053	0
15150	chr3	97904258	97904758	0
15151	chr3	108133171	108133671	0
15152	chr3	133753894	133754394	0
15153	chr3	136321995	136322495	0
15154	chr4	31932384	31932884	0
15155	chr4	35079456	35079956	0
15156	chr4	63222005	63222505	0
15157	chr4	63674662	63675162	0
15158	chr4	63930395	63930895	0
15159	chr4	101654495	101654995	0
15160	chr4	107576619	107577119	0
15161	chr4	109983566	109984066	0
15162	chr4	117136087	117136587	0
15163	chr4	134756857	134757357	0
15164	chr4	145130174	145130674	0
15165	chr5	32185714	32186214	0
15166	chr5	33834288	33834788	0
15167	chr5	37197966	37198466	0
15168	chr5	72850936	72851436	0
15169	chr5	75019451	75019951	0
15170	chr5	88928216	88928716	0
15171	chr5	92508662	92509162	0
15172	chr5	100271943	100272443	0
15173	chr5	105859360	105859860	0
15174	chr5	122217208	122217708	0
15175	chr5	123001957	123002457	0
15176	chr5	137826645	137827145	0
15177	chr5	139404404	139405034	0
15178	chr5	140263804	140264304	0
15179	chr5	144164078	144164578	0
15180	chr6	8363987	8364487	0
15181	chr6	8686421	8686921	0
15182	chr6	12012078	12012578	0
15183	chr6	49039675	49040175	0
15184	chr6	50320739	50321239	0
15185	chr6	52691615	52692115	0
15186	chr6	71119937	71120437	0
15187	chr6	86133595	86134095	0
15188	chr6	120348677	120349177	0
15189	chr6	127790504	127791004	0
15190	chr7	4075420	4075920	0
15191	chr7	4645538	4646038	0
15192	chr7	19260697	19261197	0
15193	chr7	24736056	24736556	0
15194	chr7	28221130	28221630	0
15195	chr7	28487840	28488340	0
15196	chr7	31044508	31045008	0
15197	chr7	58666596	58667096	0
15198	chr7	75484476	75484976	0
15199	chr7	80373311	80373811	0
15200	chr7	90034169	90034669	0
15201	chr7	90280385	90280885	0
15202	chr7	110859565	110860065	0
15203	chr7	120882927	120883427	0
15204	chr7	133121566	133122066	0
15206	chr8	33816349	33816849	0
15207	chr8	36133100	36133600	0
15208	chr8	41052626	41053126	0
15209	chr8	80364324	80364824	0
15211	chr8	84233684	84234184	0
15212	chr8	84572654	84573154	0
15213	chr8	86892779	86893279	0
15214	chr8	106379308	106379808	0
15215	chr8	109781299	109781799	0
15216	chr8	119439684	119440184	0
15217	chr8	124238038	124238538	0
15218	chr9	7804835	7805335	0
15221	chr9	49533712	49534212	0
15222	chr9	58536701	58537201	0
15223	chr9	83445872	83446372	0
15224	chr9	96646158	96646658	0
15225	chr9	104335772	104336272	0
15226	chr9	118147217	118147717	0
15227	chr9	118683951	118684451	0
15228	chr9	124103508	124104008	0
15229	chr10	20363509	20364009	0
15230	chr10	26325019	26325519	0
15231	chr10	34286256	34286756	0
15232	chr10	39767755	39768255	0
15233	chr10	51492349	51492849	0
15234	chr10	58359572	58360072	0
15235	chr10	66995548	66996048	0
15236	chr10	76301223	76301723	0
15237	chr10	81401572	81402072	0
15238	chr10	81596815	81597315	0
15239	chr10	82947403	82947903	0
15240	chr10	84110276	84110776	0
15241	chr10	93389198	93389698	0
15242	chr11	19373097	19373597	0
15243	chr11	46356372	46356872	0
15244	chr11	48988167	48988667	0
15245	chr11	53443206	53443706	0
15246	chr11	70134548	70135048	0
15247	chr11	75517120	75517620	0
15248	chr11	100926622	100927122	0
15249	chr11	117786525	117787025	0
15250	chr12	3303859	3304359	0
15251	chr12	3887233	3887733	0
15252	chr12	17733659	17734159	0
15253	chr12	20991330	20991830	0
15254	chr12	21414034	21414534	0
15255	chr12	28734718	28735218	0
15256	chr12	32140720	32141220	0
15257	chr12	55405434	55405934	0
15258	chr12	80123122	80123622	0
15260	chr12	84172644	84173144	0
15261	chr12	98602646	98603146	0
15262	chr12	101955072	101955572	0
15263	chr12	104742600	104743100	0
15264	chr13	10231976	10232476	0
15265	chr13	34689752	34690252	0
15266	chr13	69814093	69814593	0
15267	chr13	94388912	94389412	0
15268	chr13	95778268	95778768	0
15269	chr13	111890174	111890674	0
15270	chr13	113603878	113604378	0
15271	chr14	34298781	34299281	0
15272	chr14	45095221	45095721	0
15273	chr14	53407146	53407834	0
15274	chr14	53807156	53807656	0
15275	chr14	54748534	54749034	0
15276	chr14	56805324	56805824	0
15277	chr14	67769885	67770385	0
15278	chr14	105172065	105172565	0
15279	chr14	121886350	121886850	0
15280	chr15	5146608	5147108	0
15281	chr15	59612328	59612828	0
15282	chr15	76995712	76996212	0
15283	chr15	83025971	83026471	0
15284	chr15	86074321	86074821	0
15285	chr15	88721582	88722082	0
15286	chr15	93973998	93974498	0
15287	chr15	100640584	100641084	0
15288	chr16	10438593	10439093	0
15289	chr16	17198321	17198821	0
15290	chr16	32073509	32074009	0
15291	chr16	32154045	32154545	0
15292	chr16	38385645	38386145	0
15293	chr16	70008480	70008980	0
15294	chr17	8364703	8365203	0
15295	chr17	10298075	10298575	0
15296	chr17	17439154	17439654	0
15297	chr17	24117589	24118089	0
15298	chr17	46800055	46800555	0
15299	chr17	71681465	71681965	0
15300	chr17	74264838	74265338	0
15301	chr17	79314279	79314779	0
15302	chr18	4291096	4291596	0
15303	chr18	8490261	8490761	0
15304	chr18	10170888	10171388	0
15305	chr18	32406440	32406940	0
15306	chr18	36180401	36180901	0
15307	chr18	56720105	56720605	0
15308	chr18	74896485	74896985	0
15309	chr18	81587333	81587833	0
15310	chr19	5722665	5723165	0
15311	chr19	25451168	25451668	0
15312	chr19	29263135	29263635	0
15313	chr19	31334532	31335032	0
15314	chr19	41877516	41878016	0
15315	chr19	59252935	59253435	0
15316	chrX	11776589	11777089	0
15317	chrX	23767360	23767860	0
15318	chrX	36975548	36976048	0
15319	chrX	104653536	104654036	0
15320	chrX	113873180	113873680	0
15321	chrX	140597776	140598276	0
15322	chrX	140979136	140979636	0
15323	chrX	140984098	140984598	0
15324	chrX	142695386	142695886	0
15325	chrX	159262548	159263048	0
15326	chrX	166803241	166803741	0
15327	chr1	7111698	7112198	0
15328	chr1	9863787	9864287	0
15329	chr1	21074309	21074809	0
15330	chr1	33898579	33899079	0
15331	chr1	37721874	37722374	0
15332	chr1	40112795	40113295	0
15333	chr1	41025057	41025557	0
15334	chr1	57852536	57853036	0
15335	chr1	89602887	89603387	0
15336	chr1	92827594	92828094	0
15337	chr1	155120683	155121183	0
15338	chr1	160915898	160916398	0
15339	chr1	180519196	180519696	0
15340	chr1	189096516	189097016	0
15341	chr1	191813277	191813777	0
15342	chr2	25120671	25121171	0
15343	chr2	32429199	32429699	0
15344	chr2	53199684	53200184	0
15345	chr2	71723038	71723538	0
15346	chr2	73066145	73066645	0
15347	chr2	94263705	94264205	0
15348	chr2	101563333	101563833	0
15349	chr2	105949358	105949858	0
15350	chr2	128068158	128068658	0
15351	chr2	148439401	148439901	0
15352	chr2	153275246	153275746	0
15353	chr2	160662748	160663248	0
15354	chr2	166729755	166730255	0
15355	chr2	173260896	173261396	0
15356	chr3	38808469	38808969	0
15357	chr3	94758260	94758760	0
15358	chr3	95897946	95898446	0
15359	chr3	115902875	115903375	0
15360	chr3	121680401	121680901	0
15361	chr3	122566621	122567121	0
15362	chr3	127749077	127749577	0
15363	chr3	135568776	135569276	0
15364	chr3	153978508	153979008	0
15365	chr4	3722709	3723209	0
15366	chr4	24567488	24567988	0
15367	chr4	33023696	33024196	0
15368	chr4	33275639	33276139	0
15369	chr4	33312526	33313026	0
15370	chr4	44814396	44814896	0
15371	chr4	46479003	46479503	0
15372	chr4	46876848	46877348	0
15373	chr4	81970195	81970695	0
15374	chr4	82677318	82677818	0
15375	chr4	100886468	100886968	0
15376	chr4	107953194	107953694	0
15377	chr4	109690534	109691034	0
15378	chr4	121206652	121207152	0
15379	chr4	133118192	133118692	0
15380	chr4	134928326	134928826	0
15381	chr4	140584592	140585092	0
15382	chr4	149162667	149163167	0
15383	chr4	151312520	151313020	0
15384	chr4	152518630	152519130	0
15385	chr4	155871715	155872215	0
15386	chr5	23597653	23598153	0
15387	chr5	33338107	33338607	0
15388	chr5	75623757	75624257	0
15389	chr5	76946663	76947163	0
15390	chr5	100871439	100871939	0
15391	chr5	110761389	110761889	0
15392	chr5	112426860	112427360	0
15393	chr5	114591746	114592246	0
15394	chr5	116309422	116309922	0
15395	chr5	119634396	119634896	0
15396	chr5	120815886	120816386	0
15397	chr5	122896159	122896659	0
15398	chr5	124449129	124449629	0
15399	chr5	127609399	127609899	0
15400	chr5	134101870	134102370	0
15401	chr6	17084391	17084891	0
15402	chr6	38336589	38337089	0
15403	chr6	67368072	67368572	0
15404	chr6	87479281	87479781	0
15405	chr6	88123817	88124317	0
15406	chr6	127219128	127219628	0
15407	chr6	145117500	145118000	0
15408	chr6	146478459	146478959	0
15409	chr7	16208186	16208686	0
15410	chr7	38150846	38151346	0
15411	chr7	45371935	45372435	0
15412	chr7	75590727	75591227	0
15413	chr7	99434723	99435223	0
15414	chr7	102511483	102511983	0
15415	chr7	109490000	109490500	0
15416	chr7	111155972	111156472	0
15417	chr7	127149556	127150056	0
15418	chr7	138122776	138123276	0
15419	chr7	140188044	140188544	0
15420	chr7	142794576	142795076	0
15421	chr8	22453960	22454460	0
15422	chr8	64626369	64626869	0
15423	chr8	81735182	81735682	0
15424	chr8	86866473	86866973	0
15425	chr8	88205080	88205580	0
15426	chr8	120152570	120153070	0
15427	chr8	121847204	121847704	0
15428	chr8	127440917	127441417	0
15429	chr9	11373454	11373954	0
15430	chr9	31045595	31046095	0
15431	chr9	35202374	35202874	0
15432	chr9	42425141	42425641	0
15433	chr9	50797691	50798191	0
15434	chr9	59430911	59431411	0
15435	chr9	62662921	62663421	0
15436	chr9	63090195	63090695	0
15437	chr9	70367487	70367987	0
15438	chr9	78105458	78105958	0
15439	chr9	89204450	89204950	0
15440	chr9	95106685	95107185	0
15441	chr9	96861464	96861964	0
15442	chr9	109001028	109001528	0
15443	chr9	112100490	112100990	0
15444	chr9	113940412	113940912	0
15445	chr10	20166096	20166596	0
15446	chr10	21890298	21890798	0
15447	chr10	59235829	59236329	0
15448	chr10	63582830	63583330	0
15449	chr10	69245879	69246379	0
15450	chr10	75444254	75444754	0
15451	chr10	79940725	79941225	0
15452	chr10	80553962	80554462	0
15453	chr10	80765374	80765874	0
15454	chr10	99208853	99209353	0
15455	chr10	123187869	123188369	0
15456	chr11	4501558	4502058	0
15457	chr11	16495827	16496327	0
15458	chr11	29530028	29530528	0
15459	chr11	55454500	55455000	0
15460	chr11	62645925	62646425	0
15461	chr11	70566113	70566613	0
15462	chr11	70774331	70774831	0
15463	chr11	74421808	74422308	0
15464	chr11	75842175	75842675	0
15465	chr11	76760040	76760540	0
15466	chr11	77380434	77380934	0
15467	chr11	82866063	82866563	0
15468	chr11	95455445	95455945	0
15469	chr11	95732909	95733409	0
15470	chr11	109678405	109678905	0
15471	chr11	117277569	117278069	0
15472	chr11	117946572	117947072	0
15473	chr12	4597888	4598388	0
15474	chr12	21087101	21087601	0
15475	chr12	34975684	34976184	0
15476	chr12	51673096	51673596	0
15477	chr12	59024838	59025338	0
15478	chr12	78927324	78927824	0
15479	chr12	82303839	82304339	0
15480	chr12	99352516	99353016	0
15481	chr12	100952546	100953046	0
15482	chr13	29770925	29771425	0
15483	chr13	32078171	32078671	0
15484	chr13	35389607	35390107	0
15485	chr13	37674287	37674787	0
15486	chr13	38269316	38269816	0
15487	chr13	41519579	41520079	0
15488	chr13	48852272	48852772	0
15489	chr13	52590870	52591370	0
15490	chr13	55247901	55248401	0
15491	chr13	55318545	55319045	0
15492	chr13	55963618	55964118	0
15493	chr13	75652790	75653290	0
15494	chr13	99308081	99308581	0
15495	chr13	113596614	113597114	0
15496	chr14	19020170	19020670	0
15497	chr14	26358894	26359394	0
15498	chr14	27193247	27193747	0
15499	chr14	30828107	30828607	0
15500	chr14	55062534	55063034	0
15501	chr14	57712700	57713200	0
15502	chr14	61692028	61692528	0
15503	chr14	70751105	70751605	0
15504	chr14	73557360	73557860	0
15505	chr14	76195414	76195914	0
15506	chr15	27991221	27991721	0
15507	chr15	55319735	55320235	0
15508	chr15	59616653	59617153	0
15509	chr15	64037322	64037822	0
15510	chr15	66568136	66568636	0
15511	chr15	66581297	66581797	0
15512	chr15	79381480	79381980	0
15513	chr15	83471099	83471599	0
15514	chr15	84686417	84686917	0
15515	chr15	86334889	86335389	0
15516	chr15	88865851	88866351	0
15517	chr15	89161292	89161792	0
15518	chr15	99302220	99302720	0
15519	chr15	100122548	100123048	0
15520	chr16	20960639	20961139	0
15521	chr16	31187849	31188349	0
15522	chr16	33748114	33748614	0
15523	chr16	94879091	94879591	0
15524	chr17	5217160	5217660	0
15525	chr17	8369832	8370332	0
15526	chr17	10310200	10310700	0
15527	chr17	12764516	12765016	0
15528	chr17	23830785	23831285	0
15529	chr17	27734986	27735486	0
15530	chr17	29050504	29051004	0
15531	chr17	29975665	29976165	0
15532	chr17	31859516	31860016	0
15533	chr17	33290829	33291329	0
15534	chr17	45871696	45872196	0
15535	chr17	47841716	47842216	0
15536	chr17	72930303	72930803	0
15537	chr18	4655515	4656015	0
15538	chr18	24241352	24241852	0
15539	chr18	60990755	60991255	0
15540	chr18	69665885	69666385	0
15541	chr18	75364759	75365259	0
15542	chr19	3377527	3378027	0
15543	chr19	5711371	5711871	0
15544	chr19	17210881	17211381	0
15545	chr19	34151859	34152359	0
15546	chr19	42544702	42545202	0
15547	chr19	43600075	43600575	0
15548	chr19	55767842	55768342	0
15549	chrX	9452205	9452705	0
15550	chrX	9470387	9470887	0
15551	chrX	17564226	17564726	0
15552	chrX	59582780	59583280	0
15553	chrX	75127209	75127709	0
15554	chrX	93299138	93299638	0
15555	chrX	107234007	107234507	0
15556	chrX	108827913	108828413	0
15557	chrX	113859197	113859697	0
15558	chrX	153926217	153926717	0
15559	chr1	21038563	21039063	0
15560	chr1	43504383	43504883	0
15561	chr1	43913148	43913648	0
15562	chr1	79661096	79661596	0
15563	chr1	91507468	91507968	0
15564	chr1	155827170	155827670	0
15565	chr2	18903796	18904296	0
15566	chr2	22986589	22987089	0
15567	chr2	24182263	24182763	0
15568	chr2	26109862	26110362	0
15569	chr2	29255312	29255812	0
15570	chr2	61602837	61603337	0
15571	chr2	151962272	151962772	0
15572	chr2	153110098	153110598	0
15573	chr2	154685185	154685685	0
15574	chr2	165338764	165339264	0
15575	chr2	166682906	166683406	0
15576	chr3	31217243	31217743	0
15577	chr3	37160384	37160884	0
15578	chr3	51129912	51130412	0
15579	chr3	83991614	83992114	0
15580	chr3	87551451	87551951	0
15581	chr3	95814222	95814722	0
15582	chr3	152569010	152569510	0
15583	chr4	11887563	11888063	0
15584	chr4	45396624	45397124	0
15585	chr4	63866734	63867234	0
15586	chr4	102290785	102291285	0
15587	chr4	119551672	119552172	0
15588	chr4	120007898	120008398	0
15589	chr4	129789104	129789604	0
15590	chr4	135983954	135984454	0
15591	chr4	150116929	150117429	0
15592	chr4	152349840	152350340	0
15593	chr5	20871177	20871677	0
15594	chr5	25472551	25473051	0
15595	chr5	35960590	35961090	0
15596	chr5	86318378	86318878	0
15597	chr5	105435695	105436195	0
15598	chr5	113373148	113373648	0
15599	chr5	124415144	124415644	0
15600	chr5	136515209	136515709	0
15601	chr5	137751234	137751734	0
15602	chr6	5436078	5436578	0
15603	chr6	48528994	48529494	0
15604	chr6	88475701	88476201	0
15605	chr6	88718072	88718572	0
15606	chr6	99182857	99183357	0
15607	chr6	119527463	119527963	0
15608	chr6	129544674	129545174	0
15609	chr6	140726743	140727243	0
15610	chr7	14551759	14552259	0
15611	chr7	19600833	19601333	0
15612	chr7	25692320	25692820	0
15613	chr7	45770041	45770541	0
15614	chr7	68060188	68060688	0
15615	chr7	92732169	92732669	0
15616	chr7	113260502	113261002	0
15617	chr7	118928601	118929101	0
15618	chr8	13014966	13015466	0
15619	chr8	57595644	57596144	0
15620	chr8	79482797	79483297	0
15621	chr8	83576850	83577350	0
15622	chr8	83719022	83719522	0
15623	chr8	106508095	106508595	0
15624	chr8	107621432	107621932	0
15625	chr8	117367251	117367751	0
15626	chr8	119551221	119551721	0
15627	chr9	42229456	42229956	0
15628	chr9	57815764	57816264	0
15629	chr9	60414425	60414925	0
15630	chr9	77528653	77529153	0
15631	chr9	120771349	120771849	0
15632	chr10	4674895	4675395	0
15633	chr10	15261972	15262472	0
15634	chr10	19812650	19813150	0
15635	chr10	19942039	19942539	0
15636	chr10	43021137	43021637	0
15637	chr10	53635320	53635820	0
15638	chr10	62189714	62190214	0
15639	chr10	130327589	130328089	0
15640	chr11	6673831	6674331	0
15641	chr11	21045698	21046198	0
15642	chr11	32652194	32652694	0
15643	chr11	49698938	49699438	0
15644	chr11	53466440	53466940	0
15645	chr11	60910129	60910629	0
15646	chr11	62544589	62545089	0
15647	chr11	121018871	121019371	0
15648	chr12	57138025	57138525	0
15649	chr12	70192712	70193212	0
15650	chr12	72662319	72662819	0
15651	chr12	80998645	80999145	0
15652	chr12	84211362	84211862	0
15653	chr12	86006602	86007102	0
15654	chr12	92672425	92672925	0
15655	chr13	12409712	12410212	0
15656	chr13	18791459	18791959	0
15657	chr13	19208186	19208686	0
15658	chr13	23911226	23911726	0
15659	chr13	58073331	58073831	0
15660	chr14	20699873	20700373	0
15661	chr14	69040336	69040836	0
15662	chr14	75458392	75458892	0
15663	chr14	79392656	79393156	0
15664	chr15	31350499	31350999	0
15665	chr15	63704851	63705351	0
15666	chr15	66684930	66685430	0
15667	chr15	67996705	67997205	0
15668	chr15	73494488	73494988	0
15669	chr15	86093613	86094113	0
15670	chr16	11469637	11470137	0
15671	chr16	75894708	75895208	0
15672	chr16	92023711	92024211	0
15673	chr17	3490122	3490622	0
15674	chr17	27043352	27043852	0
15675	chr17	29114984	29115484	0
15676	chr17	30010357	30010857	0
15677	chr17	47918929	47919429	0
15678	chr17	56308131	56308631	0
15679	chr17	84259606	84260106	0
15680	chr18	10172172	10172672	0
15681	chr18	44586663	44587163	0
15682	chr18	61837909	61838409	0
15683	chr18	65937373	65937873	0
15684	chr18	79067686	79068186	0
15685	chr19	16143082	16143582	0
15686	chr19	47456436	47456936	0
15687	chr19	59380926	59381426	0
15688	chrX	7750630	7751130	0
15689	chrX	11109349	11109849	0
15690	chrX	13601793	13602293	0
15691	chrX	48204749	48205249	0
15692	chrX	75517634	75518134	0
15693	chrX	140510174	140510674	0
15694	chrX	142375365	142375865	0
15695	chrX	167332961	167333461	0
15696	chrX	169105938	169106438	0
15697	chr2	26596509	26597009	0
15698	chr4	11672410	11672910	0
15699	chr6	8059170	8059670	0
15700	chr7	60244253	60244753	0
15701	chr7	100892062	100892562	0
15702	chr9	114745836	114746336	0
15703	chr17	86247635	86248135	0
15704	chr19	10518281	10518781	0
15705	chr19	32377262	32377762	0
15706	chrX	94794700	94795200	0
15707	chr13	31504502	31505002	0
15708	chr12	3368181	3368681	0
