21335	chr3	102723017	102725473	0
21572	chr1	36064461	36065735	0
21600	chr4	128807442	128808652	0
21603	chr6	8485311	8486241	0
21647	chr11	32646547	32648459	0
21673	chr4	133742124	133744022	0
21742	chr2	29636749	29638657	0
21744	chr2	58130076	58131674	0
21798	chr13	119597401	119597901	0
22179	chr12	16169861	16171039	0
22470	chr6	136734999	136736297	0
22489	chr17	71490632	71491574	0
22506	chr11	43376861	43378017	0
22541	chr15	82888639	82890011	0
22660	chr9	114487155	114488447	0
22666	chr13	109926189	109926941	0
22677	chr1	127829639	127830389	0
22704	chr16	95284337	95285249	0
22711	chr1	161783125	161784755	0
22785	chr11	11702855	11703979	0
22787	chr12	116466139	116467325	0
22808	chr6	38846920	38847690	0
22836	chr3	131329941	131330853	0
22852	chr11	46347906	46348942	0
22865	chr2	6713713	6714499	0
22880	chr9	20764478	20765370	0
22927	chr12	107145024	107145820	0
22963	chr9	114787645	114788661	0
22967	chr10	96398284	96399202	0
22975	chr14	31761420	31762728	0
22985	chr2	68430469	68431517	0
22995	chr8	106901517	106902621	0
23007	chr18	39011041	39012001	0
23021	chr4	85005559	85006059	0
23072	chr2	132040304	132041084	0
23082	chr7	58686161	58687001	0
23149	chr16	32706588	32707528	0
23151	chr19	4080539	4081177	0
23192	chr19	36704291	36706183	0
23206	chr7	78864482	78866002	0
23244	chr3	68782434	68783362	0
23253	chr6	143176805	143177751	0
23261	chr8	128480378	128481152	0
23334	chr15	52899995	52900873	0
23341	chr2	174326247	174326873	0
23351	chr6	134246693	134247475	0
23359	chr10	39430935	39431699	0
23371	chr17	35302075	35302701	0
23395	chr8	120715428	120716222	0
23398	chr9	72169335	72170087	0
23422	chr15	36395186	36395686	0
23434	chr3	142493753	142494379	0
23444	chr6	97530743	97531561	0
23459	chr12	34432130	34432958	0
23484	chr4	88014632	88015262	0
23500	chr9	62373527	62374353	0
23529	chr17	80773427	80773927	0
23542	chr3	115674766	115675392	0
23563	chr15	66974127	66974783	0
23567	chr17	73086946	73087446	0
23604	chr8	71628807	71629433	0
23612	chr12	25239229	25240139	0
23617	chr13	37793150	37793986	0
23620	chr14	70279162	70279910	0
23621	chr14	78300929	78301857	0
23622	chr15	27826123	27826909	0
23631	chr18	56716138	56716638	0
23646	chr2	170508642	170509268	0
23656	chr6	119918387	119918887	0
23668	chr9	35546529	35547029	0
23669	chr9	44716910	44717540	0
23672	chr9	72030631	72031291	0
23673	chr9	75245821	75246451	0
23692	chr12	99741163	99741977	0
23698	chr15	50667220	50668178	0
23713	chr2	120660490	120661432	0
23734	chr6	134174538	134175268	0
23756	chr13	85458537	85459419	0
23781	chr3	27280451	27280951	0
23791	chr6	128802921	128803421	0
23807	chr9	65010863	65011581	0
23836	chr19	32726514	32727186	0
23839	chr1	13311521	13312355	0
23841	chr1	94091230	94091856	0
23843	chr2	32172743	32174261	0
23849	chr5	64095011	64095863	0
23850	chr5	148379526	148380026	0
23852	chr6	115989798	115990672	0
23863	chr10	94848571	94849237	0
23867	chr11	112154655	112155569	0
23884	chr15	66877509	66878135	0
23891	chr19	32172571	32173071	0
23900	chr2	168552682	168553808	0
23903	chr4	32347669	32348169	0
23914	chr7	125617703	125618613	0
23919	chr8	81736077	81736577	0
23940	chr12	99328139	99328813	0
23944	chr13	85278955	85279751	0
23947	chr14	76580033	76580533	0
23950	chr15	28181893	28182591	0
23961	chr17	6793798	6794758	0
23962	chr17	27131219	27132063	0
23965	chr17	80096115	80096615	0
23967	chr18	38424868	38425502	0
23968	chr18	50042457	50043215	0
23969	chr18	70562639	70563267	0
23973	chrX	107266279	107267489	0
23979	chr4	32907157	32907845	0
24004	chr9	35108312	35108812	0
24010	chr10	93419060	93419686	0
24011	chr11	16559150	16559924	0
24017	chr13	44587778	44588544	0
24022	chr13	114842851	114843351	0
24034	chr15	80569588	80570392	0
24035	chr15	91644223	91644723	0
24036	chr16	52049184	52049946	0
24049	chr1	179645842	179646466	0
24060	chr6	29415603	29416103	0
24062	chr6	41224575	41225075	0
24065	chr7	67412946	67413446	0
24067	chr7	75497030	75497530	0
24077	chr11	32715439	32716069	0
24085	chr15	59481503	59482281	0
24086	chr15	60146067	60146971	0
24091	chr17	28487886	28488548	0
24097	chr19	36266380	36266880	0
24106	chr2	11616609	11617109	0
24132	chr8	34755312	34756142	0
24133	chr9	14876098	14876914	0
24136	chr9	55388212	55388712	0
24148	chr10	99385573	99386073	0
24152	chr11	32139686	32140310	0
24155	chr11	73085259	73085991	0
24157	chr11	98932800	98933300	0
24162	chr13	20099247	20100107	0
24169	chr16	92867202	92867702	0
24175	chr17	87298057	87298557	0
24180	chr19	18602829	18603455	0
24191	chr2	26669668	26670168	0
24193	chr2	90565779	90566531	0
24195	chr2	156426318	156427088	0
24197	chr2	164540942	164541568	0
24202	chr4	9135739	9136239	0
24206	chr5	3193818	3194460	0
24213	chr6	83392752	83393554	0
24214	chr6	99030075	99030849	0
24230	chr10	112926389	112926889	0
24234	chr11	62752423	62752923	0
24236	chr11	106663857	106664357	0
24251	chr16	36587711	36588211	0
24261	chr1	39571093	39571593	0
24267	chr1	138596205	138596705	0
24269	chr1	171789333	171789833	0
24270	chr1	177258792	177259292	0
24271	chr1	181168374	181169096	0
24275	chr2	173149063	173149563	0
24276	chr2	180099523	180100023	0
24288	chr6	86822183	86822683	0
24290	chr6	113330108	113330608	0
24291	chr6	120454851	120455777	0
24293	chr7	75775728	75776496	0
24296	chr7	128728554	128729054	0
24298	chr8	36193418	36193918	0
24309	chr9	110908820	110909320	0
24310	chr10	42068270	42068968	0
24312	chr10	122916271	122916771	0
24318	chr11	99186010	99186510	0
24319	chr11	117688400	117688900	0
24320	chr12	109089657	109090859	0
24322	chr13	21579322	21579958	0
24326	chr14	60122705	60123795	0
24330	chr14	76569757	76570257	0
24334	chr15	38709649	38710291	0
24345	chr1	43768106	43768606	0
24347	chr1	106581745	106582245	0
24348	chr1	132098091	132099007	0
24349	chr2	3810328	3810828	0
24357	chr2	173335496	173336138	0
24384	chr9	51401782	51402282	0
24393	chr11	11707800	11708460	0
24394	chr11	23754046	23754546	0
24402	chr11	116218794	116219652	0
24408	chr13	113265114	113265746	0
24416	chr16	38678985	38679485	0
24420	chr18	4294110	4294610	0
24422	chr18	65318024	65318694	0
24434	chr2	70930673	70931455	0
24442	chr4	135380904	135381554	0
24447	chr5	100929589	100930089	0
24456	chr6	98992813	98993443	0
24466	chr8	14014129	14014799	0
24472	chr9	70242961	70243869	0
24476	chr10	95964092	95965266	0
24477	chr10	96337971	96338729	0
24478	chr10	96579515	96580145	0
24479	chr10	98739301	98739941	0
24489	chr12	51812108	51812838	0
24491	chr13	32833572	32834072	0
24499	chr15	83038199	83038833	0
24503	chr16	92799154	92799654	0
24507	chr19	18615838	18616338	0
24513	chr1	43811484	43811984	0
24517	chr1	171762507	171763007	0
24518	chr1	189608290	189608790	0
24519	chr1	191579422	191579922	0
24527	chr3	88663669	88664169	0
24529	chr3	101293296	101293796	0
24530	chr3	106032295	106032795	0
24533	chr4	35129745	35130637	0
24535	chr4	95277768	95278268	0
24544	chr5	105343560	105344462	0
24547	chr5	147436153	147436789	0
24548	chr5	149018026	149018658	0
24551	chr7	16197696	16198908	0
24559	chr8	77282917	77283417	0
24563	chr8	121649668	121650588	0
24564	chr9	21260555	21261367	0
24565	chr9	45057878	45058508	0
24569	chr10	45821972	45822472	0
24573	chr10	96408518	96409018	0
24591	chr13	95517667	95518293	0
24593	chr14	20829299	20829799	0
24595	chr14	61173762	61174262	0
24596	chr14	64310121	64310621	0
24597	chr14	66196073	66196573	0
24598	chr14	67066287	67066787	0
24601	chr15	12065499	12066129	0
24603	chr15	60130110	60130610	0
24604	chr15	62139011	62139511	0
24606	chr17	57219606	57220542	0
24611	chr19	10173244	10173982	0
24615	chr19	53839392	53839892	0
24621	chr1	106568899	106569399	0
24625	chr1	155056416	155056916	0
24629	chr2	4492337	4493265	0
24630	chr2	6294806	6295306	0
24635	chr2	29106367	29106867	0
24638	chr2	57256632	57257132	0
24640	chr2	125660178	125660678	0
24646	chr3	138746380	138747004	0
24647	chr4	8417637	8418263	0
24648	chr4	41306971	41307757	0
24649	chr4	83284566	83285066	0
24658	chr5	58083591	58084215	0
24661	chr5	115032404	115032904	0
24663	chr6	8734881	8735381	0
24670	chr7	84638388	84639016	0
24671	chr7	90074306	90074806	0
24673	chr8	25196368	25197202	0
24678	chr9	41100366	41100866	0
24679	chr9	44175507	44176131	0
24680	chr9	63677526	63678336	0
24682	chr9	107601913	107602537	0
24690	chr11	49083732	49084232	0
24705	chr14	14599234	14599734	0
24707	chr14	25505186	25505814	0
24711	chr14	75056855	75057355	0
24712	chr15	6713313	6713813	0
24714	chr15	76795961	76796461	0
24719	chr16	11455010	11455510	0
24722	chr16	49962589	49963089	0
24725	chr17	24211239	24211863	0
24727	chr17	33924264	33925028	0
24735	chr19	17163423	17163923	0
24739	chr1	13788668	13789168	0
24741	chr1	43353728	43354484	0
24746	chr2	9748775	9749275	0
24752	chr3	107357037	107357669	0
24753	chr3	130904447	130904947	0
24759	chr5	67230446	67231076	0
24766	chr6	87509314	87510260	0
24769	chr6	120123461	120123961	0
24770	chr6	140631269	140631947	0
24776	chr8	117532582	117533082	0
24778	chr8	124302042	124302542	0
24784	chr9	121345613	121346553	0
24786	chr10	96822103	96822749	0
24787	chr10	118087697	118088197	0
24790	chr11	78678412	78678912	0
24793	chr12	52616078	52616578	0
24799	chr14	120351437	120351937	0
24807	chr16	32127949	32128631	0
24809	chr17	8209476	8210304	0
24810	chr17	8561695	8562195	0
24811	chr17	26530434	26531286	0
24812	chr17	47269113	47269613	0
24816	chr18	82847428	82847928	0
24823	chr1	80719950	80720450	0
24826	chr2	18691731	18692231	0
24827	chr2	19660456	19661106	0
24828	chr2	31042141	31042789	0
24829	chr2	57184615	57185321	0
24835	chr2	128474386	128475222	0
24838	chr3	142618346	142618846	0
24839	chr4	32305701	32306467	0
24841	chr4	88088217	88088717	0
24843	chr4	136463666	136464166	0
24845	chr5	99339565	99340065	0
24852	chr6	99810847	99811819	0
24854	chr6	142538506	142539006	0
24858	chr7	79313340	79313968	0
24860	chr7	132723744	132724244	0
24871	chr9	110134642	110135420	0
24875	chr10	59431373	59432017	0
24878	chr11	46070517	46071017	0
24879	chr11	96476129	96476629	0
24883	chr11	113507989	113508615	0
24885	chr12	8667226	8667726	0
24886	chr12	59170143	59170643	0
24888	chr12	108924482	108925522	0
24889	chr13	24230705	24231205	0
24892	chr13	63313160	63313940	0
24895	chr14	21635691	21636403	0
24896	chr14	30136954	30137454	0
24899	chr15	77691377	77692003	0
24905	chr16	48767733	48768357	0
24906	chr16	52051458	52052088	0
24910	chr17	26531560	26532060	0
24911	chr18	5941520	5942154	0
24921	chr1	61101660	61102534	0
24923	chr1	138550247	138550747	0
24926	chr1	180546081	180546581	0
24927	chr1	193344651	193345151	0
24930	chr2	163123307	163124077	0
24934	chr3	37645282	37645782	0
24939	chr3	116326895	116327525	0
24941	chr3	129566149	129566649	0
24944	chr4	32101251	32101923	0
24945	chr4	46508055	46508555	0
24946	chr4	89550492	89550992	0
24947	chr4	99659695	99660373	0
24949	chr4	125059064	125059564	0
24950	chr5	72164594	72165248	0
24951	chr5	96825771	96826271	0
24959	chr6	47314857	47315357	0
24960	chr6	49135222	49135722	0
24963	chr6	108540072	108540572	0
24965	chr6	129277457	129278115	0
24966	chr7	49365176	49365676	0
24968	chr7	114100561	114101189	0
24969	chr7	123135564	123136190	0
24970	chr7	128621971	128622607	0
24972	chr8	83862624	83863124	0
24976	chr8	122530471	122530971	0
24978	chr9	13509669	13510299	0
24980	chr9	27023526	27024026	0
24981	chr9	32612103	32612603	0
24985	chr9	57865898	57866398	0
24987	chr9	106312684	106313184	0
24990	chr10	39468857	39469357	0
24991	chr10	54037646	54038304	0
24995	chr11	49631533	49632161	0
24999	chr11	74656231	74656919	0
25002	chr11	96985448	96985948	0
25003	chr11	97415247	97415747	0
25006	chr11	100951976	100952476	0
25008	chr12	25251475	25251975	0
25018	chr14	48258964	48259594	0
25021	chr15	9472362	9472862	0
25026	chr15	67146176	67146676	0
25028	chr15	80062288	80062788	0
25030	chr15	86290033	86290659	0
25032	chr16	32750118	32750618	0
25036	chr16	76669782	76670570	0
25041	chr18	39664382	39664882	0
25043	chr19	7035843	7036723	0
25044	chr19	10063823	10064487	0
25050	chr1	59921976	59922476	0
25051	chr1	60075251	60075751	0
25052	chr1	80389871	80390371	0
25053	chr1	82808408	82808908	0
25054	chr1	85744836	85745464	0
25055	chr1	91678652	91679152	0
25060	chr1	184064035	184064535	0
25061	chr2	11224148	11224778	0
25062	chr2	13263476	13263976	0
25063	chr2	35016237	35016737	0
25065	chr2	58169730	58170230	0
25071	chr2	112503822	112504322	0
25072	chr2	131828130	131828630	0
25077	chr3	106771044	106771718	0
25078	chr4	6370759	6371563	0
25079	chr4	55355489	55355989	0
25082	chr4	120984006	120984916	0
25085	chr4	148849551	148850051	0
25091	chr6	49209824	49210610	0
25092	chr6	99436696	99437324	0
25093	chr6	113099077	113099779	0
25096	chr7	46871499	46871999	0
25105	chr8	64763340	64763840	0
25106	chr8	79160678	79161178	0
25108	chr8	107297339	107298151	0
25114	chr9	14296561	14297061	0
25120	chr9	114451434	114451934	0
25121	chr9	116283407	116283907	0
25122	chr9	121426364	121426864	0
25124	chr9	124147066	124147566	0
25126	chr10	13874895	13875395	0
25127	chr10	13990347	13990847	0
25129	chr10	37193245	37193745	0
25130	chr10	54068685	54069323	0
25133	chr10	77021318	77021818	0
25136	chr10	108190801	108191301	0
25140	chr11	31746145	31746645	0
25141	chr11	49103186	49103816	0
25145	chr11	86396520	86397148	0
25148	chr11	118215386	118215886	0
25149	chr12	85963295	85963795	0
25150	chr12	87407413	87407913	0
25153	chr12	116285616	116286598	0
25154	chr13	13592306	13592806	0
25161	chr15	80567073	80567573	0
25162	chr16	23325679	23326179	0
25163	chr16	43625338	43625838	0
25164	chr16	48788769	48789269	0
25165	chr16	58497905	58498405	0
25167	chr16	94519505	94520005	0
25169	chr17	52159906	52160406	0
25170	chr17	53581492	53581992	0
25176	chr18	67609966	67610608	0
25180	chr19	56776683	56777183	0
25182	chrX	130422611	130423111	0
25184	chr1	60447045	60447545	0
25185	chr1	64018886	64019386	0
25192	chr1	177456242	177456990	0
25195	chr2	27713147	27713647	0
25199	chr2	90963568	90964198	0
25200	chr2	144274582	144275082	0
25204	chr4	59586340	59586840	0
25212	chr5	110762086	110762960	0
25215	chr6	8351408	8352118	0
25216	chr6	17633602	17634394	0
25217	chr6	34990805	34991583	0
25218	chr6	41253007	41253641	0
25220	chr6	97459608	97460378	0
25223	chr6	127270339	127271149	0
25225	chr7	90008199	90008825	0
25226	chr7	126725237	126725737	0
25230	chr9	63507406	63507906	0
25231	chr9	64229749	64230545	0
25233	chr9	110245710	110246210	0
25235	chr9	118405600	118406100	0
25236	chr9	121008941	121009441	0
25240	chr10	95721816	95722442	0
25243	chr11	57954680	57955180	0
25244	chr11	82618634	82619134	0
25248	chr12	21370369	21370869	0
25257	chr13	105067261	105067889	0
25259	chr14	121822125	121822933	0
25266	chr15	80097505	80098005	0
25271	chr16	30233412	30233912	0
25272	chr16	37537708	37538402	0
25277	chr17	34234936	34235436	0
25281	chr17	84061058	84061682	0
25286	chr19	34214246	34214916	0
25294	chr1	151687758	151688454	0
25295	chr1	154792632	154793268	0
25300	chr2	60843212	60843712	0
25302	chr2	71532311	71532811	0
25309	chr2	128072835	128073335	0
25310	chr2	156048301	156048933	0
25311	chr2	172412599	172413099	0
25316	chr3	123084241	123084867	0
25319	chr4	34857957	34858725	0
25320	chr4	48244139	48244639	0
25323	chr4	136170406	136170906	0
25325	chr5	28325755	28326447	0
25327	chr5	65936788	65937288	0
25328	chr5	72756913	72757413	0
25329	chr5	93229068	93229568	0
25330	chr5	99495055	99495555	0
25332	chr5	112971774	112972274	0
25339	chr6	128868662	128869442	0
25340	chr6	143147290	143147918	0
25341	chr6	146410150	146410650	0
25345	chr7	80270915	80271561	0
25346	chr7	83670135	83670635	0
25349	chr7	114111250	114111750	0
25350	chr7	114355926	114356426	0
25352	chr7	126184354	126185140	0
25355	chr8	80392518	80393018	0
25358	chr9	25256893	25257539	0
25367	chr10	81405024	81405720	0
25370	chr10	96598973	96599473	0
25371	chr10	121088944	121089622	0
25372	chr11	4426554	4427054	0
25373	chr11	5179581	5180081	0
25376	chr11	45007766	45008266	0
25378	chr11	69891087	69891869	0
25386	chr12	102320748	102321248	0
25389	chr13	30575265	30575765	0
25391	chr13	95688532	95689160	0
25393	chr14	12244143	12244643	0
25399	chr15	57884367	57884999	0
25401	chr15	66511879	66512379	0
25409	chr16	64824135	64824635	0
25410	chr16	93839095	93840009	0
25412	chr17	29459110	29459770	0
25413	chr17	34218555	34219215	0
25417	chr17	56623314	56623982	0
25418	chr17	79712431	79713293	0
25419	chr17	80168230	80168998	0
25421	chr18	35815466	35815966	0
25422	chr18	50001065	50001565	0
25424	chr19	37448608	37449108	0
25435	chr1	78724395	78724895	0
25437	chr1	106562175	106562675	0
25440	chr1	106691377	106692007	0
25441	chr1	128617169	128617669	0
25442	chr1	131658000	131658500	0
25444	chr1	135127709	135128209	0
25445	chr1	165641370	165641870	0
25446	chr1	166153297	166153797	0
25449	chr1	171562072	171562572	0
25451	chr2	28592739	28593239	0
25452	chr2	29655091	29655591	0
25453	chr2	59166872	59167372	0
25455	chr2	127131549	127132049	0
25458	chr3	50382010	50382510	0
25463	chr3	98083533	98084033	0
25465	chr3	126618509	126619009	0
25466	chr3	126623284	126623784	0
25470	chr3	145916502	145917002	0
25474	chr4	53919954	53920454	0
25480	chr4	130198799	130199299	0
25484	chr5	3359121	3359621	0
25486	chr5	38553182	38553852	0
25497	chr6	128032176	128032676	0
25498	chr6	129227613	129228113	0
25499	chr6	142888187	142888827	0
25501	chr7	44350727	44351227	0
25503	chr7	110157049	110157549	0
25508	chr8	70543935	70544571	0
25512	chr8	117537771	117538631	0
25518	chr9	121909844	121910344	0
25519	chr10	14115227	14115727	0
25521	chr10	43727415	43727915	0
25525	chr10	76038334	76038834	0
25526	chr10	83168226	83169006	0
25527	chr10	93742453	93742953	0
25528	chr10	96523424	96523924	0
25530	chr10	118173434	118174064	0
25532	chr11	3295983	3296639	0
25535	chr11	23954313	23954813	0
25537	chr11	44390572	44391072	0
25538	chr11	55066411	55066911	0
25539	chr11	60230865	60231493	0
25542	chr11	96668544	96669044	0
25543	chr11	96774864	96775364	0
25545	chr11	100555506	100556006	0
25547	chr11	117669482	117670110	0
25549	chr12	15998260	15998760	0
25550	chr12	16507255	16507883	0
25551	chr12	21436874	21437526	0
25554	chr12	80465393	80466059	0
25560	chr13	30814483	30815111	0
25563	chr13	59028189	59028689	0
25564	chr13	74845632	74846132	0
25565	chr14	34126593	34127093	0
25566	chr14	62733840	62734340	0
25568	chr14	103078612	103079112	0
25571	chr15	58165241	58165741	0
25572	chr15	63989997	63990641	0
25574	chr15	103152195	103152819	0
25575	chr16	20910409	20910909	0
25576	chr16	44026414	44026914	0
25579	chr17	26067016	26067516	0
25580	chr17	33816751	33817251	0
25584	chr17	87064183	87064683	0
25586	chr18	6309907	6310589	0
25587	chr18	73697265	73697765	0
25590	chr19	43965247	43965747	0
25592	chr1	21335929	21336429	0
25593	chr1	21469090	21469590	0
25594	chr1	52040162	52040662	0
25596	chr1	55371874	55372522	0
25597	chr1	60670695	60671195	0
25598	chr1	74359804	74360304	0
25600	chr1	88641629	88642129	0
25601	chr1	106684554	106685054	0
25603	chr1	159910930	159911430	0
25605	chr1	167280011	167280651	0
25606	chr1	180368805	180369305	0
25607	chr2	3765135	3765811	0
25608	chr2	11690489	11691119	0
25611	chr2	44927453	44927953	0
25612	chr2	44981217	44981717	0
25614	chr2	72328036	72328660	0
25616	chr2	121275584	121276084	0
25617	chr2	128332723	128333223	0
25620	chr2	151581171	151581917	0
25625	chr3	20263068	20263568	0
25627	chr3	87538684	87539184	0
25629	chr3	101711903	101712403	0
25631	chr3	107686950	107687450	0
25632	chr3	121474513	121475013	0
25634	chr3	126834629	126835129	0
25636	chr4	8759355	8759855	0
25640	chr4	87669515	87670153	0
25641	chr4	88680526	88681160	0
25644	chr4	102565239	102565739	0
25645	chr4	102608589	102609089	0
25646	chr4	106957676	106958176	0
25647	chr4	122923234	122923734	0
25648	chr4	125114517	125115017	0
25649	chr4	126193362	126194012	0
25652	chr4	150050169	150050827	0
25658	chr5	96979073	96979573	0
25661	chr5	146858492	146858992	0
25663	chr6	13665749	13666249	0
25666	chr6	67317670	67318170	0
25668	chr6	86823347	86823973	0
25671	chr6	140439859	140440569	0
25672	chr6	145273139	145273639	0
25674	chr7	78794551	78795051	0
25676	chr7	102321701	102322201	0
25678	chr7	114466457	114466957	0
25682	chr8	33593960	33594460	0
25684	chr8	36588034	36588534	0
25685	chr8	88221313	88221813	0
25689	chr9	13443320	13443964	0
25690	chr9	13897927	13898427	0
25691	chr9	15309353	15309853	0
25693	chr9	42238942	42239442	0
25694	chr9	43858403	43859063	0
25695	chr9	45097878	45098378	0
25698	chr9	64797353	64797853	0
25702	chr9	100657657	100658157	0
25704	chr9	107640352	107640852	0
25707	chr9	123734245	123734745	0
25710	chr10	30662567	30663197	0
25715	chr10	61236981	61237631	0
25716	chr10	62556236	62556736	0
25718	chr10	82760046	82760546	0
25722	chr10	111412958	111413458	0
25724	chr11	11567708	11568208	0
25725	chr11	43575504	43576004	0
25727	chr11	52107440	52107940	0
25728	chr11	52235488	52235988	0
25729	chr11	83568945	83569445	0
25730	chr11	86743089	86743589	0
25732	chr11	106717464	106718332	0
25733	chr11	113614499	113615127	0
25734	chr11	114654987	114655487	0
25735	chr11	120853986	120854486	0
25736	chr12	3745267	3745767	0
25739	chr12	33061115	33061615	0
25740	chr12	75413084	75413584	0
25742	chr12	76379736	76380392	0
25744	chr12	81719615	81720115	0
25745	chr12	83918957	83919457	0
25747	chr12	100876506	100877132	0
25751	chr13	37580684	37581396	0
25752	chr13	37740434	37740934	0
25753	chr13	51109580	51110080	0
25754	chr13	52235726	52236352	0
25755	chr13	80886929	80887429	0
25758	chr14	30019797	30020297	0
25759	chr14	30641128	30641908	0
25762	chr14	74923522	74924156	0
25763	chr14	79290363	79290863	0
25764	chr14	122067442	122068074	0
25766	chr15	35662389	35662889	0
25768	chr15	58586103	58586603	0
25769	chr15	61437970	61438646	0
25770	chr15	61539106	61539606	0
25772	chr15	79752864	79753534	0
25781	chr16	23326244	23326880	0
25782	chr16	32972721	32973221	0
25783	chr16	35485172	35485672	0
25785	chr16	95448981	95449733	0
25786	chr17	25226023	25226911	0
25789	chr17	71990075	71990575	0
25792	chr18	12102018	12102518	0
25799	chr18	80624850	80625350	0
25802	chr19	29487910	29488410	0
25803	chr19	46186145	46186823	0
25804	chr19	57070102	57070602	0
25809	chr1	64822862	64823362	0
25810	chr1	106032375	106032875	0
25816	chr2	9997790	9998420	0
25817	chr2	11143496	11144122	0
25821	chr2	34939362	34939862	0
25823	chr2	165861285	165861923	0
25827	chr3	60586798	60587298	0
25828	chr3	89859152	89859652	0
25833	chr3	146421924	146422424	0
25834	chr4	41664870	41665370	0
25838	chr4	132944082	132944582	0
25839	chr4	135391223	135391723	0
25843	chr5	8074619	8075255	0
25846	chr5	32089649	32090149	0
25847	chr5	65877158	65877658	0
25848	chr5	72632938	72633438	0
25851	chr5	99248339	99248969	0
25852	chr5	100886546	100887046	0
25856	chr5	123680812	123681312	0
25859	chr6	67339458	67339958	0
25863	chr6	92123876	92124504	0
25870	chr7	101360678	101361178	0
25871	chr7	102312854	102313486	0
25875	chr7	125624577	125625077	0
25876	chr7	129800339	129800983	0
25877	chr7	140951723	140952499	0
25880	chr8	13631271	13631771	0
25883	chr8	86740832	86741332	0
25892	chr9	90232788	90233288	0
25895	chr9	119723658	119724158	0
25897	chr10	4910049	4910705	0
25898	chr10	12957399	12957899	0
25900	chr10	19964555	19965055	0
25903	chr10	82632658	82633158	0
25904	chr10	117992189	117992689	0
25911	chr11	57660714	57661214	0
25912	chr11	60330653	60331153	0
25916	chr12	107884135	107884635	0
25918	chr13	37008171	37008671	0
25920	chr13	46759413	46759913	0
25921	chr13	53374219	53374719	0
25925	chr13	117202919	117203419	0
25926	chr14	27325563	27326063	0
25927	chr14	64927877	64928377	0
25931	chr15	59680304	59680804	0
25932	chr15	62095368	62096138	0
25937	chr15	78483720	78484520	0
25941	chr16	10812049	10812549	0
25942	chr16	22889460	22890106	0
25945	chr17	5017210	5017710	0
25947	chr17	24137313	24137813	0
25948	chr17	26146558	26147058	0
25950	chr17	33968408	33968908	0
25952	chr17	57198473	57198973	0
25954	chr17	65938676	65939456	0
25958	chr17	87502799	87503299	0
25959	chr18	33088506	33089006	0
25964	chr18	68829547	68830047	0
25966	chr18	76379406	76379906	0
25967	chr18	79267160	79267660	0
25968	chr19	10581456	10582106	0
25978	chr1	91984951	91985451	0
25981	chr1	127662899	127663399	0
25982	chr1	127978349	127978849	0
25983	chr1	160027495	160027995	0
25985	chr1	164449416	164450282	0
25991	chr2	22779017	22779517	0
25994	chr2	127086088	127086588	0
25995	chr2	128516683	128517183	0
25996	chr2	144213350	144213850	0
25999	chr2	155629649	155630277	0
26000	chr2	156324263	156325091	0
26002	chr2	163637926	163638426	0
26004	chr3	21914268	21914904	0
26005	chr3	37289682	37290458	0
26006	chr3	38848270	38848770	0
26007	chr3	52676650	52677150	0
26009	chr3	84827592	84828092	0
26011	chr3	97211584	97212084	0
26015	chr3	133519027	133519661	0
26016	chr3	142769140	142769798	0
26018	chr4	63850943	63851443	0
26020	chr4	95625093	95625593	0
26021	chr4	101223108	101223608	0
26022	chr4	109725285	109725785	0
26023	chr4	129563096	129563596	0
26028	chr4	149918266	149918766	0
26029	chr5	38557467	38557967	0
26034	chr5	117493476	117494130	0
26037	chr5	139366081	139366707	0
26039	chr6	15728711	15729339	0
26044	chr6	87522429	87522929	0
26045	chr6	97229247	97229747	0
26046	chr6	119630158	119630658	0
26048	chr6	144443838	144444338	0
26050	chr6	146520322	146520822	0
26051	chr7	100817370	100818026	0
26052	chr7	114493014	114493514	0
26053	chr8	22733207	22733707	0
26056	chr8	70679687	70680469	0
26058	chr8	88530965	88531595	0
26061	chr8	120745263	120745899	0
26062	chr8	122949366	122949866	0
26065	chr9	13903960	13904460	0
26066	chr9	14861816	14862316	0
26067	chr9	32667996	32668496	0
26068	chr9	32676186	32676686	0
26070	chr9	65831025	65831525	0
26071	chr9	66683161	66683661	0
26072	chr9	70692681	70693311	0
26073	chr9	80306491	80307151	0
26076	chr9	100646751	100647387	0
26077	chr9	108320070	108320570	0
26081	chr10	37237360	37237860	0
26084	chr10	120624889	120625389	0
26088	chr11	32801642	32802142	0
26092	chr11	93987464	93987964	0
26093	chr11	94978860	94979360	0
26094	chr11	99123997	99124497	0
26096	chr12	8927859	8928619	0
26097	chr12	17431984	17432608	0
26098	chr12	28829416	28829916	0
26100	chr12	79925210	79926016	0
26101	chr12	86686322	86686822	0
26103	chr12	98998119	98998619	0
26104	chr12	99497048	99497548	0
26105	chr12	102289640	102290140	0
26107	chr13	12273652	12274152	0
26108	chr13	19842635	19843283	0
26110	chr13	44781624	44782124	0
26112	chr13	56707489	56708117	0
26114	chr14	27227088	27227588	0
26116	chr14	66233939	66234563	0
26117	chr14	103531851	103532491	0
26120	chr14	121845988	121846488	0
26121	chr15	12136081	12136581	0
26122	chr15	25699292	25699792	0
26123	chr15	64203855	64204519	0
26124	chr15	66508380	66508880	0
26131	chr17	5107758	5108258	0
26134	chr17	26563010	26563670	0
26137	chr17	86710319	86710819	0
26144	chr19	30037712	30038414	0
26146	chr19	56474531	56475031	0
26149	chrX	41905748	41906548	0
26151	chr1	21312696	21313196	0
26153	chr1	43460544	43461044	0
26155	chr1	78435873	78436373	0
26156	chr1	89130695	89131195	0
26157	chr1	137218860	137219360	0
26159	chr1	156990455	156990955	0
26163	chr1	191450523	191451023	0
26165	chr2	32048513	32049013	0
26166	chr2	44961266	44961766	0
26167	chr2	90641716	90642352	0
26169	chr2	127905286	127906054	0
26170	chr2	156199719	156200347	0
26172	chr2	167648703	167649203	0
26173	chr2	167831069	167831569	0
26174	chr3	18623608	18624108	0
26176	chr3	22093635	22094135	0
26177	chr3	22120978	22121612	0
26178	chr3	32428071	32428701	0
26179	chr3	52307080	52307580	0
26181	chr3	115931259	115931959	0
26182	chr3	121162879	121163525	0
26183	chr3	121468825	121469453	0
26184	chr3	143014557	143015057	0
26185	chr3	144432056	144432556	0
26188	chr4	32278772	32279272	0
26189	chr4	32285332	32285832	0
26191	chr4	33260337	33260837	0
26194	chr4	95230374	95230874	0
26195	chr4	97618486	97618986	0
26196	chr4	119921231	119921731	0
26199	chr5	21035983	21036625	0
26201	chr5	30240557	30241057	0
26202	chr5	52149804	52150434	0
26203	chr5	105623292	105623792	0
26205	chr5	107973500	107974000	0
26206	chr5	115281668	115282168	0
26208	chr5	148769665	148770165	0
26211	chr6	47590613	47591113	0
26214	chr6	70713753	70714253	0
26215	chr6	83750264	83750764	0
26216	chr6	83918102	83918602	0
26217	chr6	108279130	108279764	0
26218	chr6	108517733	108518361	0
26219	chr6	114458815	114459627	0
26220	chr6	114840158	114840658	0
26222	chr6	122258771	122259271	0
26223	chr6	143179822	143180322	0
26224	chr7	16331988	16332488	0
26226	chr7	75892715	75893215	0
26228	chr7	90039350	90039984	0
26229	chr7	110244333	110244981	0
26230	chr7	114109369	114110013	0
26232	chr7	125500738	125501398	0
26233	chr7	125610888	125611388	0
26234	chr7	126496494	126496994	0
26235	chr7	130812203	130813157	0
26236	chr7	142747608	142748108	0
26238	chr8	25653826	25654326	0
26239	chr8	72265353	72266015	0
26240	chr8	81503327	81503827	0
26242	chr8	81811615	81812393	0
26243	chr8	107449599	107450099	0
26244	chr8	116952760	116953392	0
26245	chr8	126658448	126659092	0
26247	chr9	35109406	35110086	0
26248	chr9	37554968	37555608	0
26249	chr9	41207326	41207826	0
26250	chr9	44410795	44411553	0
26253	chr9	61960879	61961525	0
26255	chr9	65087699	65088199	0
26256	chr9	123239606	123240106	0
26261	chr10	66994609	66995327	0
26262	chr10	67804309	67805099	0
26263	chr10	80573448	80574118	0
26264	chr10	107869112	107869612	0
26266	chr10	118759139	118759767	0
26268	chr11	46402155	46402655	0
26269	chr11	46439645	46440145	0
26270	chr11	49206150	49206650	0
26272	chr11	54443338	54443838	0
26273	chr11	55158746	55159372	0
26279	chr11	117353072	117353572	0
26281	chr11	118404233	118404733	0
26282	chr12	8689980	8690480	0
26283	chr12	13358773	13359273	0
26284	chr12	17377132	17377632	0
26285	chr12	32008462	32008962	0
26287	chr12	41095742	41096242	0
26288	chr12	70832323	70832823	0
26290	chr12	78976131	78976631	0
26293	chr13	37548244	37548744	0
26294	chr13	51735040	51735540	0
26295	chr13	52822173	52822867	0
26296	chr13	55672640	55673140	0
26297	chr13	69656329	69656985	0
26298	chr13	95548517	95549017	0
26299	chr13	107619085	107619585	0
26304	chr14	66837224	66837724	0
26306	chr15	37243421	37243921	0
26307	chr15	41916512	41917012	0
26310	chr15	58477345	58477845	0
26311	chr15	67210848	67211502	0
26312	chr15	67459977	67460477	0
26313	chr15	74687091	74687591	0
26314	chr15	78511995	78512495	0
26315	chr16	10805781	10806281	0
26316	chr16	20145172	20145672	0
26317	chr16	24517898	24518398	0
26318	chr16	57319066	57319566	0
26322	chr16	93798613	93799113	0
26323	chr16	94485286	94485786	0
26324	chr17	17620632	17621266	0
26326	chr17	27807761	27808261	0
26328	chr17	32250150	32250922	0
26329	chr17	47802920	47803570	0
26330	chr17	51182493	51183137	0
26333	chr17	83975556	83976056	0
26337	chr18	39084183	39084851	0
26339	chr18	56869800	56870300	0
26340	chr18	61392191	61392691	0
26342	chr18	73752730	73753358	0
26343	chr19	3778419	3778919	0
26345	chr19	10943941	10944711	0
26346	chr19	11533131	11533631	0
26347	chr19	17352892	17353580	0
26348	chr19	32376651	32377151	0
26350	chr19	45751525	45752025	0
26355	chr1	37168713	37169213	0
26356	chr1	45823937	45824437	0
26357	chr1	52055309	52055945	0
26358	chr1	55437184	55437684	0
26359	chr1	58302409	58302909	0
26360	chr1	64513374	64513874	0
26361	chr1	78660336	78660836	0
26362	chr1	88643980	88644480	0
26364	chr1	130993240	130993740	0
26365	chr1	131061360	131061860	0
26366	chr1	138247546	138248046	0
26367	chr1	144335333	144335833	0
26369	chr1	162607485	162607985	0
26370	chr1	171395644	171396144	0
26371	chr1	193349650	193350150	0
26372	chr2	11457534	11458034	0
26373	chr2	18962764	18963264	0
26374	chr2	19057500	19058000	0
26376	chr2	32087638	32088138	0
26377	chr2	32499057	32499557	0
26379	chr2	70790465	70790965	0
26381	chr2	76213407	76213907	0
26382	chr2	83744008	83744508	0
26384	chr2	130531895	130532395	0
26388	chr2	170112639	170113297	0
26390	chr3	15194084	15194584	0
26392	chr3	35760403	35760903	0
26394	chr3	51314988	51315488	0
26396	chr3	60603199	60603699	0
26397	chr3	95648136	95648636	0
26398	chr3	103299435	103299935	0
26399	chr3	109010771	109011271	0
26400	chr3	138815556	138816336	0
26401	chr4	6887354	6887854	0
26403	chr4	41241063	41241701	0
26404	chr4	63667087	63667587	0
26406	chr4	95232491	95232991	0
26408	chr4	101237060	101237560	0
26409	chr4	107183772	107184466	0
26410	chr4	107652329	107652829	0
26411	chr4	115847349	115847849	0
26412	chr4	124690349	124690849	0
26414	chr4	132610805	132611305	0
26415	chr4	132808304	132808966	0
26417	chr4	139556128	139556628	0
26420	chr4	151005433	151005933	0
26421	chr5	24779867	24780367	0
26423	chr5	33534409	33534909	0
26425	chr5	72249228	72249728	0
26427	chr5	96219740	96220240	0
26428	chr5	101938434	101938934	0
26430	chr5	122184268	122184768	0
26431	chr5	122678274	122678774	0
26433	chr5	134876995	134877621	0
26435	chr5	138694848	138695348	0
26439	chr6	30671894	30672394	0
26440	chr6	38581671	38582311	0
26441	chr6	66471706	66472206	0
26443	chr6	72724904	72725404	0
26444	chr6	90782369	90782993	0
26447	chr6	115653794	115654294	0
26450	chr6	142527306	142527806	0
26451	chr7	4694599	4695099	0
26454	chr7	30426933	30427433	0
26455	chr7	43582286	43582786	0
26457	chr7	58667591	58668091	0
26458	chr7	71412180	71412680	0
26460	chr7	80897453	80897953	0
26463	chr7	101138403	101139045	0
26464	chr7	101214288	101215066	0
26466	chr7	114462735	114463235	0
26468	chr7	130012371	130012871	0
26469	chr7	139915971	139916471	0
26470	chr8	3657392	3657892	0
26473	chr8	64805755	64806381	0
26475	chr8	79162847	79163347	0
26478	chr8	106067716	106068344	0
26479	chr8	109788474	109788974	0
26480	chr8	110945445	110946079	0
26484	chr9	37245473	37245973	0
26485	chr9	41134546	41135046	0
26486	chr9	45850982	45851482	0
26487	chr9	46047677	46048177	0
26488	chr9	50835903	50836403	0
26489	chr9	50970402	50970902	0
26491	chr9	62968400	62968900	0
26492	chr9	64728957	64729627	0
26493	chr9	66577698	66578198	0
26494	chr9	77430613	77431113	0
26497	chr9	111059018	111059518	0
26498	chr9	114601314	114601964	0
26499	chr9	115583767	115584267	0
26500	chr9	121380746	121381246	0
26507	chr10	58392097	58392597	0
26508	chr10	68257634	68258134	0
26512	chr10	91076659	91077159	0
26513	chr10	96399775	96400275	0
26514	chr10	99592116	99592616	0
26515	chr10	108178887	108179387	0
26516	chr10	117866880	117867380	0
26517	chr10	120953633	120954133	0
26520	chr11	5413707	5414207	0
26523	chr11	54157852	54158352	0
26524	chr11	54223615	54224325	0
26526	chr11	64059352	64060048	0
26527	chr11	67522496	67523128	0
26528	chr11	69375879	69376379	0
26529	chr11	76612333	76612833	0
26530	chr11	100581264	100581764	0
26534	chr11	121550245	121550745	0
26536	chr12	25829919	25830419	0
26537	chr12	35724311	35724811	0
26538	chr12	40529407	40529907	0
26539	chr12	71871741	71872241	0
26541	chr12	75292318	75293012	0
26542	chr12	80218668	80219168	0
26543	chr12	83555455	83555955	0
26544	chr12	84170930	84171430	0
26546	chr12	86808536	86809036	0
26551	chr12	116416873	116417373	0
26555	chr13	12679874	12680624	0
26556	chr13	13532563	13533063	0
26557	chr13	37312191	37312691	0
26558	chr13	41467283	41467783	0
26559	chr13	45108455	45109089	0
26561	chr13	52165706	52166206	0
26563	chr13	85282373	85282873	0
26565	chr13	112336875	112337375	0
26568	chr14	26527855	26528485	0
26573	chr15	63657023	63657523	0
26574	chr15	64197266	64197766	0
26576	chr15	66866812	66867312	0
26577	chr15	67398295	67398795	0
26578	chr15	67405729	67406391	0
26582	chr15	97381569	97382069	0
26583	chr15	99093581	99094081	0
26588	chr16	23993542	23994042	0
26589	chr16	27395254	27395754	0
26590	chr16	31683774	31684274	0
26592	chr16	33075219	33075719	0
26594	chr16	33591406	33591906	0
26595	chr16	84604410	84605094	0
26596	chr16	90041891	90042391	0
26597	chr16	93018042	93018542	0
26598	chr16	94607541	94608041	0
26599	chr16	94609473	94609973	0
26602	chr17	12170722	12171404	0
26605	chr17	34368799	34369299	0
26610	chr18	12647842	12648342	0
26612	chr18	38946526	38947026	0
26613	chr18	40231090	40231590	0
26617	chr18	77797042	77797682	0
26618	chr19	32935319	32935819	0
26624	chr19	58677304	58677804	0
26625	chrX	94409061	94409695	0
26626	chrX	106032287	106032913	0
26627	chrX	142928600	142929300	0
26631	chr1	52565843	52566343	0
26632	chr1	91621061	91621561	0
26635	chr1	136718363	136718863	0
26636	chr1	138613983	138614483	0
26638	chr1	162564692	162565192	0
26639	chr1	177260055	177260555	0
26641	chr1	182163473	182163973	0
26642	chr1	194992320	194992820	0
26643	chr2	9200618	9201118	0
26647	chr2	49742502	49743002	0
26649	chr2	103610181	103610681	0
26650	chr2	117399617	117400117	0
26656	chr3	37156287	37156787	0
26659	chr3	61406178	61406678	0
26660	chr3	65515940	65516440	0
26661	chr3	87512232	87512732	0
26662	chr3	89373947	89374447	0
26663	chr3	95965191	95965691	0
26665	chr3	105538894	105539394	0
26668	chr4	120051612	120052112	0
26672	chr5	34166982	34167482	0
26673	chr5	64435792	64436292	0
26677	chr5	105594678	105595178	0
26678	chr5	117100782	117101576	0
26681	chr5	122303993	122304493	0
26683	chr5	135540649	135541149	0
26684	chr5	140572457	140572957	0
26686	chr6	24660758	24661258	0
26687	chr6	28598749	28599497	0
26688	chr6	32328310	32328810	0
26690	chr6	52838688	52839188	0
26692	chr6	83004159	83004785	0
26693	chr6	83468478	83468978	0
26694	chr6	90699044	90699544	0
26696	chr6	99245267	99245767	0
26699	chr6	115991188	115991688	0
26701	chr6	120263745	120264245	0
26702	chr6	128972796	128973296	0
26704	chr7	16838797	16839297	0
26705	chr7	19316002	19316502	0
26707	chr7	80638215	80638715	0
26709	chr7	101499153	101499653	0
26710	chr7	102201164	102201664	0
26711	chr7	117098913	117099655	0
26715	chr8	57743631	57744131	0
26718	chr8	89663352	89664120	0
26719	chr8	94361336	94361836	0
26720	chr8	119807764	119808390	0
26724	chr9	44990936	44991436	0
26725	chr9	50414050	50414550	0
26726	chr9	50478900	50479400	0
26728	chr9	64730164	64730946	0
26729	chr9	64830283	64830783	0
26730	chr9	67793043	67793543	0
26735	chr10	18083634	18084270	0
26736	chr10	21476136	21476636	0
26737	chr10	21659427	21659927	0
26738	chr10	21902041	21902541	0
26739	chr10	34198378	34198878	0
26741	chr10	95256899	95257529	0
26743	chr11	21243532	21244032	0
26745	chr11	74718305	74718805	0
26746	chr11	79665422	79666058	0
26749	chr11	95343432	95343932	0
26750	chr11	97103634	97104134	0
26751	chr11	106219830	106220464	0
26752	chr11	117924425	117924925	0
26753	chr11	118218841	118219341	0
26755	chr12	4455143	4455771	0
26762	chr12	98250022	98250522	0
26763	chr12	114108649	114109149	0
26765	chr12	115122186	115122686	0
26766	chr13	44625688	44626188	0
26768	chr13	48970213	48970713	0
26769	chr13	49346213	49346849	0
26771	chr13	99100343	99100843	0
26772	chr13	112824166	112824666	0
26775	chr14	61415694	61416194	0
26777	chr14	77869564	77870064	0
26779	chr15	61432973	61433473	0
26780	chr15	62778692	62779192	0
26784	chr15	76316866	76317366	0
26785	chr15	79682857	79683357	0
26787	chr15	82998352	82999016	0
26788	chr15	84964499	84964999	0
26791	chr16	36602541	36603041	0
26792	chr16	75897946	75898626	0
26796	chr17	12767390	12767890	0
26797	chr17	26143214	26143714	0
26799	chr17	28610102	28610852	0
26803	chr18	34167923	34168423	0
26804	chr18	34370366	34370866	0
26806	chr18	68286958	68287458	0
26807	chr18	70817595	70818095	0
26808	chr18	75213775	75214275	0
26809	chr18	76257497	76257997	0
26810	chr18	83937946	83938598	0
26813	chr19	32766532	32767032	0
26815	chr19	41528814	41529314	0
26817	chrX	8140583	8141227	0
26820	chrX	23709670	23710304	0
26823	chr1	38902285	38902785	0
26824	chr1	40262850	40263350	0
26825	chr1	61027801	61028301	0
26827	chr1	80325526	80326026	0
26828	chr1	80713541	80714041	0
26835	chr1	131760317	131760817	0
26836	chr1	136246716	136247348	0
26837	chr1	155138107	155138607	0
26838	chr1	156471021	156471521	0
26839	chr1	156655142	156655642	0
26840	chr1	160842778	160843278	0
26841	chr1	161744798	161745298	0
26842	chr1	173485697	173486197	0
26843	chr1	180345350	180345850	0
26845	chr2	11259348	11259848	0
26847	chr2	19146593	19147093	0
26849	chr2	27381584	27382218	0
26850	chr2	70782332	70783000	0
26851	chr2	77341392	77341892	0
26852	chr2	92212785	92213285	0
26856	chr2	153342525	153343025	0
26857	chr2	157429257	157429757	0
26861	chr3	14381789	14382289	0
26863	chr3	79531187	79531869	0
26864	chr3	80209139	80209819	0
26866	chr3	116892749	116893249	0
26870	chr3	142243938	142244438	0
26873	chr4	34876950	34877450	0
26874	chr4	47315581	47316081	0
26875	chr4	57951361	57951861	0
26878	chr4	59445352	59445852	0
26879	chr4	89876193	89876693	0
26880	chr4	105163966	105164466	0
26881	chr4	109907270	109907770	0
26882	chr4	122878978	122879478	0
26883	chr4	133439578	133440290	0
26885	chr4	140566628	140567262	0
26888	chr5	53608557	53609057	0
26890	chr5	73223344	73223844	0
26893	chr5	109548466	109548966	0
26894	chr5	110395083	110395583	0
26895	chr5	114439892	114440392	0
26896	chr5	115193164	115193664	0
26898	chr5	121229503	121230003	0
26899	chr5	128638349	128638849	0
26900	chr5	129454667	129455167	0
26901	chr5	148372183	148372683	0
26902	chr6	15724515	15725015	0
26905	chr6	49254607	49255107	0
26906	chr6	51633923	51634681	0
26907	chr6	56784994	56785494	0
26910	chr6	86876873	86877373	0
26911	chr6	89040901	89041401	0
26912	chr6	99020225	99020725	0
26913	chr6	99046600	99047100	0
26915	chr6	145861798	145862298	0
26916	chr6	149193841	149194477	0
26921	chr7	48876139	48876639	0
26922	chr7	67170189	67170689	0
26925	chr7	83638950	83639450	0
26927	chr7	117516159	117516659	0
26928	chr7	123132959	123133459	0
26930	chr7	137576703	137577203	0
26932	chr8	46786700	46787200	0
26933	chr8	57312428	57312928	0
26934	chr8	70034807	70035307	0
26935	chr8	70346067	70346567	0
26937	chr8	82398453	82398953	0
26938	chr8	104564884	104565384	0
26939	chr8	105835303	105835941	0
26940	chr8	114539354	114540052	0
26942	chr8	125870557	125871057	0
26943	chr8	126684068	126684568	0
26944	chr9	7572540	7573040	0
26946	chr9	13312187	13312687	0
26947	chr9	21250069	21250569	0
26949	chr9	54841738	54842238	0
26953	chr9	67404804	67405436	0
26955	chr9	70242595	70243239	0
26958	chr9	108137291	108137791	0
26961	chr9	123235363	123235863	0
26962	chr10	12799579	12800079	0
26964	chr10	39382995	39383495	0
26965	chr10	56499242	56499894	0
26968	chr10	71357815	71358315	0
26969	chr10	80123374	80123874	0
26971	chr10	95530989	95531489	0
26975	chr10	117893488	117893988	0
26976	chr10	118096670	118097170	0
26977	chr10	119065574	119066074	0
26979	chr11	11750091	11750591	0
26982	chr11	32665226	32665886	0
26983	chr11	49696260	49696886	0
26984	chr11	51581592	51582220	0
26987	chr11	54598042	54598542	0
26988	chr11	67562412	67562912	0
26989	chr11	86350723	86351223	0
26990	chr11	86598757	86599257	0
26991	chr11	86624994	86625494	0
26992	chr11	87423747	87424247	0
26994	chr11	101224093	101224593	0
26995	chr11	102180530	102181030	0
26997	chr11	106479205	106479705	0
26998	chr11	108334396	108334896	0
26999	chr11	109587993	109588493	0
27000	chr11	116400050	116400550	0
27001	chr12	17084303	17084803	0
27002	chr12	21116782	21117556	0
27003	chr12	33128358	33128858	0
27004	chr12	36078543	36079043	0
27005	chr12	40034777	40035277	0
27007	chr12	72360539	72361039	0
27009	chr12	85533223	85533723	0
27011	chr12	107939299	107939799	0
27015	chr13	32867598	32868098	0
27016	chr13	37337143	37337643	0
27017	chr13	51802569	51803069	0
27019	chr13	99173481	99173981	0
27020	chr13	113183451	113183951	0
27021	chr13	116990267	116990923	0
27025	chr14	21834510	21835010	0
27026	chr14	30430030	30430530	0
27031	chr14	120318600	120319384	0
27032	chr15	5145654	5146154	0
27033	chr15	10933947	10934447	0
27037	chr15	63601611	63602289	0
27038	chr15	67116118	67116618	0
27039	chr15	79382039	79382695	0
27040	chr15	80020465	80020965	0
27041	chr15	82358279	82358779	0
27042	chr15	85910928	85911554	0
27043	chr15	88662471	88662971	0
27044	chr15	96520781	96521281	0
27046	chr15	101276640	101277270	0
27049	chr16	49794857	49795357	0
27051	chr16	76330904	76331532	0
27052	chr16	87751275	87751775	0
27053	chr16	90396509	90397009	0
27054	chr16	93392291	93392791	0
27058	chr17	29381648	29382148	0
27059	chr17	52467358	52467858	0
27060	chr17	57191701	57192201	0
27062	chr17	70738206	70738706	0
27063	chr17	79584305	79584805	0
27064	chr17	88563332	88563832	0
27065	chr18	14672685	14673185	0
27066	chr18	31628345	31628845	0
27070	chr18	63863500	63864000	0
27071	chr18	65599564	65600064	0
27072	chr18	68296463	68296963	0
27073	chr18	70588233	70588733	0
27074	chr18	73569683	73570183	0
27078	chr18	80961968	80962468	0
27080	chr19	29197037	29197537	0
27082	chr19	44461616	44462116	0
27084	chrX	9219517	9220017	0
27085	chrX	42159874	42160632	0
27086	chrX	52651283	52651997	0
27087	chrX	71206070	71206704	0
27088	chrX	71378325	71378825	0
27090	chrX	105916444	105917078	0
27092	chr1	31595694	31596194	0
27093	chr1	36910007	36910507	0
27095	chr1	38778088	38778588	0
27096	chr1	39006657	39007157	0
27097	chr1	43491704	43492204	0
27101	chr1	120306077	120306577	0
27103	chr1	131754256	131754756	0
27105	chr1	155164441	155164941	0
27106	chr1	171777697	171778197	0
27107	chr1	171779982	171780482	0
27113	chr1	191075559	191076059	0
27114	chr1	191518187	191518687	0
27115	chr1	193176388	193176888	0
27117	chr2	11649503	11650003	0
27118	chr2	14312386	14313022	0
27120	chr2	27739745	27740245	0
27121	chr2	30534791	30535291	0
27122	chr2	59642297	59642797	0
27124	chr2	75458427	75458927	0
27125	chr2	94432991	94433491	0
27126	chr2	102379829	102380329	0
27127	chr2	117402625	117403125	0
27128	chr2	118998311	118998811	0
27129	chr2	119269106	119269606	0
27130	chr2	120497353	120497985	0
27131	chr2	128373529	128374229	0
27133	chr2	153578532	153579220	0
27134	chr2	153704527	153705027	0
27135	chr2	153758592	153759092	0
27137	chr2	163712680	163713180	0
27138	chr2	167423704	167424204	0
27140	chr2	180441635	180442285	0
27142	chr3	9643790	9644436	0
27143	chr3	9666312	9666812	0
27144	chr3	9794142	9794642	0
27145	chr3	31083372	31083872	0
27146	chr3	37219627	37220127	0
27149	chr3	60566375	60566875	0
27150	chr3	69001008	69001508	0
27151	chr3	88464702	88465202	0
27153	chr3	102744743	102745377	0
27154	chr3	105761972	105762472	0
27155	chr3	105823703	105824203	0
27156	chr3	129828438	129828938	0
27158	chr3	131189811	131190311	0
27159	chr3	135637705	135638205	0
27160	chr3	144556345	144556845	0
27163	chr4	6982776	6983276	0
27165	chr4	8747101	8747601	0
27166	chr4	21755305	21755805	0
27167	chr4	32482854	32483482	0
27170	chr4	62640419	62640919	0
27172	chr4	86738749	86739249	0
27173	chr4	98100675	98101175	0
27174	chr4	110022182	110022682	0
27175	chr4	116005964	116006588	0
27176	chr4	121203912	121204552	0
27178	chr4	130659718	130660218	0
27180	chr4	136096707	136097207	0
27181	chr4	149400644	149401144	0
27183	chr4	155508839	155509339	0
27185	chr5	24524866	24525366	0
27186	chr5	34590383	34590883	0
27188	chr5	43776638	43777138	0
27189	chr5	52138706	52139206	0
27190	chr5	53620456	53620956	0
27191	chr5	65086479	65086979	0
27194	chr5	75285834	75286334	0
27198	chr5	97945311	97945811	0
27199	chr5	121087385	121087885	0
27203	chr5	150584012	150584512	0
27204	chr6	34493394	34493894	0
27205	chr6	41206299	41206799	0
27206	chr6	72896458	72896958	0
27207	chr6	85238831	85239331	0
27209	chr6	86898860	86899360	0
27210	chr6	87436292	87436792	0
27213	chr6	90704674	90705174	0
27216	chr6	115859160	115859660	0
27218	chr6	135272896	135273396	0
27220	chr6	143105378	143105878	0
27222	chr7	19910608	19911244	0
27223	chr7	19943376	19943876	0
27225	chr7	31171063	31171563	0
27226	chr7	35252377	35252877	0
27227	chr7	46402826	46403326	0
27229	chr7	58682244	58682744	0
27231	chr7	63997246	63997746	0
27232	chr7	78728771	78729271	0
27233	chr7	83641329	83641829	0
27235	chr7	99946839	99947339	0
27236	chr7	110197476	110197976	0
27237	chr7	130886210	130886710	0
27238	chr7	132701979	132702479	0
27239	chr7	135588534	135589034	0
27240	chr7	143711025	143711525	0
27241	chr8	46645431	46645931	0
27242	chr8	71953547	71954047	0
27246	chr8	82026496	82026996	0
27247	chr8	94270023	94270523	0
27248	chr8	94954487	94954987	0
27250	chr8	120774051	120774551	0
27251	chr8	123190735	123191235	0
27252	chr8	126767408	126767908	0
27253	chr8	128320237	128320737	0
27254	chr9	13286078	13286578	0
27255	chr9	14568819	14569319	0
27256	chr9	25549408	25549908	0
27257	chr9	32544474	32544974	0
27258	chr9	32761089	32761589	0
27262	chr9	57866901	57867401	0
27264	chr9	62718524	62719024	0
27265	chr9	65220198	65220698	0
27268	chr9	80077599	80078239	0
27269	chr9	106209216	106209716	0
27270	chr9	108522104	108522604	0
27271	chr9	108790236	108790736	0
27274	chr10	5197499	5197999	0
27275	chr10	6903865	6904497	0
27276	chr10	7118432	7118932	0
27277	chr10	8531541	8532041	0
27278	chr10	18941072	18941572	0
27279	chr10	18948472	18948972	0
27280	chr10	39496048	39496548	0
27283	chr10	67566458	67566958	0
27284	chr10	70116435	70116935	0
27285	chr10	75324348	75324848	0
27286	chr10	95817721	95818221	0
27287	chr10	108169962	108170462	0
27288	chr10	115244037	115244671	0
27289	chr10	115332304	115332804	0
27291	chr10	128044307	128044971	0
27293	chr11	4846393	4846893	0
27294	chr11	5373767	5374267	0
27295	chr11	5502285	5502785	0
27296	chr11	17167658	17168158	0
27297	chr11	20914071	20914571	0
27298	chr11	48990460	48990960	0
27300	chr11	54493564	54494064	0
27301	chr11	55018636	55019136	0
27302	chr11	59214413	59214913	0
27303	chr11	60027262	60027762	0
27306	chr11	75668112	75668612	0
27307	chr11	80553247	80553747	0
27309	chr11	94687258	94687758	0
27310	chr11	94940853	94941353	0
27311	chr11	98363617	98364117	0
27312	chr11	100291569	100292069	0
27313	chr11	100389981	100390481	0
27314	chr11	118266788	118267288	0
27316	chr12	3300409	3300909	0
27318	chr12	65259301	65259801	0
27320	chr12	80951334	80951834	0
27324	chr12	112994595	112995095	0
27326	chr12	117916175	117916675	0
27327	chr13	9761817	9762317	0
27328	chr13	12542450	12542950	0
27329	chr13	13493867	13494367	0
27330	chr13	30875563	30876063	0
27331	chr13	31802456	31803104	0
27332	chr13	37509081	37509711	0
27334	chr13	53000333	53000833	0
27335	chr13	55430765	55431265	0
27339	chr13	91468136	91468762	0
27340	chr13	97247096	97247870	0
27341	chr13	98422875	98423375	0
27342	chr13	98790800	98791434	0
27344	chr13	109809843	109810343	0
27345	chr13	111896142	111896642	0
27347	chr13	113099037	113099537	0
27348	chr13	113610632	113611132	0
27349	chr14	23458850	23459350	0
27350	chr14	32167463	32167963	0
27351	chr14	53301383	53301883	0
27353	chr14	61697785	61698285	0
27354	chr14	64275974	64276474	0
27355	chr14	70080989	70081489	0
27356	chr14	75288082	75288730	0
27358	chr14	79153883	79154383	0
27359	chr14	100461613	100462113	0
27360	chr14	105566226	105566726	0
27365	chr15	59978726	59979226	0
27366	chr15	75632123	75632763	0
27368	chr15	80715494	80715994	0
27369	chr15	80722292	80722792	0
27370	chr15	83447171	83447671	0
27373	chr16	5374188	5374688	0
27374	chr16	18462928	18463428	0
27376	chr16	44772591	44773231	0
27378	chr16	64825511	64826011	0
27379	chr16	84602943	84603443	0
27382	chr16	95756376	95756876	0
27383	chr17	4475795	4476295	0
27384	chr17	23621962	23622462	0
27386	chr17	29485302	29485950	0
27388	chr17	30127916	30128416	0
27389	chr17	30182185	30182685	0
27391	chr17	33755701	33756201	0
27394	chr17	74354763	74355263	0
27395	chr17	79774728	79775228	0
27396	chr17	83359982	83360482	0
27397	chr18	5269866	5270366	0
27398	chr18	5666403	5666903	0
27400	chr18	53937846	53938590	0
27402	chr18	56731517	56732017	0
27403	chr18	65924388	65924888	0
27404	chr18	67697700	67698200	0
27406	chr18	82502423	82502923	0
27409	chr19	46764562	46765192	0
27410	chr19	46863032	46863532	0
27411	chr19	53413829	53414329	0
27412	chr19	53819615	53820115	0
27416	chrX	159686516	159687016	0
27417	chrX	159809514	159810014	0
27418	chrX	167232595	167233235	0
27420	chr1	21555044	21555544	0
27421	chr1	36240183	36240683	0
27422	chr1	43915221	43915721	0
27424	chr1	54837334	54837834	0
27425	chr1	59593214	59593714	0
27426	chr1	62986119	62986619	0
27427	chr1	79855969	79856469	0
27428	chr1	85898928	85899428	0
27429	chr1	86018122	86018622	0
27431	chr1	105784911	105785411	0
27432	chr1	106061413	106061913	0
27433	chr1	106678460	106678960	0
27434	chr1	118447923	118448423	0
27435	chr1	128625969	128626469	0
27436	chr1	131113603	131114103	0
27438	chr1	134778641	134779141	0
27439	chr1	135687284	135687784	0
27441	chr1	183298959	183299459	0
27442	chr1	192076859	192077359	0
27443	chr2	29679666	29680166	0
27444	chr2	30112077	30112577	0
27447	chr2	35882275	35882775	0
27449	chr2	37548341	37548841	0
27450	chr2	48946028	48946528	0
27451	chr2	52968160	52968660	0
27452	chr2	57120189	57120689	0
27453	chr2	57905241	57905741	0
27454	chr2	60857594	60858274	0
27455	chr2	79062121	79062621	0
27456	chr2	103614420	103614920	0
27457	chr2	103787398	103787898	0
27458	chr2	104451039	104451539	0
27459	chr2	117962480	117962980	0
27460	chr2	119600346	119600846	0
27461	chr2	120571236	120571736	0
27462	chr2	126608297	126608797	0
27463	chr2	127300988	127301488	0
27464	chr2	127621785	127622285	0
27465	chr2	128928718	128929218	0
27466	chr2	131493400	131493900	0
27467	chr2	144198712	144199212	0
27468	chr2	148426110	148426610	0
27469	chr2	151550218	151550718	0
27470	chr2	152102084	152102584	0
27471	chr2	153749004	153749504	0
27472	chr2	156870719	156871219	0
27473	chr2	158699787	158700535	0
27474	chr2	160383483	160383983	0
27477	chr2	167486583	167487083	0
27479	chr2	172974570	172975070	0
27480	chr2	173051492	173052124	0
27481	chr2	180693687	180694187	0
27482	chr2	180734257	180734757	0
27483	chr3	22193868	22194368	0
27484	chr3	28285515	28286015	0
27486	chr3	32421896	32422396	0
27487	chr3	37821458	37821958	0
27488	chr3	60064155	60064655	0
27489	chr3	60821266	60821766	0
27490	chr3	68706662	68707162	0
27491	chr3	81201120	81201620	0
27492	chr3	81989241	81989741	0
27493	chr3	84324426	84324926	0
27494	chr3	84570392	84570892	0
27496	chr3	89268444	89268944	0
27497	chr3	90054896	90055396	0
27500	chr3	103493335	103493835	0
27502	chr3	103919632	103920132	0
27503	chr3	104214861	104215361	0
27504	chr3	105760226	105760726	0
27506	chr3	138265201	138265701	0
27507	chr3	149496983	149497483	0
27509	chr4	9079528	9080028	0
27510	chr4	32369010	32369510	0
27512	chr4	53831982	53832482	0
27513	chr4	62456711	62457211	0
27514	chr4	63886986	63887486	0
27515	chr4	83325327	83325827	0
27516	chr4	88012227	88012727	0
27517	chr4	108359931	108360431	0
27518	chr4	115052475	115052975	0
27519	chr4	121207333	121207833	0
27520	chr4	126131766	126132266	0
27521	chr4	129019055	129019679	0
27522	chr4	129069329	129069963	0
27523	chr4	130939394	130939894	0
27524	chr4	135286130	135286630	0
27525	chr4	135507628	135508128	0
27526	chr4	136083437	136083937	0
27527	chr4	139754377	139754877	0
27529	chr4	142078066	142078566	0
27530	chr4	149677935	149678435	0
27531	chr4	155569379	155569879	0
27532	chr5	5557738	5558238	0
27534	chr5	34989496	34989996	0
27535	chr5	37081774	37082274	0
27536	chr5	43422968	43423468	0
27537	chr5	45563984	45564484	0
27538	chr5	72258974	72259474	0
27539	chr5	75388307	75388807	0
27540	chr5	75980414	75980914	0
27541	chr5	104957516	104958016	0
27542	chr5	105510667	105511167	0
27544	chr5	106891646	106892146	0
27545	chr5	107080996	107081496	0
27546	chr5	107271065	107271565	0
27547	chr5	114560612	114561258	0
27548	chr5	115526672	115527172	0
27549	chr5	117139766	117140266	0
27550	chr5	117313280	117313780	0
27551	chr5	117353940	117354440	0
27554	chr5	130180401	130180901	0
27555	chr5	134330666	134331166	0
27556	chr5	135028795	135029421	0
27557	chr5	136003151	136003651	0
27558	chr5	142780899	142781399	0
27559	chr5	144294513	144295013	0
27560	chr5	146890995	146891495	0
27561	chr5	147475814	147476314	0
27562	chr5	149253102	149253602	0
27563	chr5	150202450	150203106	0
27564	chr5	150654542	150655042	0
27567	chr6	38374009	38374639	0
27568	chr6	48838023	48838523	0
27569	chr6	51170327	51170827	0
27570	chr6	55043041	55043541	0
27572	chr6	82902832	82903332	0
27573	chr6	87879328	87879828	0
27574	chr6	94660803	94661303	0
27575	chr6	99800737	99801363	0
27576	chr6	100284105	100284605	0
27578	chr6	100847336	100847836	0
27579	chr6	100851578	100852078	0
27580	chr6	108555708	108556208	0
27582	chr6	120115100	120115600	0
27583	chr6	120181622	120182122	0
27584	chr6	126810387	126810887	0
27585	chr6	134359949	134360449	0
27586	chr6	142824470	142824970	0
27588	chr6	145191577	145192077	0
27589	chr7	46378424	46378924	0
27590	chr7	49416225	49416725	0
27591	chr7	64035805	64036305	0
27592	chr7	66136059	66136559	0
27594	chr7	75537101	75537601	0
27595	chr7	78747368	78747868	0
27596	chr7	83201701	83202201	0
27597	chr7	83361674	83362174	0
27598	chr7	92664389	92665049	0
27599	chr7	105558727	105559227	0
27600	chr7	110310363	110310863	0
27602	chr7	116607627	116608127	0
27603	chr7	128529815	128530315	0
27605	chr8	14873722	14874222	0
27606	chr8	22872404	22872904	0
27608	chr8	35860155	35860655	0
27610	chr8	70684245	70684745	0
27611	chr8	72340202	72340702	0
27612	chr8	81825479	81825979	0
27613	chr8	83783093	83783593	0
27614	chr8	85468598	85469098	0
27616	chr8	111025003	111025503	0
27617	chr8	116498946	116499446	0
27618	chr8	117008605	117009105	0
27619	chr8	117293644	117294144	0
27620	chr8	121967150	121967802	0
27623	chr8	126882693	126883193	0
27624	chr9	11583982	11584482	0
27625	chr9	15040792	15041292	0
27626	chr9	22385799	22386453	0
27627	chr9	40442890	40443390	0
27628	chr9	45264911	45265411	0
27629	chr9	46049929	46050429	0
27630	chr9	50416883	50417383	0
27631	chr9	53328140	53328640	0
27632	chr9	57402264	57402764	0
27633	chr9	57928288	57928788	0
27634	chr9	57937542	57938042	0
27635	chr9	60491680	60492180	0
27640	chr9	77931318	77931818	0
27641	chr9	85762518	85763018	0
27642	chr9	88366412	88366912	0
27644	chr9	92374644	92375144	0
27645	chr9	96772522	96773022	0
27646	chr9	105397138	105397638	0
27647	chr9	112224648	112225148	0
27648	chr9	114418108	114418608	0
27650	chr9	116150108	116150608	0
27651	chr9	118284941	118285441	0
27652	chr9	120081465	120081965	0
27653	chr10	10190314	10190814	0
27654	chr10	13861265	13861965	0
27655	chr10	14385389	14385889	0
27656	chr10	14701521	14702021	0
27657	chr10	18946965	18947465	0
27658	chr10	30550789	30551289	0
27660	chr10	41910340	41910840	0
27661	chr10	42615405	42615905	0
27666	chr10	68472940	68473576	0
27667	chr10	75103733	75104233	0
27668	chr10	79918898	79919398	0
27669	chr10	80028531	80029031	0
27671	chr10	96264001	96264501	0
27672	chr10	110985902	110986402	0
27673	chr11	8708909	8709539	0
27674	chr11	19984295	19984795	0
27675	chr11	20609255	20609755	0
27676	chr11	31748161	31748661	0
27677	chr11	44526783	44527283	0
27678	chr11	46507240	46507740	0
27682	chr11	67563520	67564020	0
27683	chr11	75591923	75592423	0
27685	chr11	77486005	77486505	0
27686	chr11	85116128	85116628	0
27689	chr11	90349952	90350452	0
27690	chr11	96472659	96473159	0
27693	chr11	100804888	100805388	0
27694	chr11	100829279	100829779	0
27695	chr11	103371130	103371630	0
27698	chr11	115859611	115860111	0
27699	chr11	117275723	117276405	0
27700	chr12	8353315	8353815	0
27701	chr12	17777170	17777670	0
27703	chr12	24977438	24978064	0
27705	chr12	69420678	69421178	0
27706	chr12	70698551	70699051	0
27707	chr12	72774986	72775486	0
27708	chr12	81887121	81887621	0
27709	chr12	85709544	85710044	0
27710	chr12	105937264	105937764	0
27711	chr12	110508141	110508641	0
27713	chr12	113023069	113023569	0
27714	chr12	113450261	113450761	0
27715	chr12	118212431	118212931	0
27716	chr13	21326538	21327038	0
27717	chr13	35115240	35115740	0
27718	chr13	41662721	41663221	0
27719	chr13	44346087	44346587	0
27720	chr13	46091033	46091533	0
27721	chr13	48839353	48839853	0
27722	chr13	51761303	51761803	0
27723	chr13	51770109	51770609	0
27726	chr13	73475336	73475836	0
27727	chr13	76578940	76579440	0
27728	chr13	81675424	81675924	0
27730	chr13	85724078	85724578	0
27731	chr13	91377097	91377747	0
27732	chr13	92733619	92734119	0
27736	chr13	97766609	97767109	0
27737	chr13	111460324	111460824	0
27738	chr13	111801083	111801583	0
27739	chr13	112474974	112475474	0
27740	chr14	25001268	25001768	0
27741	chr14	30458101	30458601	0
27742	chr14	47518260	47518760	0
27743	chr14	67064909	67065409	0
27744	chr14	74903344	74903844	0
27745	chr14	74915703	74916203	0
27746	chr14	78409054	78409554	0
27747	chr14	101837946	101838446	0
27751	chr15	42498231	42498947	0
27752	chr15	52751325	52751825	0
27753	chr15	55852999	55853499	0
27754	chr15	58164067	58164567	0
27755	chr15	58172622	58173122	0
27756	chr15	61415929	61416429	0
27757	chr15	63971306	63971806	0
27759	chr15	76274324	76274824	0
27762	chr15	78300100	78300600	0
27763	chr15	78715766	78716266	0
27764	chr15	80540690	80541190	0
27766	chr15	86080294	86080794	0
27767	chr15	100018458	100018958	0
27768	chr15	100103565	100104065	0
27769	chr15	101243783	101244283	0
27770	chr15	101377999	101378499	0
27771	chr16	3714638	3715278	0
27772	chr16	4186161	4186661	0
27773	chr16	8835789	8836289	0
27774	chr16	9963978	9964478	0
27776	chr16	14365242	14365742	0
27777	chr16	19963119	19963619	0
27780	chr16	89829954	89830454	0
27781	chr16	89841532	89842032	0
27782	chr16	90676866	90677366	0
27784	chr16	91653571	91654071	0
27786	chr16	93192641	93193141	0
27787	chr16	94629853	94630353	0
27788	chr17	4991731	4992231	0
27789	chr17	6761211	6761711	0
27790	chr17	26534966	26535466	0
27791	chr17	27534652	27535152	0
27793	chr17	28512597	28513097	0
27794	chr17	29671026	29671526	0
27796	chr17	31751785	31752285	0
27797	chr17	32238238	32238738	0
27799	chr17	46092106	46092606	0
27800	chr17	46520276	46520776	0
27801	chr17	52118825	52119325	0
27802	chr17	56590669	56591169	0
27804	chr17	70485378	70485878	0
27805	chr17	71119195	71119695	0
27806	chr17	71259097	71259597	0
27807	chr17	75548025	75548525	0
27808	chr17	78207306	78207806	0
27809	chr17	86278347	86278847	0
27810	chr18	4343938	4344438	0
27811	chr18	24855194	24855694	0
27812	chr18	34226149	34226649	0
27813	chr18	37835751	37836251	0
27815	chr18	60756930	60757430	0
27819	chr18	73861104	73861604	0
27821	chr18	81511136	81511636	0
27822	chr19	3563800	3564300	0
27823	chr19	4994331	4994831	0
27824	chr19	10692114	10692614	0
27825	chr19	10804544	10805044	0
27827	chr19	12007872	12008372	0
27828	chr19	12548087	12548587	0
27830	chr19	29209959	29210459	0
27831	chr19	32216237	32216737	0
27832	chr19	34571856	34572356	0
27833	chr19	37442636	37443136	0
27834	chr19	38030717	38031217	0
27836	chr19	47631573	47632073	0
27837	chr19	55859806	55860306	0
27839	chr19	59193527	59194027	0
27841	chrX	36587332	36587986	0
27842	chrX	42365816	42366316	0
27843	chrX	53045037	53045537	0
27845	chrX	85839239	85839739	0
27846	chrX	140451505	140452149	0
27847	chrX	159522776	159523276	0
27848	chr1	7113635	7114135	0
27849	chr1	9878031	9878531	0
27850	chr1	13245399	13245899	0
27851	chr1	36298642	36299142	0
27854	chr1	80345747	80346247	0
27855	chr1	87765330	87765830	0
27856	chr1	87871488	87871988	0
27857	chr1	170977928	170978428	0
27859	chr1	193348418	193348918	0
27860	chr2	18517949	18518449	0
27863	chr2	29103806	29104306	0
27864	chr2	31171484	31171984	0
27865	chr2	60860630	60861130	0
27866	chr2	79554804	79555304	0
27867	chr2	154671362	154671862	0
27868	chr2	156466048	156466680	0
27869	chr2	160727113	160727805	0
27870	chr2	162998439	162998939	0
27871	chr2	166008544	166009044	0
27873	chr2	167909419	167909919	0
27874	chr2	169987880	169988380	0
27875	chr3	15203057	15203557	0
27876	chr3	20197965	20198465	0
27878	chr3	84020329	84020829	0
27879	chr3	85713835	85714335	0
27880	chr3	87935822	87936322	0
27881	chr3	90299993	90300493	0
27884	chr3	100394741	100395241	0
27886	chr3	104851075	104851575	0
27887	chr3	107045040	107045540	0
27888	chr3	107067138	107067638	0
27889	chr3	132860382	132860882	0
27891	chr3	141862983	141863483	0
27892	chr3	144330875	144331375	0
27893	chr3	153682037	153682537	0
27894	chr3	154332223	154332723	0
27895	chr4	6057693	6058327	0
27896	chr4	8776329	8776829	0
27897	chr4	8791893	8792393	0
27898	chr4	21689559	21690189	0
27899	chr4	32429193	32429693	0
27900	chr4	62369887	62370387	0
27901	chr4	62670943	62671443	0
27902	chr4	107759177	107759677	0
27903	chr4	121205938	121206438	0
27907	chr5	29581869	29582369	0
27908	chr5	29740341	29740841	0
27909	chr5	32472604	32473104	0
27910	chr5	32743817	32744453	0
27911	chr5	33022894	33023394	0
27913	chr5	62740087	62740587	0
27914	chr5	64300306	64300806	0
27915	chr5	72180625	72181125	0
27917	chr5	93096522	93097022	0
27918	chr5	103442580	103443080	0
27919	chr5	106996421	106996921	0
27920	chr5	108071134	108071634	0
27923	chr5	139220234	139220734	0
27926	chr6	21955138	21955638	0
27927	chr6	22444829	22445329	0
27928	chr6	34497497	34497997	0
27930	chr6	72547072	72547572	0
27931	chr6	83028095	83028595	0
27932	chr6	86619104	86619604	0
27935	chr7	3451507	3452007	0
27936	chr7	19217396	19218032	0
27939	chr7	38009102	38009602	0
27941	chr7	49662143	49662771	0
27942	chr7	63981909	63982409	0
27944	chr7	74525380	74525880	0
27945	chr7	80940375	80940875	0
27946	chr7	101297449	101297949	0
27947	chr7	110065548	110066048	0
27948	chr7	139234811	139235311	0
27949	chr7	145264162	145264662	0
27950	chr8	4250551	4251051	0
27952	chr8	23196467	23196967	0
27953	chr8	23254350	23254850	0
27955	chr8	60957508	60958008	0
27956	chr8	61581030	61581530	0
27958	chr8	90861101	90861601	0
27959	chr8	91331080	91331580	0
27960	chr8	91350672	91351172	0
27961	chr8	111656516	111657016	0
27962	chr8	119979132	119979632	0
27963	chr8	120972034	120972662	0
27966	chr9	65016326	65016958	0
27967	chr9	70484417	70484917	0
27969	chr9	77526105	77526605	0
27972	chr9	121388620	121389120	0
27973	chr9	124122925	124123425	0
27975	chr10	42883453	42883953	0
27976	chr10	51521817	51522317	0
27977	chr10	57001156	57001798	0
27981	chr10	93536482	93536982	0
27982	chr10	95292641	95293141	0
27984	chr10	120271647	120272147	0
27985	chr10	120974191	120974691	0
27986	chr10	121501504	121502158	0
27988	chr10	123102259	123102759	0
27990	chr11	21156453	21156953	0
27991	chr11	53783457	53783957	0
27993	chr11	61171636	61172268	0
27994	chr11	61619943	61620443	0
27999	chr11	70762437	70762937	0
28001	chr11	74638372	74638872	0
28002	chr11	76351402	76351902	0
28004	chr11	79514549	79515049	0
28005	chr11	83527630	83528130	0
28006	chr11	88539626	88540126	0
28007	chr11	95726253	95726753	0
28008	chr11	96765463	96765963	0
28009	chr11	104362051	104362551	0
28010	chr11	106540956	106541456	0
28011	chr11	113261947	113262447	0
28013	chr12	12270427	12270927	0
28015	chr12	41644807	41645307	0
28016	chr12	54275114	54275614	0
28017	chr12	75565921	75566421	0
28018	chr12	82295634	82296134	0
28019	chr12	99349526	99350026	0
28021	chr12	102435543	102436043	0
28023	chr13	3543052	3543552	0
28024	chr13	17783755	17784255	0
28026	chr13	21259527	21260027	0
28027	chr13	41446479	41446979	0
28028	chr13	41608403	41608903	0
28029	chr13	42884355	42884855	0
28031	chr13	54080979	54081479	0
28033	chr13	92294155	92294655	0
28034	chr13	95534511	95535011	0
28035	chr13	97308844	97309344	0
28036	chr13	112942097	112942597	0
28037	chr14	18667431	18667931	0
28038	chr14	19585195	19585695	0
28040	chr14	53374801	53375301	0
28041	chr14	64376123	64376623	0
28042	chr14	64486733	64487233	0
28043	chr14	75505122	75505764	0
28045	chr14	87247338	87247838	0
28046	chr14	120292701	120293201	0
28047	chr14	121316785	121317285	0
28048	chr14	122043955	122044455	0
28049	chr15	37653110	37653610	0
28051	chr15	52739941	52740441	0
28052	chr15	57736521	57737021	0
28053	chr15	58818926	58819426	0
28056	chr15	82882483	82882983	0
28057	chr15	84772805	84773305	0
28058	chr15	85044253	85044753	0
28060	chr15	95905934	95906434	0
28061	chr16	11071767	11072267	0
28062	chr16	18624374	18624874	0
28064	chr16	57575861	57576361	0
28067	chr16	94231493	94231993	0
28068	chr16	96421950	96422450	0
28069	chr17	3138132	3138632	0
28070	chr17	14826571	14827071	0
28071	chr17	24084728	24085228	0
28072	chr17	32246376	32246876	0
28074	chr17	57344576	57345076	0
28076	chr17	84368341	84368841	0
28077	chr18	5390741	5391241	0
28078	chr18	31811284	31811784	0
28079	chr18	36323594	36324276	0
28082	chr18	60628315	60628977	0
28083	chr18	65442294	65442794	0
28084	chr18	67269673	67270173	0
28086	chr18	79194217	79194717	0
28087	chr19	14679011	14679511	0
28088	chr19	14695806	14696306	0
28089	chr19	17264708	17265208	0
28090	chr19	21818146	21818646	0
28091	chr19	32791690	32792190	0
28092	chr19	41796594	41797094	0
28093	chr19	41811142	41811642	0
28094	chrX	13517453	13517953	0
28095	chrX	20285951	20286451	0
28096	chrX	42179859	42180359	0
28097	chrX	48778796	48779424	0
28098	chrX	77465728	77466228	0
28101	chrX	98302361	98302861	0
28102	chrX	159700348	159700848	0
28104	chr1	36133253	36133753	0
28105	chr1	36365559	36366059	0
28107	chr1	43530998	43531498	0
28108	chr1	51360837	51361337	0
28109	chr1	52056689	52057189	0
28110	chr1	60986806	60987306	0
28111	chr1	65112479	65112979	0
28112	chr1	66649732	66650232	0
28113	chr1	71974326	71974826	0
28115	chr1	74262962	74263462	0
28116	chr1	85628109	85628609	0
28117	chr1	87416614	87417114	0
28118	chr1	88564115	88564615	0
28119	chr1	92067090	92067590	0
28120	chr1	92791060	92791560	0
28121	chr1	106279570	106280070	0
28123	chr1	128713123	128713623	0
28124	chr1	133021209	133021709	0
28125	chr1	134583020	134583520	0
28126	chr1	135154062	135154562	0
28127	chr1	138385327	138385827	0
28128	chr1	154884735	154885235	0
28129	chr1	155173376	155173876	0
28130	chr1	164158566	164159066	0
28131	chr1	167255176	167255676	0
28132	chr1	180835365	180835865	0
28133	chr1	182555085	182555585	0
28134	chr2	11587580	11588080	0
28135	chr2	11691260	11691760	0
28136	chr2	28180361	28180861	0
28138	chr2	30553996	30554496	0
28139	chr2	49466443	49467075	0
28140	chr2	51981760	51982260	0
28141	chr2	58127032	58127532	0
28143	chr2	65803693	65804193	0
28144	chr2	80688767	80689267	0
28146	chr2	93466272	93466772	0
28148	chr2	129820214	129820714	0
28149	chr2	132636747	132637247	0
28151	chr2	135692837	135693337	0
28153	chr2	151568825	151569325	0
28154	chr2	153245133	153245633	0
28156	chr2	158728259	158728759	0
28157	chr2	165706299	165706799	0
28158	chr2	166260365	166260865	0
28159	chr2	166976831	166977331	0
28160	chr2	167779858	167780358	0
28161	chr2	167817286	167817786	0
28163	chr3	9891482	9891982	0
28164	chr3	20116005	20116505	0
28165	chr3	31105630	31106130	0
28166	chr3	32660007	32660507	0
28167	chr3	37940524	37941024	0
28168	chr3	51965105	51965605	0
28170	chr3	95319521	95320021	0
28171	chr3	95649665	95650165	0
28172	chr3	102993478	102993978	0
28173	chr3	103553335	103553835	0
28174	chr3	104773481	104773981	0
28175	chr3	106792043	106792739	0
28176	chr3	108259859	108260359	0
28177	chr3	116001280	116001780	0
28178	chr3	126726964	126727464	0
28180	chr3	136754901	136755401	0
28181	chr3	138909559	138910059	0
28182	chr3	139068269	139068769	0
28183	chr3	142892625	142893125	0
28186	chr4	11724953	11725453	0
28187	chr4	26338032	26338532	0
28188	chr4	43604259	43604759	0
28189	chr4	44311054	44311554	0
28191	chr4	46843498	46843998	0
28192	chr4	48275793	48276293	0
28194	chr4	49626981	49627481	0
28195	chr4	59505549	59506049	0
28196	chr4	98790171	98790671	0
28197	chr4	119287049	119287549	0
28199	chr4	124772690	124773190	0
28201	chr4	133785535	133786035	0
28202	chr4	137601967	137602467	0
28204	chr4	142017860	142018360	0
28205	chr4	143288479	143288979	0
28206	chr4	145302229	145302729	0
28207	chr4	149863569	149864069	0
28208	chr4	150120565	150121065	0
28209	chr5	35015303	35015803	0
28210	chr5	36088253	36088753	0
28211	chr5	37064459	37064959	0
28212	chr5	54065719	54066219	0
28213	chr5	77456843	77457343	0
28214	chr5	86816729	86817229	0
28215	chr5	93105256	93105756	0
28216	chr5	99203407	99203907	0
28217	chr5	104432430	104432930	0
28218	chr5	112128345	112128845	0
28220	chr5	115695617	115696117	0
28221	chr5	117088186	117088686	0
28223	chr5	136551852	136552352	0
28224	chr5	148499221	148499721	0
28225	chr5	148888105	148888605	0
28226	chr6	38147928	38148428	0
28227	chr6	38937728	38938228	0
28228	chr6	41061004	41061504	0
28229	chr6	49257247	49257747	0
28230	chr6	51549067	51549567	0
28231	chr6	66454703	66455203	0
28232	chr6	67181314	67181814	0
28233	chr6	72891384	72891884	0
28234	chr6	82770320	82770820	0
28235	chr6	86503229	86503729	0
28236	chr6	91864124	91864624	0
28237	chr6	97234246	97234746	0
28238	chr6	97247264	97247764	0
28239	chr6	99207406	99207906	0
28240	chr6	112575845	112576345	0
28241	chr6	113096944	113097444	0
28242	chr6	128350072	128350572	0
28243	chr6	134375503	134376003	0
28244	chr6	140684663	140685163	0
28246	chr7	3715173	3715673	0
28247	chr7	19652036	19652536	0
28248	chr7	28431611	28432111	0
28249	chr7	47113809	47114309	0
28250	chr7	48901541	48902041	0
28251	chr7	62381419	62381919	0
28252	chr7	63953053	63953553	0
28253	chr7	66304957	66305457	0
28255	chr7	75641872	75642372	0
28256	chr7	79308873	79309373	0
28257	chr7	82244461	82244961	0
28259	chr7	97609917	97610417	0
28260	chr7	102575681	102576181	0
28261	chr7	122313479	122313979	0
28262	chr7	123380277	123380777	0
28263	chr7	125869181	125869681	0
28264	chr7	127073358	127073858	0
28265	chr7	137911779	137912279	0
28266	chr7	142487976	142488476	0
28267	chr8	13611742	13612242	0
28268	chr8	25368392	25368892	0
28269	chr8	33378176	33378676	0
28270	chr8	33636483	33637133	0
28271	chr8	34781626	34782126	0
28272	chr8	36125620	36126120	0
28273	chr8	40594940	40595440	0
28274	chr8	70421006	70421506	0
28275	chr8	71375007	71375507	0
28277	chr8	79377896	79378396	0
28278	chr8	107046450	107046950	0
28279	chr8	116646418	116646918	0
28280	chr8	123999528	124000028	0
28281	chr8	124905241	124905741	0
28283	chr9	14862356	14862856	0
28284	chr9	40392349	40392849	0
28285	chr9	44618022	44618522	0
28286	chr9	53867705	53868205	0
28287	chr9	55097725	55098225	0
28288	chr9	59544714	59545214	0
28290	chr9	61443456	61443956	0
28291	chr9	62361726	62362226	0
28292	chr9	62956034	62956534	0
28293	chr9	65539507	65540007	0
28294	chr9	65557248	65557748	0
28295	chr9	77494613	77495113	0
28296	chr9	89832296	89832796	0
28297	chr9	94558357	94558857	0
28299	chr9	103027090	103027590	0
28301	chr9	115499705	115500205	0
28302	chr9	116387806	116388306	0
28303	chr10	3975486	3975986	0
28304	chr10	4203397	4203897	0
28305	chr10	7736725	7737225	0
28306	chr10	12534665	12535165	0
28307	chr10	13675380	13675880	0
28308	chr10	20123269	20123769	0
28309	chr10	20317661	20318161	0
28311	chr10	38881480	38881980	0
28313	chr10	41470153	41470785	0
28315	chr10	59748912	59749412	0
28316	chr10	62335507	62336007	0
28317	chr10	62883957	62884457	0
28318	chr10	68079745	68080245	0
28319	chr10	68900879	68901379	0
28320	chr10	80133696	80134196	0
28321	chr10	80615952	80616452	0
28322	chr10	93182563	93183063	0
28323	chr10	108188343	108188843	0
28326	chr10	117033463	117033963	0
28327	chr10	117059214	117059714	0
28328	chr10	118596083	118596583	0
28329	chr10	123191737	123192237	0
28330	chr11	21082591	21083091	0
28332	chr11	44204185	44204685	0
28334	chr11	54585312	54585966	0
28335	chr11	54720712	54721212	0
28336	chr11	61521131	61521631	0
28338	chr11	79015772	79016272	0
28339	chr11	79116773	79117273	0
28340	chr11	85840942	85841442	0
28342	chr11	100810667	100811167	0
28343	chr11	107373974	107374474	0
28344	chr11	109388245	109388907	0
28346	chr11	117118710	117119210	0
28347	chr11	117902206	117902706	0
28348	chr11	120216419	120216919	0
28349	chr12	3840152	3840652	0
28350	chr12	8693737	8694237	0
28351	chr12	17744043	17744543	0
28353	chr12	35207944	35208444	0
28354	chr12	36146802	36147302	0
28355	chr12	54728879	54729379	0
28358	chr12	75834255	75834755	0
28359	chr12	91284412	91284912	0
28361	chr12	111889699	111890199	0
28362	chr12	113482978	113483478	0
28363	chr13	20795702	20796202	0
28365	chr13	33065691	33066191	0
28366	chr13	37082368	37082868	0
28367	chr13	44743220	44743720	0
28368	chr13	45867678	45868178	0
28369	chr13	46030697	46031197	0
28373	chr13	91511497	91511997	0
28374	chr13	92906193	92906693	0
28375	chr13	93900344	93900844	0
28376	chr13	95778789	95779289	0
28377	chr13	95949588	95950088	0
28378	chr13	99028490	99028990	0
28379	chr13	102122197	102122697	0
28380	chr13	107969466	107969966	0
28381	chr14	10251868	10252368	0
28382	chr14	16369557	16370057	0
28383	chr14	20781471	20781971	0
28384	chr14	21585051	21585551	0
28385	chr14	32011141	32011641	0
28387	chr14	51891954	51892454	0
28388	chr14	54499888	54500388	0
28389	chr14	67908998	67909498	0
28390	chr14	75226829	75227329	0
28391	chr14	75985451	75985951	0
28392	chr14	105170986	105171486	0
28393	chr14	122240548	122241048	0
28394	chr15	27798513	27799013	0
28400	chr15	63652134	63652634	0
28401	chr15	67248469	67248969	0
28404	chr15	77811852	77812352	0
28405	chr15	79696809	79697309	0
28407	chr15	82881435	82881935	0
28408	chr15	83146550	83147050	0
28409	chr15	97251417	97251917	0
28410	chr15	99452073	99452573	0
28412	chr15	103153530	103154030	0
28414	chr16	22650903	22651403	0
28417	chr16	31906242	31906742	0
28418	chr16	33455624	33456124	0
28419	chr16	36530941	36531441	0
28420	chr16	38396967	38397467	0
28421	chr16	44221667	44222167	0
28422	chr16	49867183	49867683	0
28423	chr16	52009645	52010145	0
28424	chr16	52070326	52070826	0
28425	chr16	89832839	89833339	0
28426	chr16	92712218	92712718	0
28427	chr16	92718755	92719255	0
28429	chr17	21651829	21652329	0
28430	chr17	25136570	25137070	0
28431	chr17	29771764	29772264	0
28433	chr17	47613826	47614326	0
28434	chr17	56018283	56018783	0
28435	chr17	56683543	56684043	0
28438	chr17	70997504	70998004	0
28439	chr17	72008089	72008589	0
28441	chr17	74265628	74266128	0
28442	chr17	83807455	83807955	0
28443	chr17	87979970	87980470	0
28444	chr17	88029855	88030355	0
28445	chr17	88464228	88464728	0
28446	chr17	88574917	88575417	0
28448	chr18	14964951	14965451	0
28449	chr18	15015968	15016468	0
28450	chr18	34227833	34228333	0
28451	chr18	34648818	34649318	0
28452	chr18	35708760	35709260	0
28453	chr18	37800631	37801131	0
28454	chr18	65306939	65307439	0
28456	chr18	69608167	69608667	0
28457	chr18	75276371	75276871	0
28458	chr19	5644934	5645434	0
28459	chr19	6300459	6300959	0
28460	chr19	10579072	10579572	0
28461	chr19	11503957	11504457	0
28462	chr19	11530396	11530896	0
28463	chr19	12462125	12462625	0
28464	chr19	14573742	14574242	0
28465	chr19	18626297	18626797	0
28466	chr19	29239866	29240366	0
28467	chr19	29383967	29384467	0
28468	chr19	30052787	30053287	0
28469	chr19	40477238	40477738	0
28470	chrX	18173512	18174012	0
28471	chrX	18197984	18198484	0
28472	chrX	47984730	47985230	0
28473	chrX	56462432	56462932	0
28475	chrX	73585384	73585884	0
28476	chrX	75056133	75056633	0
28477	chrX	77789400	77789900	0
28478	chrX	94786044	94786544	0
28479	chrX	104012858	104013358	0
28480	chrX	105057142	105057642	0
28482	chrX	133887261	133887761	0
28483	chrX	140969995	140970495	0
28484	chrX	153888637	153889137	0
28485	chrX	157468062	157468562	0
28486	chrX	158940481	158940981	0
28487	chrX	159755952	159756452	0
28489	chr1	78414856	78415356	0
28490	chr1	87630652	87631152	0
28491	chr1	91302192	91302692	0
28492	chr1	92054277	92054777	0
28493	chr1	119051803	119052303	0
28494	chr1	133406053	133406553	0
28496	chr1	150942701	150943201	0
28497	chr1	155483834	155484334	0
28498	chr1	182589459	182589959	0
28499	chr1	189499675	189500175	0
28500	chr1	191132743	191133243	0
28501	chr2	4566953	4567453	0
28502	chr2	29635305	29635805	0
28503	chr2	61747690	61748190	0
28505	chr2	93204556	93205056	0
28506	chr2	98940650	98941150	0
28507	chr2	121424675	121425175	0
28508	chr2	153469986	153470486	0
28509	chr2	156441450	156441950	0
28510	chr2	167380759	167381259	0
28511	chr2	172395875	172396375	0
28513	chr3	52464084	52464584	0
28514	chr3	54579158	54579658	0
28515	chr3	66972950	66973450	0
28516	chr3	69724644	69725144	0
28517	chr3	84656648	84657148	0
28518	chr3	86683169	86683669	0
28519	chr3	88555289	88555789	0
28520	chr3	95989840	95990340	0
28521	chr3	97611236	97611736	0
28522	chr3	99211166	99211666	0
28523	chr3	104364147	104364647	0
28524	chr3	106769651	106770151	0
28525	chr3	108142905	108143405	0
28526	chr3	126622201	126622701	0
28527	chr4	59288993	59289493	0
28529	chr4	63851439	63851939	0
28530	chr4	107175514	107176014	0
28531	chr4	109484560	109485060	0
28532	chr4	120822026	120822526	0
28533	chr4	122924474	122924974	0
28534	chr4	128797834	128798334	0
28535	chr4	134430458	134430958	0
28536	chr4	137578118	137578618	0
28537	chr4	138007300	138007800	0
28538	chr4	141767024	141767524	0
28539	chr4	150093905	150094405	0
28540	chr4	150350064	150350564	0
28542	chr4	155851468	155851968	0
28544	chr5	21130826	21131326	0
28546	chr5	105433929	105434429	0
28547	chr5	105858824	105859324	0
28548	chr5	116308740	116309240	0
28549	chr5	121591756	121592256	0
28550	chr5	138343636	138344136	0
28552	chr6	39289659	39290159	0
28553	chr6	51760519	51761019	0
28554	chr6	53154753	53155253	0
28555	chr6	72238440	72238940	0
28556	chr6	87123732	87124232	0
28557	chr6	99957475	99957975	0
28558	chr6	103474194	103474694	0
28559	chr6	108231663	108232163	0
28560	chr6	121094184	121094684	0
28561	chr6	127251168	127251668	0
28562	chr6	134201725	134202225	0
28563	chr6	140353266	140353766	0
28564	chr7	35171802	35172302	0
28565	chr7	55958519	55959019	0
28566	chr7	74539554	74540054	0
28567	chr7	81856607	81857107	0
28569	chr7	83597583	83598083	0
28570	chr7	96153181	96153681	0
28571	chr7	97617015	97617515	0
28572	chr7	101413378	101413878	0
28573	chr7	118104595	118105095	0
28574	chr7	119893128	119893628	0
28575	chr7	125576711	125577211	0
28576	chr7	126645855	126646355	0
28577	chr7	126857617	126858117	0
28579	chr8	46595987	46596487	0
28580	chr8	68232985	68233485	0
28581	chr8	84232995	84233495	0
28582	chr8	106432862	106433362	0
28583	chr8	117105762	117106262	0
28584	chr8	117527593	117528093	0
28585	chr8	125502852	125503352	0
28586	chr9	13418443	13418943	0
28587	chr9	15503000	15503500	0
28588	chr9	20657729	20658371	0
28590	chr9	50475838	50476338	0
28591	chr9	56144392	56144892	0
28592	chr9	57667105	57667605	0
28593	chr9	70825546	70826046	0
28594	chr9	105689411	105689911	0
28596	chr10	53435162	53435662	0
28597	chr10	62982165	62982665	0
28599	chr10	78403367	78403867	0
28600	chr10	80350229	80350729	0
28601	chr10	111582995	111583495	0
28602	chr10	119028667	119029167	0
28603	chr10	119229203	119229703	0
28604	chr10	121409540	121410040	0
28605	chr10	122806993	122807493	0
28608	chr11	45879828	45880328	0
28609	chr11	55417206	55417706	0
28610	chr11	55455874	55456374	0
28611	chr11	63147876	63148376	0
28612	chr11	76924832	76925332	0
28614	chr11	98929828	98930328	0
28615	chr11	103690786	103691286	0
28617	chr11	117663601	117664101	0
28618	chr11	118410692	118411192	0
28620	chr12	3435701	3436201	0
28622	chr12	8913338	8913838	0
28623	chr12	25329676	25330176	0
28624	chr12	51705418	51705918	0
28625	chr12	55460316	55460816	0
28626	chr12	59250849	59251349	0
28628	chr12	106226937	106227437	0
28629	chr13	18799825	18800325	0
28630	chr13	29853223	29853723	0
28631	chr13	43245475	43245975	0
28632	chr13	47277458	47277958	0
28633	chr13	49249963	49250463	0
28634	chr13	52602236	52602736	0
28635	chr13	58124482	58124982	0
28636	chr13	65310482	65310982	0
28637	chr13	93135227	93135727	0
28639	chr14	25188508	25189008	0
28640	chr14	30708706	30709206	0
28641	chr14	54549437	54549937	0
28642	chr14	120290641	120291141	0
28643	chr14	121321227	121321727	0
28644	chr14	122016406	122016906	0
28645	chr14	122119716	122120216	0
28646	chr15	5113832	5114332	0
28647	chr15	30722602	30723102	0
28648	chr15	35869954	35870454	0
28649	chr15	51850940	51851440	0
28650	chr15	73729243	73729743	0
28651	chr15	75002396	75002896	0
28653	chr15	91754489	91754989	0
28654	chr15	97383001	97383501	0
28655	chr15	98287969	98288469	0
28657	chr16	5426576	5427076	0
28658	chr16	10574604	10575104	0
28659	chr16	11619346	11619846	0
28660	chr16	29440705	29441205	0
28661	chr16	52072592	52073092	0
28662	chr16	87798665	87799165	0
28663	chr16	92935569	92936069	0
28664	chr17	6760252	6760752	0
28665	chr17	24131795	24132295	0
28666	chr17	27450247	27450747	0
28667	chr17	32067907	32068407	0
28668	chr17	32341912	32342412	0
28669	chr17	36143140	36143640	0
28672	chr17	53601039	53601539	0
28673	chr17	56213387	56213887	0
28674	chr17	57347158	57347658	0
28675	chr17	67995951	67996451	0
28676	chr17	69199700	69200200	0
28677	chr17	73808414	73808914	0
28678	chr18	32053149	32053649	0
28679	chr18	39800354	39800854	0
28680	chr18	62037958	62038458	0
28682	chr18	68929106	68929606	0
28683	chr18	75074001	75074501	0
28684	chr18	80653755	80654255	0
28685	chr19	3946306	3946806	0
28686	chr19	10808980	10809480	0
28687	chr19	16162308	16162808	0
28688	chr19	21769814	21770314	0
28689	chr19	37969581	37970081	0
28690	chr19	47225110	47225610	0
28691	chr19	56774537	56775037	0
28692	chrX	18226983	18227483	0
28693	chrX	73960457	73960957	0
28694	chrX	95422288	95422788	0
28696	chrX	157466238	157466738	0
28697	chrX	159706899	159707399	0
28698	chr1	9862521	9863021	0
28699	chr1	52634913	52635413	0
28700	chr1	56954888	56955388	0
28701	chr1	60860041	60860541	0
28702	chr1	82924242	82924742	0
28703	chr1	87648015	87648515	0
28704	chr1	88667140	88667640	0
28705	chr1	92773084	92773584	0
28706	chr1	106818382	106818882	0
28707	chr1	137563258	137563758	0
28708	chr1	155970141	155970641	0
28710	chr1	176810287	176810787	0
28711	chr1	181872300	181872800	0
28712	chr1	184644970	184645470	0
28713	chr2	27395057	27395557	0
28714	chr2	33856439	33856939	0
28715	chr2	90661973	90662473	0
28716	chr2	92196871	92197371	0
28717	chr2	94264876	94265376	0
28718	chr2	102892632	102893132	0
28719	chr2	103016916	103017416	0
28720	chr2	117460730	117461230	0
28721	chr2	121509537	121510037	0
28722	chr2	153465836	153466336	0
28723	chr2	154732028	154732528	0
28724	chr2	154846019	154846519	0
28725	chr2	157849946	157850446	0
28726	chr2	160443574	160444074	0
28727	chr2	165114362	165114862	0
28729	chr2	166717710	166718210	0
28730	chr2	174906093	174906593	0
28731	chr3	9654745	9655245	0
28732	chr3	38308266	38308766	0
28733	chr3	85196594	85197094	0
28734	chr3	102490435	102490935	0
28735	chr3	103169433	103169933	0
28736	chr3	103851242	103851742	0
28737	chr3	105767019	105767519	0
28738	chr3	133790593	133791093	0
28739	chr3	141690669	141691169	0
28740	chr3	152411284	152411784	0
28741	chr4	7645215	7645715	0
28742	chr4	7912913	7913413	0
28743	chr4	32898775	32899275	0
28744	chr4	45653736	45654236	0
28745	chr4	89162259	89162759	0
28746	chr4	95076356	95076856	0
28747	chr4	114957988	114958488	0
28748	chr4	116419161	116419661	0
28749	chr4	119535071	119535571	0
28750	chr4	123162795	123163295	0
28751	chr4	125131737	125132237	0
28752	chr4	126732232	126732732	0
28753	chr4	132378993	132379493	0
28754	chr4	137325095	137325595	0
28755	chr4	137899136	137899636	0
28756	chr4	141519826	141520326	0
28757	chr4	149946267	149946767	0
28758	chr4	155775818	155776318	0
28759	chr5	5368393	5368893	0
28760	chr5	23405451	23405951	0
28761	chr5	37060030	37060530	0
28762	chr5	66105100	66105600	0
28763	chr5	73150599	73151099	0
28764	chr5	92219902	92220402	0
28765	chr5	96784247	96784747	0
28766	chr5	105342134	105342634	0
28767	chr5	110894424	110894924	0
28768	chr5	122178623	122179123	0
28769	chr5	134101209	134101709	0
28770	chr5	140622605	140623105	0
28772	chr6	30451864	30452364	0
28773	chr6	31517348	31517848	0
28774	chr6	37892576	37893076	0
28775	chr6	41200128	41200628	0
28776	chr6	52471967	52472467	0
28777	chr6	54052376	54052876	0
28778	chr6	70829955	70830455	0
28779	chr6	71732854	71733354	0
28780	chr6	81716650	81717150	0
28781	chr6	90762464	90762964	0
28782	chr6	91325515	91326015	0
28783	chr6	94974072	94974572	0
28784	chr6	97013980	97014480	0
28785	chr6	114746127	114746627	0
28786	chr6	117871125	117871625	0
28787	chr6	120908018	120908518	0
28788	chr6	122598723	122599223	0
28789	chr6	148485972	148486472	0
28790	chr7	16349162	16349662	0
28791	chr7	19676382	19676882	0
28792	chr7	28365293	28365793	0
28793	chr7	45886375	45886875	0
28794	chr7	49399211	49399711	0
28795	chr7	68146880	68147380	0
28796	chr7	82275674	82276174	0
28797	chr7	102309815	102310315	0
28799	chr7	129764346	129764846	0
28800	chr7	130858157	130858657	0
28801	chr7	142370308	142370808	0
28802	chr8	4201497	4201997	0
28803	chr8	11461608	11462108	0
28804	chr8	18768596	18769096	0
28806	chr8	94769237	94769737	0
28807	chr8	94808316	94808816	0
28808	chr8	119417276	119417776	0
28809	chr8	122299791	122300291	0
28810	chr8	122301778	122302278	0
28811	chr8	122925289	122925789	0
28812	chr8	126163229	126163729	0
28813	chr8	126865492	126865992	0
28814	chr9	22838238	22838738	0
28815	chr9	32239576	32240076	0
28816	chr9	33000576	33001076	0
28817	chr9	33179521	33180021	0
28818	chr9	41086639	41087139	0
28819	chr9	44725555	44726055	0
28820	chr9	50927429	50927929	0
28821	chr9	64242461	64242961	0
28822	chr9	64362270	64362770	0
28823	chr9	66004331	66004831	0
28824	chr9	70277292	70277792	0
28825	chr9	75222218	75222718	0
28826	chr9	76114419	76114919	0
28828	chr9	95118238	95118738	0
28829	chr9	101231753	101232253	0
28830	chr9	115408933	115409433	0
28831	chr9	117470020	117470520	0
28832	chr10	17549128	17549628	0
28833	chr10	20839238	20839738	0
28835	chr10	39294852	39295352	0
28836	chr10	39777317	39777817	0
28837	chr10	41606387	41606887	0
28838	chr10	60225437	60225937	0
28839	chr10	67856455	67856955	0
28840	chr10	79913600	79914100	0
28841	chr10	80943957	80944457	0
28842	chr10	84582432	84582932	0
28843	chr10	91241649	91242149	0
28844	chr10	98975272	98975772	0
28845	chr10	117144779	117145279	0
28846	chr10	119230293	119230793	0
28847	chr10	120128988	120129488	0
28848	chr10	128445630	128446130	0
28849	chr11	6138215	6138715	0
28850	chr11	23570016	23570516	0
28851	chr11	53443822	53444322	0
28853	chr11	77700333	77700833	0
28854	chr11	85227430	85227930	0
28855	chr11	97485545	97486045	0
28856	chr11	97604031	97604531	0
28857	chr11	100678433	100678933	0
28858	chr11	100919735	100920235	0
28859	chr11	102545697	102546197	0
28860	chr11	104421302	104421802	0
28862	chr11	115632986	115633486	0
28863	chr11	118074711	118075211	0
28864	chr12	3354816	3355316	0
28867	chr12	51679920	51680420	0
28868	chr12	51900419	51900919	0
28869	chr12	57548519	57549019	0
28870	chr12	69776804	69777304	0
28871	chr12	76378577	76379077	0
28872	chr12	86689138	86689638	0
28873	chr12	87466540	87467040	0
28875	chr12	99356581	99357081	0
28876	chr12	100957814	100958314	0
28877	chr12	102448419	102448919	0
28878	chr12	110604119	110604619	0
28879	chr12	111188671	111189171	0
28880	chr12	113461648	113462148	0
28881	chr13	24807955	24808455	0
28882	chr13	42018050	42018550	0
28883	chr13	42115279	42115779	0
28884	chr13	43985143	43985643	0
28885	chr13	52618699	52619199	0
28886	chr13	53309846	53310346	0
28887	chr13	55250329	55250829	0
28888	chr13	63445267	63445767	0
28889	chr13	83574465	83574965	0
28890	chr13	101729636	101730136	0
28891	chr13	117020121	117020621	0
28892	chr14	14700072	14700572	0
28893	chr14	26486345	26486845	0
28894	chr14	46675040	46675540	0
28896	chr14	53736868	53737368	0
28897	chr14	69136246	69136746	0
28898	chr14	98870022	98870522	0
28899	chr14	101529604	101530104	0
28900	chr14	118713751	118714251	0
28901	chr15	36643662	36644162	0
28902	chr15	75020574	75021074	0
28903	chr15	79393687	79394187	0
28904	chr15	80445060	80445560	0
28905	chr15	82215661	82216161	0
28907	chr15	86224908	86225408	0
28908	chr16	14352892	14353392	0
28909	chr16	17882107	17882607	0
28910	chr16	32154762	32155262	0
28912	chr16	37343463	37343963	0
28913	chr16	45795727	45796227	0
28914	chr16	48789404	48789904	0
28915	chr16	58710646	58711146	0
28916	chr16	94083276	94083776	0
28917	chr16	94625953	94626453	0
28918	chr17	5078458	5078958	0
28919	chr17	5244106	5244606	0
28920	chr17	11844959	11845459	0
28921	chr17	14264588	14265088	0
28922	chr17	26601970	26602470	0
28923	chr17	31096933	31097433	0
28924	chr17	31527665	31528165	0
28925	chr17	34208925	34209425	0
28926	chr17	40878082	40878582	0
28927	chr17	47765810	47766310	0
28928	chr17	56343440	56343940	0
28929	chr17	56712136	56712636	0
28930	chr17	73132980	73133480	0
28931	chr17	83666489	83666989	0
28932	chr18	9390506	9391006	0
28934	chr18	20891063	20891563	0
28935	chr18	32242580	32243080	0
28936	chr18	35382637	35383137	0
28937	chr18	35573567	35574067	0
28938	chr18	50012708	50013208	0
28939	chr18	65016409	65016909	0
28940	chr18	70521090	70521590	0
28942	chr18	80412658	80413158	0
28943	chr19	5232762	5233262	0
28944	chr19	11614766	11615266	0
28945	chr19	20393548	20394048	0
28946	chr19	21031148	21031648	0
28947	chr19	25311262	25311762	0
28948	chr19	26414251	26414751	0
28949	chr19	27218406	27218906	0
28950	chr19	58918912	58919412	0
28951	chrX	12466779	12467279	0
28952	chrX	13601284	13601784	0
28954	chrX	57178341	57178841	0
28955	chrX	98774195	98774695	0
28956	chrX	101269951	101270451	0
28957	chrX	103477915	103478415	0
28960	chrX	108243307	108243807	0
28961	chrX	109121013	109121513	0
28962	chrX	113850384	113850884	0
28963	chrX	159694318	159694818	0
28964	chrX	159741133	159741633	0
28965	chrX	167007375	167007875	0
28966	chrX	167172168	167172668	0
28967	chrX	167198070	167198570	0
28968	chr1	69284815	69285315	0
28969	chr1	105800849	105801349	0
28970	chr2	29769420	29769920	0
28971	chr2	112218190	112218690	0
28972	chr2	156281095	156281595	0
28973	chr4	141862156	141862656	0
28974	chr5	8992342	8992842	0
28975	chr5	30379412	30379912	0
28976	chr5	66802402	66802902	0
28977	chr5	113905357	113905857	0
28978	chr5	115019587	115020087	0
28979	chr5	135774364	135774864	0
28980	chr5	142956034	142956534	0
28981	chr6	28989790	28990290	0
28982	chr6	72307549	72308049	0
28983	chr6	83389831	83390331	0
28984	chr7	34910564	34911064	0
28985	chr7	35589297	35589797	0
28986	chr7	42493295	42493795	0
28987	chr7	143018617	143019117	0
28988	chr8	13316717	13317217	0
28989	chr8	91805376	91805876	0
28990	chr8	109947516	109948016	0
28991	chr8	120492808	120493308	0
28992	chr8	124815058	124815558	0
28993	chr9	7861561	7862061	0
28994	chr9	21947471	21947971	0
28995	chr9	72101907	72102407	0
28996	chr10	9272748	9273248	0
28997	chr10	60361242	60361742	0
28998	chr10	96093911	96094411	0
29000	chr11	79305271	79305771	0
29001	chr11	97412499	97412999	0
29002	chr11	114931282	114931782	0
29003	chr13	102709003	102709503	0
29004	chr13	112785846	112786346	0
29005	chr13	116949896	116950396	0
29006	chr14	31160948	31161448	0
29007	chr14	53104899	53105399	0
29008	chr14	59209570	59210070	0
29009	chr15	78278601	78279101	0
29011	chr17	13723207	13723707	0
29012	chr17	44436362	44436862	0
29013	chr18	33815083	33815583	0
29014	chr19	37692894	37693394	0
29015	chrX	12007547	12008047	0
29016	chrX	38561109	38561609	0
29017	chrX	53379409	53379909	0
29018	chrX	107279460	107279960	0
29019	chrX	150956739	150957239	0
29020	chr1	58856737	58857237	0
29021	chr1	192603155	192603655	0
29022	chr4	45672400	45672900	0
29023	chr5	106684600	106685100	0
29024	chr8	46543390	46543890	0
29025	chr9	60914715	60915215	0
29026	chr9	70640100	70640600	0
29027	chr11	63046375	63046875	0
29028	chr11	71001050	71001550	0
29029	chr11	107510786	107511286	0
29030	chr11	117407924	117408424	0
29031	chr13	49349015	49349515	0
29032	chr15	82211138	82211638	0
29033	chr15	103102293	103102793	0
29034	chrX	74425708	74426208	0
29036	chr8	61234803	61235303	0
