3	chr8	72348242	72367600	0
7	chr8	81768426	81780680	0
85	chr3	100555629	100563617	0
88	chr2	166617423	166623931	0
93	chr10	116914170	116920428	0
108	chr19	12471849	12477281	0
116	chr3	131133669	131140545	0
129	chr17	72934299	72940535	0
137	chr3	115970384	115975338	0
182	chr2	35444360	35449152	0
190	chr2	122486828	122491188	0
193	chr3	103777209	103783385	0
196	chr17	84264316	84269406	0
197	chr17	84303421	84309215	0
232	chr13	51765467	51769819	0
240	chr12	17725312	17729954	0
249	chr5	72760560	72764008	0
253	chr6	31183584	31189176	0
265	chr11	19961676	19966104	0
270	chr5	44216985	44221419	0
301	chr11	32011529	32015637	0
307	chr6	54849354	54852706	0
326	chr5	134241473	134244697	0
328	chr9	122128204	122131666	0
331	chr17	28013651	28016685	0
333	chr10	6968821	6973193	0
346	chr9	90242102	90246212	0
353	chr1	92102959	92106695	0
423	chr16	93572809	93576027	0
443	chr11	106165482	106168694	0
479	chr7	63903380	63907036	0
518	chr12	79624902	79628368	0
545	chr15	100746274	100750418	0
553	chr1	164135016	164137396	0
571	chr12	80813251	80817025	0
574	chr1	85651156	85654988	0
582	chr5	140636843	140639515	0
585	chr11	54762390	54766004	0
611	chr7	28943586	28947646	0
638	chr6	127991469	127994625	0
657	chr12	28833311	28835693	0
686	chr6	48731402	48734422	0
693	chr6	144677133	144679515	0
702	chr3	52647032	52649158	0
712	chr12	112957678	112960524	0
733	chr7	125579932	125581964	0
788	chr14	64271083	64273681	0
791	chr17	23609547	23611491	0
794	chr4	62805069	62807207	0
816	chr15	6623120	6625682	0
818	chr15	55826828	55830076	0
861	chr2	26060738	26063516	0
876	chr2	32044164	32047774	0
930	chr12	116313577	116316639	0
957	chr2	166629651	166631577	0
962	chr8	111576609	111579555	0
1002	chr2	103684579	103686517	0
1010	chr17	84351587	84354655	0
1020	chr14	118928653	118931207	0
1028	chr1	92063410	92065692	0
1069	chr7	132931170	132932338	0
1072	chr11	6694368	6697050	0
1096	chr3	27193155	27195263	0
1101	chr15	62169051	62170677	0
1136	chr2	132691904	132693922	0
1142	chr7	67419678	67422592	0
1144	chr8	34162780	34165082	0
1183	chr2	71807576	71810348	0
1187	chr5	44179365	44181807	0
1236	chr6	97352254	97354642	0
1244	chr12	3546517	3548355	0
1252	chr4	32295913	32298571	0
1254	chr5	110595426	110597736	0
1285	chr10	117981996	117983454	0
1300	chr5	121811300	121813354	0
1304	chr10	39191810	39194032	0
1327	chr8	84131390	84133892	0
1367	chr4	134653811	134655417	0
1386	chr1	85686985	85688109	0
1387	chr1	162727185	162729035	0
1405	chr14	73348261	73350719	0
1409	chr15	67208812	67210398	0
1414	chr3	34033905	34035933	0
1423	chr16	32200349	32203095	0
1436	chr9	63610732	63613382	0
1438	chr10	70179882	70182430	0
1445	chr13	48863993	48866027	0
1461	chr6	136490363	136492305	0
1466	chr9	123756841	123759571	0
1477	chr17	80772051	80773213	0
1528	chr11	53840538	53843138	0
1545	chr11	19978975	19979995	0
1556	chr2	167700945	167702907	0
1564	chr9	13424766	13426144	0
1589	chr8	111559000	111561762	0
1591	chr10	34171689	34173469	0
1601	chr1	34830773	34832541	0
1605	chr4	101167144	101168748	0
1608	chr5	65006111	65007463	0
1641	chr10	118765588	118766794	0
1649	chr16	45251592	45252944	0
1697	chr11	89027681	89029333	0
1736	chr13	92029386	92031228	0
1747	chr5	34465065	34466667	0
1754	chr6	140816366	140817930	0
1760	chr10	96663352	96664430	0
1761	chr11	54082069	54083725	0
1768	chr13	37751018	37752418	0
1771	chr15	64278387	64279655	0
1789	chr8	128487509	128489627	0
1793	chr10	127470658	127472206	0
1801	chr15	62808310	62809748	0
1808	chr19	12805318	12806902	0
1809	chr19	32253849	32255551	0
1816	chr2	30247912	30249820	0
1832	chr11	58436891	58438311	0
1833	chr12	73625291	73626549	0
1838	chr14	118863814	118865318	0
1849	chr1	51584333	51585877	0
1857	chr3	89876288	89878144	0
1858	chr4	62680738	62682308	0
1859	chr4	135910589	135912749	0
1866	chr7	30098401	30100671	0
1869	chr9	100457666	100458638	0
1881	chr12	65064632	65066196	0
1885	chr15	64205778	64207278	0
1897	chr4	59166679	59168621	0
1920	chr15	76299447	76300775	0
1929	chr2	173435946	173437672	0
1936	chr8	81760888	81762520	0
1949	chr18	77121429	77123023	0
1953	chr1	184050852	184053120	0
1958	chr3	115793257	115794619	0
1963	chr8	13619357	13621183	0
1964	chr8	86727220	86728880	0
1995	chr4	134759305	134761397	0
2011	chr12	107138333	107139787	0
2026	chr3	68704401	68706531	0
2038	chr11	21163420	21165126	0
2045	chr14	121928803	121930361	0
2046	chr15	65726983	65728113	0
2050	chr1	88693864	88696054	0
2055	chr1	171966066	171967126	0
2074	chr10	61444695	61446751	0
2101	chr4	136189145	136190981	0
2111	chr11	52167405	52168985	0
2115	chr15	27596145	27597633	0
2145	chr16	35764508	35766330	0
2147	chr17	51898797	51900483	0
2152	chr2	173229228	173230228	0
2154	chr4	57349335	57350683	0
2155	chr4	129563941	129566001	0
2156	chr5	65899815	65901219	0
2158	chr5	105443213	105443975	0
2200	chr6	119505045	119507095	0
2202	chr7	80918754	80920340	0
2209	chr11	106738508	106740778	0
2221	chr2	168198791	168200391	0
2246	chr12	86881616	86883180	0
2251	chr15	3171425	3173095	0
2253	chr16	35746919	35748135	0
2263	chr2	31814226	31815542	0
2267	chr3	52863199	52864139	0
2269	chr3	152106746	152108122	0
2285	chr10	20281079	20282175	0
2292	chr12	59205554	59206756	0
2298	chr17	23618759	23620273	0
2332	chr1	52018820	52020466	0
2354	chr8	111581642	111583460	0
2356	chr9	120944563	120946369	0
2371	chr17	12779073	12780361	0
2413	chr13	108303083	108304457	0
2415	chr14	60176799	60178619	0
2419	chr15	95884652	95885554	0
2423	chr17	63405321	63406485	0
2425	chrX	103474596	103477406	0
2453	chr10	99416440	99417616	0
2459	chr11	107427704	107429366	0
2461	chr12	85446890	85447812	0
2468	chr16	17804193	17805973	0
2476	chr19	41038747	41039901	0
2488	chr4	19927132	19928962	0
2491	chr4	59339036	59340776	0
2504	chr10	84631478	84632878	0
2525	chr1	44122249	44123343	0
2526	chr1	54901326	54903050	0
2528	chr1	183265817	183266793	0
2536	chr3	103465397	103466575	0
2540	chr4	134737144	134738870	0
2543	chr6	140656723	140658103	0
2547	chr7	83616822	83618304	0
2563	chr12	107016518	107018014	0
2568	chr13	96964739	96965493	0
2582	chr1	153084146	153085904	0
2614	chr11	86839738	86841136	0
2617	chr11	106318175	106319259	0
2628	chr15	102115533	102116551	0
2647	chr8	13664564	13666508	0
2656	chr11	117909035	117909963	0
2658	chr12	8842294	8843198	0
2667	chr17	46870200	46871158	0
2669	chr18	69547367	69548261	0
2683	chr7	80671901	80673045	0
2700	chr13	44292758	44293564	0
2716	chr1	60778151	60779805	0
2718	chr1	134509319	134510517	0
2732	chr4	101226088	101227634	0
2733	chr4	101234497	101236015	0
2741	chr7	79190024	79191918	0
2746	chr8	116891684	116892982	0
2760	chr16	52181240	52182500	0
2769	chr2	11199769	11201159	0
2790	chr8	72276597	72277475	0
2801	chr12	52729193	52730097	0
2805	chr14	27383803	27384961	0
2809	chr15	99233375	99234487	0
2813	chr17	84166373	84167781	0
2825	chr3	105132646	105133530	0
2827	chr5	122513651	122514467	0
2828	chr5	143520419	143521649	0
2830	chr5	150180001	150181257	0
2838	chr7	106516906	106518162	0
2844	chr10	99131831	99133087	0
2849	chr12	73841975	73842863	0
2879	chr4	101174667	101176391	0
2881	chr5	24738855	24739785	0
2882	chr5	37082675	37083741	0
2884	chr6	125366986	125368208	0
2885	chr6	143361291	143362489	0
2898	chr13	24401934	24402560	0
2908	chr17	46172540	46173640	0
2924	chr5	65794767	65796089	0
2929	chr5	140582657	140584617	0
2941	chr10	19522135	19523091	0
2943	chr11	11738655	11739819	0
2945	chr11	46326565	46327337	0
2970	chr6	125244546	125245664	0
2973	chr7	68319942	68320858	0
2978	chr8	86779179	86780257	0
2981	chr10	59942318	59943386	0
2992	chr16	23170550	23171674	0
3003	chr1	54422077	54423127	0
3041	chr11	63908524	63909426	0
3048	chr13	46310399	46311303	0
3070	chr2	165854479	165856041	0
3091	chr7	132686212	132687106	0
3112	chr12	26409454	26410996	0
3132	chr1	150395620	150396736	0
3146	chr5	123048960	123049948	0
3153	chr8	81497246	81498140	0
3160	chr11	46298475	46299869	0
3166	chr12	115868266	115869262	0
3173	chr17	10425329	10426223	0
3181	chr1	43450428	43451390	0
3183	chr2	91645017	91646383	0
3191	chr5	65969520	65970294	0
3194	chr5	143000333	143001323	0
3197	chr6	115792399	115793395	0
3205	chr11	3344614	3345654	0
3211	chr12	107962286	107963184	0
3213	chr13	12475174	12475934	0
3217	chr13	112473982	112474790	0
3239	chr2	30244935	30245891	0
3246	chr3	152944447	152945509	0
3254	chr5	105105743	105106923	0
3268	chr7	142341437	142342431	0
3273	chr10	41605035	41605839	0
3285	chr11	76730179	76731343	0
3298	chr18	56887764	56889396	0
3300	chr19	57343202	57343974	0
3305	chr1	87899510	87900570	0
3311	chr2	160435470	160436706	0
3325	chr7	130903320	130904072	0
3338	chr10	96519238	96519866	0
3357	chr15	12800148	12801048	0
3361	chr17	46828741	46830119	0
3366	chr18	64530590	64531728	0
3368	chr18	70610971	70611979	0
3369	chr18	82513059	82513831	0
3377	chr2	25581176	25582356	0
3379	chr2	59352107	59353695	0
3380	chr2	72409102	72409968	0
3381	chr2	90486499	90488175	0
3389	chr4	133050550	133051374	0
3396	chr7	132688945	132690375	0
3403	chr9	70309374	70310360	0
3405	chr9	114742912	114744072	0
3410	chr10	120616934	120617818	0
3413	chr11	100826747	100827505	0
3414	chr11	109553846	109555192	0
3417	chr12	115404276	115405044	0
3418	chr13	44247585	44249093	0
3420	chr13	98902168	98903358	0
3438	chr1	133400619	133401711	0
3441	chr2	27469979	27471005	0
3447	chr4	45948886	45949778	0
3451	chr5	105130518	105131934	0
3462	chr8	125531937	125532889	0
3463	chr9	61233202	61234662	0
3468	chr10	118407017	118407847	0
3489	chr15	74787692	74788594	0
3492	chr16	87324048	87324806	0
3496	chr18	67938695	67940079	0
3501	chr1	161156522	161157022	0
3503	chr1	182081964	182082914	0
3505	chr2	84498063	84499199	0
3510	chr4	43933265	43934273	0
3512	chr5	33203465	33204089	0
3517	chr5	135536910	135537888	0
3518	chr6	51767411	51768203	0
3520	chr6	103565112	103565888	0
3521	chr7	68328509	68329643	0
3527	chr7	142478166	142479902	0
3529	chr9	56326642	56327404	0
3530	chr9	77513790	77515044	0
3534	chr10	41893018	41894224	0
3538	chr11	51883600	51884244	0
3547	chr12	108600717	108601343	0
3548	chr12	110515091	110516733	0
3549	chr13	117195820	117196580	0
3551	chr15	59003500	59004304	0
3552	chr15	59761612	59762852	0
3558	chr17	47753735	47754855	0
3570	chr2	71863278	71864212	0
3571	chr2	103703147	103703947	0
3582	chr5	136101919	136102747	0
3583	chr6	3388795	3389839	0
3584	chr6	12037756	12038550	0
3586	chr6	89109934	89111008	0
3590	chr6	130287755	130289361	0
3593	chr7	73612267	73613191	0
3612	chr12	107947798	107949006	0
3614	chr13	91452984	91453922	0
3631	chr19	3922576	3923870	0
3632	chr19	41969454	41970210	0
3661	chr6	142867280	142867908	0
3663	chr7	7188124	7188932	0
3671	chr8	22788046	22788844	0
3674	chr9	41934859	41935877	0
3675	chr9	66873286	66874420	0
3677	chr9	80318191	80318819	0
3682	chr10	110890746	110891374	0
3697	chr15	12284595	12285503	0
3702	chr16	31682927	31683679	0
3703	chr17	17601884	17602788	0
3731	chr6	136524342	136525260	0
3732	chr6	145187386	145188036	0
3737	chr8	111600079	111600579	0
3744	chr9	96355729	96356621	0
3750	chr10	119010733	119011689	0
3756	chr12	108098027	108098955	0
3760	chr13	95741822	95742674	0
3761	chr14	21101479	21102371	0
3767	chr15	95713668	95714566	0
3772	chr17	79968908	79969882	0
3774	chr18	81863656	81864286	0
3775	chr19	34562482	34563612	0
3783	chr1	191599002	191599896	0
3786	chr2	90583887	90584789	0
3797	chr4	145018876	145019928	0
3798	chr5	64029716	64030636	0
3802	chr5	147062709	147063587	0
3803	chr6	135218685	135219185	0
3812	chr8	119419401	119421169	0
3828	chr11	54782296	54783516	0
3839	chr13	111892388	111893650	0
3843	chr15	83399798	83400838	0
3847	chr16	33698197	33698957	0
3849	chr17	28407518	28408576	0
3850	chr17	81044412	81045668	0
3852	chr18	32993706	32994762	0
3853	chr18	46507242	46508156	0
3857	chrX	23822488	23824224	0
3865	chr2	129194249	129195023	0
3877	chr4	135904820	135905644	0
3885	chr5	110598359	110599563	0
3890	chr6	71920508	71921462	0
3893	chr6	142909070	142909702	0
3894	chr6	142941807	142942643	0
3896	chr7	45161976	45162748	0
3897	chr7	68143704	68144466	0
3907	chr10	59569148	59569776	0
3909	chr10	67581983	67582741	0
3910	chr10	71247100	71247600	0
3912	chr10	121426814	121427644	0
3919	chr12	28807110	28808036	0
3924	chr13	11959044	11960300	0
3925	chr13	43191304	43191980	0
3926	chr14	54040349	54041325	0
3930	chr15	62067474	62068264	0
3937	chr17	35180483	35180983	0
3942	chr19	53180214	53181406	0
3945	chr1	64097663	64098661	0
3952	chr2	13718705	13719331	0
3961	chr2	181659439	181659939	0
3970	chr4	101178920	101179588	0
3975	chr5	111815726	111816476	0
3979	chr6	12095291	12096097	0
3990	chr7	117613737	117614237	0
3993	chr8	127815140	127815766	0
3994	chr9	48997078	48998196	0
4004	chr10	40499250	40500080	0
4007	chr11	34419274	34420094	0
4009	chr11	54088675	54089501	0
4010	chr11	59212204	59212854	0
4013	chr12	33118363	33119135	0
4018	chr13	21974028	21974678	0
4019	chr13	44821956	44823232	0
4020	chr14	60771167	60771667	0
4022	chr15	37561573	37562365	0
4026	chr15	96318911	96319757	0
4030	chr17	83906932	83907618	0
4048	chr3	51388556	51389342	0
4050	chr3	135513876	135514704	0
4053	chr5	65848838	65849594	0
4056	chr5	107372481	107373473	0
4057	chr5	122294988	122295960	0
4062	chr7	68133631	68134259	0
4068	chr8	115496000	115496500	0
4069	chr8	117224454	117225080	0
4071	chr9	44998084	44998584	0
4074	chr9	90251215	90252009	0
4077	chr9	117892150	117892780	0
4083	chr10	83634463	83635731	0
4090	chr11	19952507	19953363	0
4091	chr11	58208293	58209757	0
4093	chr11	79632097	79633043	0
4094	chr11	96982293	96982917	0
4095	chr11	107359308	107360770	0
4099	chr13	55062519	55064041	0
4102	chr13	93545965	93546615	0
4106	chr14	55519701	55520755	0
4115	chr16	95198194	95198828	0
4142	chr2	102896126	102897136	0
4146	chr3	37768410	37769284	0
4148	chr3	144252904	144253404	0
4156	chr5	121100204	121100830	0
4158	chr6	48073252	48074294	0
4162	chr7	79262579	79263487	0
4168	chr9	32185035	32185795	0
4170	chr9	44563056	44563686	0
4173	chr9	69301364	69302206	0
4175	chr10	19587050	19587856	0
4177	chr10	117804447	117805237	0
4183	chr11	88164011	88164981	0
4191	chr13	98062417	98063457	0
4192	chr14	15769731	15770231	0
4199	chr16	51705021	51705521	0
4201	chr17	21463243	21464091	0
4204	chr17	83654376	83655148	0
4207	chr18	82537260	82537888	0
4212	chr1	52649998	52650498	0
4216	chr2	30995598	30996778	0
4229	chr3	153755381	153756463	0
4230	chr3	157571675	157572175	0
4233	chr4	140833056	140833824	0
4240	chr5	124935607	124936237	0
4245	chr6	99397768	99398268	0
4255	chr9	118686144	118687252	0
4261	chr10	63258884	63259540	0
4262	chr10	93006406	93007240	0
4268	chr11	54621630	54622488	0
4276	chr12	112914082	112915266	0
4279	chr13	43208595	43209331	0
4281	chr13	73759994	73760618	0
4289	chr16	18416242	18416998	0
4293	chr16	51674873	51675643	0
4298	chr18	11925611	11926387	0
4301	chr18	52909117	52909971	0
4305	chr19	34216799	34217577	0
4310	chr1	85732475	85732975	0
4317	chr2	51982470	51982970	0
4319	chr2	128365622	128366440	0
4321	chr2	163575070	163575696	0
4329	chr3	136707792	136708592	0
4336	chr5	21002107	21002987	0
4338	chr5	107145225	107146067	0
4340	chr5	149368226	149368726	0
4341	chr5	150178823	150179323	0
4348	chr6	97429865	97430607	0
4350	chr6	146077128	146077628	0
4363	chr11	51950240	51950740	0
4373	chr12	40248715	40249215	0
4383	chr15	36855397	36856057	0
4386	chr16	4512237	4513349	0
4390	chr18	56440745	56442209	0
4395	chr19	47454484	47455496	0
4401	chr2	4872472	4872972	0
4409	chr2	155554610	155555110	0
4410	chr2	167330432	167331584	0
4416	chr3	100811634	100812526	0
4429	chr4	133121859	133122585	0
4447	chr7	19300896	19301526	0
4448	chr7	29250948	29251744	0
4456	chr9	27191607	27192879	0
4458	chr9	41181412	41181912	0
4461	chr9	66617256	66618068	0
4470	chr11	32571654	32572470	0
4472	chr11	51931957	51932457	0
4478	chr12	35983445	35983945	0
4479	chr12	73578124	73578624	0
4483	chr12	114804119	114804965	0
4485	chr13	44374600	44375100	0
4486	chr13	49260138	49260920	0
4488	chr13	54955473	54956713	0
4498	chr17	12363418	12363918	0
4499	chr17	27060606	27061390	0
4503	chr17	62857536	62858036	0
4504	chr17	84336392	84337142	0
4506	chr18	35939658	35940158	0
4514	chrX	107264200	107265402	0
4515	chr1	9858712	9859342	0
4517	chr1	43937698	43939030	0
4526	chr2	140051081	140052415	0
4532	chr3	90321876	90322796	0
4536	chr4	95214731	95215639	0
4538	chr4	106323220	106323868	0
4546	chr6	33260888	33261544	0
4550	chr7	64022349	64022987	0
4552	chr7	99017585	99018411	0
4554	chr7	110824081	110824861	0
4559	chr9	32608894	32609574	0
4563	chr9	77961465	77962127	0
4565	chr9	122121734	122122512	0
4568	chr10	37192246	37193008	0
4569	chr10	58381959	58382669	0
4571	chr10	63257050	63257980	0
4604	chrX	107178054	107179094	0
4612	chr1	189609653	189610153	0
4614	chr2	22788008	22788508	0
4619	chr2	92140914	92141814	0
4622	chr2	128424733	128425813	0
4624	chr2	147016090	147016848	0
4628	chr3	60569118	60570058	0
4632	chr4	7364022	7364522	0
4636	chr4	101172411	101173205	0
4646	chr5	112481693	112483067	0
4648	chr5	144925906	144926406	0
4649	chr6	33683415	33683915	0
4658	chr6	126807692	126808320	0
4660	chr6	145284106	145284884	0
4662	chr7	73521940	73523118	0
4668	chr9	61764531	61765399	0
4681	chr11	70006117	70006753	0
4688	chr12	77130975	77131609	0
4695	chr13	54078986	54079892	0
4697	chr13	91451620	91452540	0
4698	chr13	107918256	107918756	0
4699	chr14	8518004	8518670	0
4702	chr15	66843686	66844404	0
4705	chr15	89282343	89282989	0
4709	chr16	90044163	90044857	0
4715	chr18	67028456	67029234	0
4723	chr1	127830425	127830925	0
4740	chr3	135594805	135595585	0
4742	chr4	53931554	53932180	0
4747	chr5	30662398	30663238	0
4750	chr5	112012319	112013089	0
4751	chr5	118089675	118090299	0
4758	chr6	99658522	99659022	0
4759	chr7	12987027	12987663	0
4760	chr7	81928429	81929189	0
4761	chr7	101599793	101600601	0
4763	chr7	122296544	122297044	0
4764	chr7	122402684	122403328	0
4774	chr9	14921611	14922111	0
4776	chr9	123960484	123961108	0
4777	chr10	4088557	4089211	0
4780	chr11	32688089	32688747	0
4782	chr11	69055637	69056417	0
4784	chr11	76034025	76034829	0
4789	chr12	70881546	70882366	0
4791	chr12	111905006	111905684	0
4796	chr13	56774225	56775285	0
4800	chr13	109842952	109843578	0
4801	chr13	111933817	111934447	0
4802	chr14	15099820	15100320	0
4803	chr14	21636454	21636954	0
4805	chr14	53640295	53641491	0
4811	chr16	57434567	57435067	0
4812	chr16	92641829	92642833	0
4813	chr17	47371184	47372060	0
4817	chr18	73764882	73765668	0
4819	chr19	6895332	6896006	0
4827	chr1	36149020	36149520	0
4835	chr2	19316168	19316804	0
4836	chr2	35425066	35426238	0
4837	chr2	48374156	48375150	0
4843	chr2	166775921	166776715	0
4844	chr2	172927482	172928110	0
4847	chr3	52802424	52803052	0
4848	chr3	52829533	52830163	0
4849	chr3	81761001	81761759	0
4852	chr3	103990576	103991204	0
4857	chr4	128615319	128616033	0
4860	chr5	37036995	37037825	0
4862	chr5	64024559	64025059	0
4863	chr5	64295355	64296167	0
4871	chr6	34609888	34610572	0
4873	chr6	91979535	91980217	0
4874	chr6	92094787	92095499	0
4888	chr8	119545189	119545955	0
4898	chr9	109046184	109046814	0
4899	chr10	12614362	12615192	0
4903	chr10	96240183	96240849	0
4904	chr10	121282259	121282991	0
4906	chr11	5429731	5430231	0
4907	chr11	17192582	17193206	0
4912	chr11	119143476	119144104	0
4913	chr12	26184342	26184842	0
4916	chr12	108103027	108103527	0
4925	chr14	18507288	18508124	0
4938	chr16	76219002	76219502	0
4941	chr17	36059679	36060831	0
4947	chr18	84804274	84804774	0
4948	chr19	4955983	4957257	0
4950	chr19	23056880	23057658	0
4953	chr19	52979210	52979710	0
4958	chr1	37323624	37324674	0
4961	chr1	165808195	165808695	0
4965	chr2	80324236	80324870	0
4969	chr2	167577824	167578588	0
4971	chr3	130937408	130937908	0
4979	chr4	59231329	59231977	0
4984	chr5	28242930	28243578	0
4987	chr5	118644868	118645368	0
4994	chr6	99645977	99646477	0
4995	chr6	124478266	124478892	0
4998	chr6	144922598	144923356	0
4999	chr7	19830988	19831614	0
5002	chr7	75497761	75498261	0
5003	chr7	79314162	79314824	0
5005	chr7	117485577	117486077	0
5007	chr8	25520282	25521104	0
5008	chr8	36010394	36010894	0
5016	chr9	46153944	46154444	0
5017	chr9	46181449	46181949	0
5022	chr9	118456674	118457436	0
5026	chr10	20036513	20037013	0
5030	chr10	117145465	117145965	0
5035	chr11	87259472	87259972	0
5039	chr11	117687542	117688186	0
5047	chr13	51472795	51473677	0
5052	chr13	92986920	92987420	0
5053	chr13	95390109	95390609	0
5058	chr14	64309550	64310050	0
5060	chr15	6714404	6715036	0
5067	chr16	11455861	11456707	0
5076	chr17	30961308	30961942	0
5077	chr17	47151667	47152425	0
5084	chr1	53875829	53876329	0
5086	chr1	80418248	80418898	0
5088	chr1	126818179	126818679	0
5091	chr1	128766701	128767201	0
5094	chr1	138912399	138913023	0
5095	chr1	180824584	180825212	0
5098	chr2	92213647	92214273	0
5102	chr2	172739282	172739910	0
5103	chr2	179938846	179940090	0
5107	chr3	100674734	100675362	0
5108	chr3	103389578	103390386	0
5122	chr6	71221185	71221817	0
5126	chr6	100255182	100255682	0
5128	chr6	114968001	114968501	0
5129	chr6	116003356	116004102	0
5130	chr6	136516186	136516862	0
5138	chr8	35109256	35110110	0
5140	chr8	106623070	106623570	0
5141	chr8	107163824	107164468	0
5142	chr8	111435400	111435900	0
5145	chr9	48267021	48267655	0
5146	chr9	85105548	85106220	0
5147	chr9	116203118	116203950	0
5152	chr10	50897684	50898184	0
5154	chr10	61336556	61337398	0
5157	chr10	123183327	123183827	0
5162	chr11	100892406	100893340	0
5164	chr11	114702452	114703090	0
5166	chr12	32961145	32961839	0
5168	chr12	108622905	108623557	0
5171	chr13	41516120	41516620	0
5175	chr13	104139498	104139998	0
5177	chr14	45565404	45565904	0
5180	chr14	78733482	78734112	0
5182	chr14	118182315	118182941	0
5184	chr14	121256099	121256871	0
5185	chr14	121894291	121895095	0
5187	chr14	122901569	122902069	0
5188	chr15	12424164	12424664	0
5189	chr15	93790537	93791307	0
5191	chr16	10905907	10906565	0
5195	chr16	95994119	95994845	0
5200	chr17	33450616	33451306	0
5203	chr17	46033825	46034757	0
5209	chr18	62125432	62125932	0
5213	chr19	53838602	53839102	0
5214	chr19	53855569	53856227	0
5220	chrX	153375284	153376526	0
5223	chr1	39946837	39947337	0
5225	chr1	62829298	62829798	0
5226	chr1	74007880	74008816	0
5231	chr1	164505082	164505582	0
5238	chr2	71338245	71338745	0
5245	chr3	135513615	135514115	0
5250	chr4	63823137	63823637	0
5251	chr4	87893345	87893845	0
5256	chr5	25062440	25063218	0
5261	chr5	107279398	107279898	0
5271	chr6	108511956	108512948	0
5272	chr6	114969602	114970226	0
5273	chr6	140559132	140559632	0
5274	chr7	35991058	35991692	0
5276	chr7	137288828	137289466	0
5277	chr7	139412582	139413288	0
5279	chr8	121635636	121637088	0
5282	chr9	58600867	58601367	0
5289	chr10	79506500	79507354	0
5290	chr10	118085534	118086034	0
5291	chr11	11506366	11507042	0
5294	chr11	53810022	53810938	0
5295	chr11	54575957	54576457	0
5296	chr11	69043625	69044125	0
5297	chr11	80323422	80324096	0
5300	chr11	107409969	107410613	0
5307	chr12	80797890	80798582	0
5312	chr14	71113498	71114262	0
5313	chr14	121945551	121946051	0
5316	chr15	79265700	79266200	0
5317	chr15	85455672	85456304	0
5318	chr15	100089308	100089808	0
5321	chr16	23164593	23165315	0
5326	chr16	90265184	90265836	0
5328	chr16	92980234	92980734	0
5330	chr17	17600072	17600776	0
5332	chr17	72960472	72960972	0
5338	chr18	4313392	4313892	0
5358	chr1	171788599	171789099	0
5364	chr2	70989014	70989662	0
5366	chr2	84481331	84481831	0
5368	chr2	169609839	169610339	0
5369	chr3	9718380	9719008	0
5374	chr3	131176748	131177506	0
5377	chr4	45268262	45269026	0
5378	chr4	87881375	87881875	0
5381	chr4	132646982	132647482	0
5382	chr5	30774707	30775207	0
5384	chr5	43855648	43856272	0
5385	chr5	73193850	73194614	0
5386	chr5	96135301	96136079	0
5391	chr6	73314564	73315064	0
5399	chr8	22763945	22764607	0
5403	chr9	56378770	56379660	0
5404	chr9	56550154	56550654	0
5405	chr9	75645220	75646010	0
5406	chr9	121316352	121316852	0
5407	chr10	39600431	39600931	0
5415	chr11	53562874	53563660	0
5418	chr11	76040474	76041262	0
5421	chr12	59163403	59164057	0
5425	chr12	115807564	115808322	0
5430	chr13	63552072	63552832	0
5433	chr14	20829813	20830313	0
5435	chr14	55815054	55815810	0
5438	chr14	65102394	65102894	0
5448	chr15	76251254	76251978	0
5453	chr16	46108889	46109519	0
5454	chr16	58496508	58497138	0
5455	chr16	58690442	58690942	0
5458	chr17	12861927	12862427	0
5459	chr17	18558617	18559251	0
5460	chr17	24133913	24134563	0
5463	chr17	73273299	73273799	0
5464	chr17	87375985	87376935	0
5466	chr17	88190870	88191518	0
5473	chr19	34199413	34200043	0
5476	chr1	35971161	35971793	0
5477	chr1	39100397	39101181	0
5483	chr1	88682859	88683647	0
5484	chr1	97918237	97919111	0
5486	chr1	125518803	125519433	0
5487	chr1	131349211	131349711	0
5492	chr1	182162929	182163429	0
5494	chr2	3760455	3761249	0
5495	chr2	6324062	6324562	0
5497	chr2	13790024	13790524	0
5498	chr2	18963596	18964096	0
5500	chr2	31416941	31417593	0
5502	chr2	69802631	69803307	0
5505	chr2	72139511	72140319	0
5506	chr2	75147222	75147882	0
5508	chr2	92199461	92199961	0
5509	chr2	102146817	102147317	0
5513	chr2	179960464	179960964	0
5517	chr3	88376131	88376631	0
5518	chr3	130764427	130764927	0
5519	chr3	135376388	135377032	0
5520	chr3	137910130	137910630	0
5521	chr4	8699718	8700426	0
5522	chr4	10752902	10753402	0
5523	chr4	19931611	19932241	0
5526	chr4	62787782	62788452	0
5528	chr4	131860649	131861149	0
5529	chr4	143143512	143144012	0
5532	chr5	92511297	92512109	0
5534	chr5	113639499	113639999	0
5537	chr6	30498764	30499264	0
5541	chr6	83092236	83092872	0
5542	chr6	86822846	86823346	0
5543	chr6	99364177	99364677	0
5544	chr6	99660364	99660864	0
5551	chr7	63907324	63907824	0
5553	chr7	101089517	101090017	0
5554	chr7	142457327	142458395	0
5562	chr9	15516336	15516964	0
5566	chr9	59551277	59551777	0
5568	chr9	61322474	61322974	0
5571	chr9	114948619	114949119	0
5572	chr9	115473866	115474496	0
5579	chr10	42878989	42879977	0
5584	chr10	98776159	98776935	0
5586	chr10	118418858	118419358	0
5587	chr10	126809613	126810245	0
5592	chr11	86370485	86370985	0
5599	chr12	3759121	3759621	0
5600	chr12	35690782	35691282	0
5601	chr12	84752853	84753477	0
5602	chr12	85468362	85468862	0
5608	chr13	30147612	30148112	0
5611	chr13	52577684	52578838	0
5612	chr13	54303654	54304154	0
5613	chr13	59778345	59779121	0
5617	chr13	112116390	112116890	0
5618	chr14	7913874	7914508	0
5619	chr14	16151679	16152303	0
5620	chr14	18665644	18666144	0
5622	chr14	36868784	36869284	0
5623	chr14	50826195	50827017	0
5626	chr14	74906072	74906718	0
5628	chr14	117625572	117626310	0
5629	chr14	121506500	121507000	0
5630	chr14	122747819	122748319	0
5633	chr15	79511310	79512076	0
5636	chr15	99847021	99847521	0
5643	chr16	49818901	49819545	0
5647	chr16	94592949	94593449	0
5649	chr17	23621307	23621953	0
5650	chr17	30035179	30035803	0
5651	chr17	48318289	48318789	0
5653	chr17	83730297	83730797	0
5655	chr17	87246876	87247376	0
5658	chr18	58160459	58161145	0
5661	chr18	80495473	80496191	0
5665	chr19	47905852	47906480	0
5669	chr1	6466843	6467343	0
5671	chr1	80719298	80719798	0
5675	chr1	160037047	160037711	0
5681	chr2	49774885	49775591	0
5686	chr3	69464040	69464540	0
5688	chr3	100916995	100917495	0
5690	chr3	149380303	149380803	0
5703	chr6	41218133	41218765	0
5705	chr6	83008561	83009195	0
5707	chr6	99057174	99057674	0
5708	chr6	114869184	114870010	0
5709	chr6	134115433	134116337	0
5715	chr7	101556946	101557724	0
5716	chr7	114346679	114347179	0
5718	chr8	77282328	77282828	0
5719	chr8	95058572	95059362	0
5723	chr8	123892259	123892759	0
5724	chr8	125293944	125294758	0
5725	chr8	128223249	128223749	0
5726	chr9	7917609	7918109	0
5728	chr9	50852627	50853269	0
5731	chr9	77941322	77941954	0
5735	chr9	114650479	114650979	0
5736	chr10	5163984	5164618	0
5737	chr10	6956676	6957176	0
5739	chr10	40006699	40007333	0
5743	chr10	94525753	94526503	0
5745	chr10	111912065	111912829	0
5748	chr11	61602728	61603228	0
5752	chr11	106744382	106745158	0
5753	chr11	110918836	110919336	0
5761	chr13	114914160	114914792	0
5762	chr15	25706898	25707398	0
5774	chr16	93453529	93454029	0
5777	chr17	29250129	29250781	0
5778	chr17	45663213	45663713	0
5779	chr17	84332371	84332871	0
5784	chr18	55680492	55680992	0
5787	chr18	63864154	63864782	0
5790	chr19	58119781	58120413	0
5795	chr1	7414233	7414895	0
5799	chr1	134865763	134866397	0
5800	chr1	151457373	151457873	0
5801	chr1	156045453	156046271	0
5806	chr2	11715697	11716197	0
5809	chr2	29052752	29053252	0
5811	chr2	57356417	57356917	0
5814	chr2	105037806	105038306	0
5819	chr2	173365455	173365955	0
5821	chr3	9942526	9943026	0
5823	chr3	55415215	55415843	0
5825	chr3	101541532	101542032	0
5826	chr3	119778991	119779685	0
5827	chr3	130012542	130013180	0
5828	chr3	148958772	148959272	0
5829	chr4	16071235	16071735	0
5830	chr4	102712154	102712654	0
5832	chr4	122824231	122825083	0
5833	chr4	127235927	127236427	0
5839	chr5	38556177	38556985	0
5840	chr5	89089758	89090258	0
5843	chr5	118578685	118579185	0
5847	chr6	41103677	41104177	0
5848	chr6	53986134	53986890	0
5852	chr6	126910283	126910941	0
5853	chr6	140357275	140357775	0
5854	chr7	58701389	58701889	0
5855	chr7	63753236	63753736	0
5856	chr7	72276061	72276697	0
5858	chr7	82191423	82192141	0
5859	chr7	83596868	83597500	0
5861	chr7	122247094	122247594	0
5862	chr7	122416372	122416872	0
5864	chr7	140324239	140324999	0
5868	chr8	83799861	83800489	0
5873	chr8	119786404	119786904	0
5874	chr9	15493170	15493670	0
5875	chr9	32923812	32924312	0
5878	chr9	54842468	54843106	0
5879	chr9	58537589	58538387	0
5880	chr9	69090198	69090698	0
5881	chr9	104339319	104339819	0
5882	chr9	106411104	106411734	0
5883	chr9	111002656	111003156	0
5884	chr10	4621171	4621671	0
5887	chr10	22291228	22291860	0
5889	chr10	53959897	53960667	0
5893	chr10	95780579	95781079	0
5896	chr10	122748736	122749370	0
5897	chr11	20192996	20193496	0
5898	chr11	46126502	46127002	0
5900	chr11	62741420	62741920	0
5901	chr11	75573322	75573822	0
5902	chr11	107429469	107429969	0
5903	chr11	113543870	113544370	0
5905	chr12	70074903	70075403	0
5906	chr12	75502877	75503511	0
5909	chr12	86942500	86943000	0
5912	chr13	24621783	24622633	0
5914	chr13	35780177	35780971	0
5916	chr13	52138994	52139494	0
5920	chr13	117193360	117193994	0
5925	chr15	25915342	25915842	0
5928	chr15	53226941	53227571	0
5929	chr15	66453625	66454125	0
5935	chr15	93251098	93251724	0
5937	chr16	30227447	30228077	0
5938	chr16	50068807	50069307	0
5939	chr16	51719333	51719833	0
5940	chr16	91516178	91516678	0
5942	chr17	28994566	28995066	0
5943	chr17	44893121	44893621	0
5950	chr19	4864985	4865635	0
5951	chr19	32626770	32627270	0
5956	chr1	13360780	13361412	0
5957	chr1	13520803	13521607	0
5960	chr1	61402599	61403099	0
5961	chr1	62872470	62872970	0
5962	chr1	64514095	64514731	0
5963	chr1	85997926	85998426	0
5965	chr1	88635490	88636218	0
5971	chr1	155173952	155174584	0
5980	chr2	91495127	91495879	0
5983	chr2	102999229	102999729	0
5984	chr2	120075879	120076603	0
5985	chr2	152008949	152009671	0
5989	chr2	172851502	172852312	0
5995	chr3	123091793	123092293	0
5996	chr3	123315326	123315826	0
5998	chr3	133509019	133509519	0
5999	chr3	138118906	138119550	0
6003	chr4	53187007	53187507	0
6004	chr4	59326284	59326784	0
6008	chr4	109273875	109274375	0
6009	chr4	124769334	124769834	0
6011	chr4	129928390	129928890	0
6013	chr4	140964284	140964784	0
6015	chr5	23424604	23425104	0
6018	chr5	100483258	100483758	0
6020	chr5	119896630	119897130	0
6026	chr6	30227558	30228058	0
6027	chr6	38635552	38636052	0
6029	chr6	72949848	72950530	0
6030	chr6	87129252	87129752	0
6033	chr6	119635908	119636408	0
6035	chr6	134883556	134884200	0
6037	chr6	149344168	149344668	0
6039	chr7	49364463	49364963	0
6043	chr7	74599580	74600080	0
6044	chr7	80068998	80069770	0
6045	chr7	98523487	98523987	0
6048	chr7	114111812	114112312	0
6051	chr7	128358786	128359286	0
6056	chr8	70494360	70495162	0
6057	chr8	71789136	71789636	0
6058	chr8	104435959	104436459	0
6060	chr8	120976756	120977256	0
6063	chr8	125080510	125081010	0
6065	chr9	13973434	13974196	0
6067	chr9	41101103	41101603	0
6068	chr9	44016718	44017218	0
6071	chr9	90265353	90265853	0
6078	chr10	59511161	59511937	0
6080	chr10	88336030	88336658	0
6081	chr10	93402916	93403416	0
6083	chr10	96393019	96393519	0
6084	chr10	123190509	123191009	0
6088	chr11	29773873	29774565	0
6089	chr11	31732407	31732907	0
6091	chr11	62749280	62749906	0
6094	chr11	96475251	96475751	0
6095	chr11	118149019	118149889	0
6098	chr12	40568216	40568716	0
6101	chr12	82208345	82209017	0
6104	chr12	115952307	115952807	0
6105	chr13	23309641	23310141	0
6111	chr13	54219751	54220643	0
6116	chr14	16181859	16182489	0
6117	chr14	27408117	27408617	0
6119	chr14	53361627	53362257	0
6121	chr14	57713350	57713850	0
6122	chr15	35302720	35303220	0
6125	chr15	76794724	76795224	0
6128	chr15	85990634	85991258	0
6134	chr16	34666952	34667452	0
6137	chr16	56063928	56064428	0
6138	chr16	57399704	57400204	0
6139	chr16	95283777	95284277	0
6142	chr17	12793554	12794054	0
6145	chr17	29167241	29167741	0
6146	chr17	47292769	47293269	0
6147	chr17	53580190	53580690	0
6152	chr18	9393889	9394527	0
6154	chr18	74760515	74761015	0
6155	chr19	3855800	3856426	0
6157	chr19	26991551	26992191	0
6164	chr1	37481231	37481731	0
6165	chr1	43310761	43311261	0
6167	chr1	85733345	85733845	0
6169	chr1	88681493	88682119	0
6171	chr1	132336944	132337444	0
6176	chr2	22997176	22997676	0
6177	chr2	27433040	27433726	0
6178	chr2	32169916	32170578	0
6184	chr2	120484057	120484557	0
6185	chr2	128008648	128009290	0
6186	chr2	129174631	129175131	0
6187	chr3	14915769	14916269	0
6191	chr3	90359128	90359628	0
6192	chr3	101232778	101233278	0
6194	chr3	107046249	107046749	0
6196	chr3	131195145	131195645	0
6205	chr5	33122209	33122839	0
6207	chr5	72349908	72350534	0
6211	chr5	136707845	136708647	0
6213	chr6	38833117	38833617	0
6225	chr7	68249588	68250226	0
6228	chr7	125339416	125340042	0
6229	chr7	132762803	132763303	0
6235	chr8	92772200	92772834	0
6237	chr8	116674273	116674773	0
6238	chr8	116876081	116876729	0
6244	chr9	48536004	48536628	0
6248	chr9	96957571	96958071	0
6249	chr9	100682273	100682773	0
6250	chr9	124126202	124126842	0
6253	chr10	40674182	40674818	0
6254	chr10	51454313	51454813	0
6257	chr10	95074954	95075652	0
6265	chr11	102496621	102497121	0
6267	chr11	110563489	110563989	0
6276	chr13	10210559	10211289	0
6278	chr13	41930218	41930858	0
6280	chr13	44809587	44810087	0
6282	chr13	74846157	74846657	0
6289	chr15	72837367	72838091	0
6290	chr15	74667309	74667809	0
6291	chr15	78860137	78860637	0
6293	chr15	102981555	102982055	0
6295	chr16	24235001	24235501	0
6296	chr16	62940838	62941338	0
6298	chr17	5080543	5081181	0
6299	chr17	29152398	29152898	0
6304	chr17	51398817	51399317	0
6305	chr17	51857489	51858159	0
6309	chr18	64599100	64599734	0
6310	chr18	76935191	76935691	0
6311	chr19	14641004	14641782	0
6312	chr19	36837757	36838383	0
6316	chr19	53156796	53157296	0
6317	chrX	13505532	13506214	0
6318	chrX	13607658	13608290	0
6319	chrX	50577121	50577977	0
6320	chr1	46905311	46905811	0
6324	chr1	84799284	84799784	0
6328	chr1	151974610	151975110	0
6332	chr2	19715796	19716296	0
6340	chr2	70827325	70827825	0
6343	chr2	164389215	164389933	0
6345	chr2	174126967	174127467	0
6347	chr2	178565287	178565941	0
6348	chr2	179971837	179972477	0
6349	chr3	21597749	21598249	0
6350	chr3	38044292	38044792	0
6351	chr3	38115701	38116343	0
6359	chr4	8712541	8713041	0
6361	chr4	24556186	24556686	0
6364	chr4	55356057	55356557	0
6366	chr4	59527595	59528095	0
6367	chr4	75400475	75401107	0
6370	chr4	99199592	99200092	0
6373	chr4	132659099	132659599	0
6374	chr4	133082018	133082754	0
6375	chr4	149439135	149439771	0
6376	chr5	30343153	30343653	0
6379	chr5	75031286	75032042	0
6384	chr5	147476929	147477429	0
6386	chr6	28929598	28930256	0
6391	chr6	120799828	120800460	0
6392	chr6	145030557	145031057	0
6393	chr7	16007448	16007948	0
6394	chr7	24628824	24629324	0
6397	chr7	35251795	35252295	0
6398	chr7	46499483	46499983	0
6401	chr7	67369674	67370306	0
6405	chr7	112620354	112621024	0
6407	chr7	122346611	122347111	0
6414	chr8	35201039	35201677	0
6415	chr8	35250187	35250687	0
6416	chr8	83770493	83771117	0
6418	chr9	42423511	42424011	0
6420	chr9	63506796	63507296	0
6423	chr9	71888518	71889144	0
6424	chr9	97310335	97310835	0
6425	chr9	98339232	98339732	0
6430	chr10	19117507	19118007	0
6433	chr10	20915795	20916295	0
6434	chr10	22154237	22154737	0
6435	chr10	39382341	39382841	0
6438	chr10	80729556	80730408	0
6442	chr10	96324892	96325392	0
6444	chr10	118722156	118722656	0
6445	chr11	4427151	4427651	0
6446	chr11	11514959	11515459	0
6447	chr11	18014240	18014880	0
6448	chr11	25288194	25288694	0
6449	chr11	31726176	31726676	0
6450	chr11	45862715	45863215	0
6453	chr11	75970359	75970859	0
6454	chr11	76732578	76733216	0
6455	chr11	85447602	85448236	0
6456	chr11	86408825	86409325	0
6458	chr11	104647014	104647514	0
6459	chr11	106681500	106682000	0
6460	chr11	110463419	110463919	0
6461	chr11	111818322	111818822	0
6463	chr12	40427502	40428002	0
6464	chr12	41960673	41961173	0
6465	chr12	64954396	64954896	0
6468	chr12	80060233	80060733	0
6470	chr12	100508776	100509276	0
6471	chr12	101980461	101980961	0
6472	chr12	111035061	111035711	0
6474	chr13	24586449	24586949	0
6475	chr13	37130912	37131412	0
6477	chr13	44320675	44321175	0
6479	chr13	55462724	55463224	0
6482	chr13	111781400	111782130	0
6483	chr13	112472325	112472825	0
6484	chr13	119436031	119436531	0
6485	chr14	18021736	18022236	0
6487	chr14	19712783	19713283	0
6494	chr15	3264536	3265036	0
6495	chr15	12857059	12857559	0
6497	chr15	27840033	27840669	0
6499	chr15	53312175	53312675	0
6501	chr15	63610889	63611389	0
6504	chr15	94187130	94187630	0
6507	chr15	100072328	100073144	0
6511	chr16	23997484	23997984	0
6513	chr16	76312564	76313064	0
6514	chr16	92575558	92576318	0
6515	chr16	93576661	93577161	0
6516	chr16	93721676	93722474	0
6518	chr17	10093196	10093696	0
6521	chr17	34087341	34087841	0
6522	chr17	37246552	37247052	0
6523	chr17	50993428	50994086	0
6524	chr17	51894225	51894725	0
6525	chr17	83273936	83274824	0
6527	chr18	11794144	11794772	0
6532	chr18	38996749	38997249	0
6533	chr18	61767086	61767586	0
6534	chr18	73810171	73810671	0
6536	chr18	82813734	82814234	0
6537	chr19	14562994	14563494	0
6539	chr19	45655617	45656117	0
6541	chr19	46214544	46215198	0
6542	chrX	7821268	7822040	0
6544	chrX	75128354	75128854	0
6548	chrX	166688856	166689482	0
6549	chr1	4769794	4770294	0
6550	chr1	13308876	13309514	0
6551	chr1	21469666	21470166	0
6555	chr1	43486019	43486819	0
6557	chr1	61024361	61024861	0
6561	chr1	80646831	80647331	0
6563	chr1	86344735	86345235	0
6567	chr1	105880926	105881426	0
6568	chr1	106064039	106064539	0
6569	chr1	130508780	130509280	0
6572	chr1	151685025	151685525	0
6573	chr1	156024353	156024853	0
6577	chr1	184573490	184573990	0
6581	chr2	58144192	58144840	0
6583	chr2	61755149	61755649	0
6584	chr2	71667540	71668040	0
6585	chr2	71878070	71878702	0
6586	chr2	91137265	91137901	0
6587	chr2	91742419	91742919	0
6591	chr2	126602010	126602510	0
6594	chr2	153262293	153262793	0
6595	chr2	164873990	164874490	0
6597	chr2	166169459	166170161	0
6598	chr2	168281468	168282096	0
6599	chr2	169134087	169134587	0
6601	chr2	169702472	169702972	0
6602	chr2	173032717	173033461	0
6606	chr3	52755089	52755731	0
6609	chr3	96489133	96489873	0
6613	chr3	153251929	153252631	0
6616	chr4	33892353	33892853	0
6620	chr4	59569478	59569978	0
6622	chr4	103007278	103007778	0
6623	chr4	119738598	119739098	0
6624	chr4	126206688	126207188	0
6626	chr4	133715155	133715655	0
6628	chr4	136801067	136801567	0
6632	chr4	156035293	156035927	0
6633	chr5	33436046	33436546	0
6634	chr5	33681850	33682350	0
6635	chr5	64801207	64801707	0
6636	chr5	73209799	73210299	0
6638	chr5	92466129	92466629	0
6639	chr5	107091586	107092272	0
6640	chr5	107524132	107524632	0
6644	chr5	115055969	115056469	0
6646	chr5	123877907	123878407	0
6650	chr6	33004579	33005079	0
6656	chr6	71431015	71431515	0
6657	chr6	72981994	72982494	0
6658	chr6	91680655	91681429	0
6659	chr6	99013326	99013826	0
6660	chr6	99419114	99419746	0
6661	chr6	115697703	115698203	0
6662	chr6	129747353	129747853	0
6663	chr6	134105068	134105568	0
6664	chr6	142869283	142869921	0
6668	chr7	64061342	64061966	0
6670	chr7	68251333	68251833	0
6674	chr7	99531501	99532001	0
6675	chr7	110940525	110941025	0
6677	chr7	128151496	128152150	0
6678	chr7	132717545	132718045	0
6682	chr8	33594574	33595074	0
6683	chr8	45330995	45331495	0
6685	chr8	88701516	88702016	0
6687	chr8	105390481	105391109	0
6688	chr8	110988332	110988832	0
6691	chr8	121570159	121570823	0
6692	chr8	124344068	124344568	0
6694	chr9	7826971	7827471	0
6697	chr9	21261757	21262381	0
6698	chr9	37310590	37311090	0
6700	chr9	44533088	44533588	0
6701	chr9	45851656	45852156	0
6703	chr9	56305826	56306326	0
6704	chr9	61041890	61042608	0
6705	chr9	64244041	64244689	0
6706	chr9	69668698	69669198	0
6707	chr9	75269831	75270331	0
6708	chr9	85201387	85201887	0
6709	chr9	107869193	107869693	0
6710	chr9	108540811	108541311	0
6711	chr9	110449442	110449942	0
6714	chr9	118677603	118678103	0
6715	chr9	122092121	122092621	0
6718	chr10	43243473	43244225	0
6723	chr10	84516277	84516777	0
6724	chr10	85502134	85502634	0
6725	chr10	108089331	108089831	0
6726	chr10	123101445	123102077	0
6728	chr11	5181214	5181714	0
6735	chr11	70280344	70280844	0
6736	chr11	75033061	75033561	0
6745	chr12	16137502	16138002	0
6747	chr12	40526163	40526663	0
6750	chr12	80803067	80803567	0
6752	chr12	84784446	84784946	0
6754	chr12	99955824	99956324	0
6755	chr12	103438665	103439165	0
6756	chr12	113362203	113362829	0
6757	chr12	115741999	115742499	0
6758	chr13	9277737	9278237	0
6763	chr13	41481907	41482407	0
6764	chr13	54973267	54973767	0
6765	chr13	58206885	58207511	0
6767	chr13	101739892	101740392	0
6768	chr13	104014402	104014902	0
6769	chr14	8641803	8642455	0
6772	chr14	64268862	64269362	0
6776	chr15	8413477	8413977	0
6778	chr15	31523601	31524101	0
6781	chr15	69078163	69078663	0
6782	chr15	81303832	81304332	0
6785	chr15	93301832	93302332	0
6786	chr15	98755074	98755574	0
6788	chr16	8847010	8847510	0
6791	chr16	22517360	22517860	0
6795	chr16	92762742	92763242	0
6797	chr17	5097549	5098049	0
6798	chr17	24211891	24212391	0
6799	chr17	28876525	28877025	0
6801	chr17	31184575	31185075	0
6804	chr17	51873204	51873704	0
6805	chr17	52278288	52278788	0
6810	chr17	83457215	83457715	0
6811	chr17	83962333	83962833	0
6814	chr18	5389894	5390528	0
6815	chr18	14669334	14669834	0
6818	chr18	64894480	64894980	0
6821	chr19	3545294	3545794	0
6822	chr19	5751565	5752203	0
6823	chr19	9911319	9911819	0
6827	chr19	32345069	32345569	0
6834	chrX	163868377	163868877	0
6835	chr1	10325203	10325703	0
6836	chr1	60460526	60461026	0
6837	chr1	61055085	61055585	0
6838	chr1	80293227	80293861	0
6839	chr1	130472757	130473257	0
6841	chr1	160908885	160909385	0
6845	chr1	193195170	193195888	0
6846	chr2	3744743	3745381	0
6847	chr2	17702624	17703124	0
6848	chr2	28075207	28075833	0
6851	chr2	101600093	101600593	0
6852	chr2	112656086	112656744	0
6856	chr2	174517479	174517979	0
6859	chr3	52478848	52479476	0
6861	chr3	84771953	84772453	0
6862	chr3	96194807	96195441	0
6865	chr3	122378265	122378909	0
6866	chr3	129560897	129561397	0
6868	chr3	152884090	152884590	0
6870	chr4	6375686	6376186	0
6874	chr4	106590041	106590679	0
6879	chr4	149849798	149850298	0
6881	chr5	114627593	114628093	0
6882	chr5	121519686	121520186	0
6883	chr5	134342033	134342533	0
6884	chr5	139912860	139913360	0
6885	chr6	30246241	30246741	0
6887	chr6	39226770	39227394	0
6888	chr6	50560649	50561149	0
6890	chr6	55331540	55332174	0
6892	chr6	83716620	83717120	0
6897	chr6	100238708	100239208	0
6898	chr6	115671889	115672525	0
6899	chr6	116455751	116456377	0
6901	chr6	143684167	143684667	0
6903	chr7	16460495	16461151	0
6904	chr7	17058263	17058763	0
6906	chr7	67494104	67494756	0
6908	chr7	78794006	78794506	0
6909	chr7	82601706	82602206	0
6916	chr8	27166385	27166885	0
6917	chr8	70552410	70553118	0
6921	chr8	126603347	126603983	0
6923	chr9	44093762	44094262	0
6925	chr9	63678569	63679069	0
6929	chr9	77512602	77513238	0
6935	chr10	12851447	12851947	0
6938	chr10	93069822	93070322	0
6940	chr11	53799716	53800216	0
6942	chr11	60333913	60334413	0
6944	chr11	65739491	65740125	0
6948	chr11	103382492	103383134	0
6949	chr11	106026636	106027292	0
6950	chr11	108291560	108292060	0
6953	chr11	121544708	121545208	0
6954	chr12	25011122	25011622	0
6955	chr12	25455527	25456027	0
6956	chr12	31532144	31532644	0
6957	chr12	92884050	92884550	0
6959	chr12	106291757	106292257	0
6962	chr13	19139055	19139555	0
6964	chr13	28942112	28942748	0
6966	chr13	41489352	41489992	0
6967	chr13	42986073	42986573	0
6970	chr13	98691469	98691969	0
6971	chr13	101763269	101763769	0
6974	chr14	25184830	25185330	0
6977	chr14	67050647	67051147	0
6978	chr14	70395243	70395743	0
6980	chr14	76702190	76702690	0
6983	chr14	122186625	122187125	0
6987	chr15	59591998	59592498	0
6990	chr15	76506450	76506950	0
6998	chr16	31136606	31137106	0
6999	chr16	32547288	32547788	0
7001	chr16	76002497	76002997	0
7005	chr17	28268750	28269250	0
7010	chr18	7555692	7556192	0
7012	chr18	33947213	33947857	0
7014	chr18	81555329	81555829	0
7017	chr19	18608638	18609138	0
7018	chr19	25002415	25003043	0
7019	chr19	43722429	43722929	0
7020	chr19	55507898	55508398	0
7024	chrX	166514240	166514740	0
7028	chr1	43879588	43880088	0
7030	chr1	62705943	62706617	0
7034	chr1	85800187	85800687	0
7036	chr1	126737951	126738451	0
7037	chr1	131447354	131447978	0
7039	chr1	161019107	161019607	0
7040	chr1	161614013	161614513	0
7042	chr1	164957110	164957610	0
7048	chr2	22781030	22781530	0
7051	chr2	27126124	27126760	0
7053	chr2	29684186	29684686	0
7054	chr2	35660897	35661397	0
7055	chr2	50943359	50943859	0
7056	chr2	51130561	51131231	0
7057	chr2	70788964	70789464	0
7058	chr2	92422578	92423078	0
7060	chr2	118711112	118711612	0
7061	chr2	120578272	120578772	0
7063	chr2	151605269	151605769	0
7064	chr2	153608468	153608968	0
7065	chr2	154675647	154676147	0
7068	chr2	170050256	170050756	0
7071	chr3	69118497	69118997	0
7072	chr3	69402410	69402910	0
7073	chr3	84563250	84563750	0
7075	chr3	89866913	89867413	0
7076	chr3	89903424	89903924	0
7077	chr3	98084258	98084758	0
7080	chr3	103400917	103401417	0
7081	chr3	108997830	108998330	0
7082	chr3	115667286	115667786	0
7084	chr3	123083470	123083970	0
7085	chr4	6688542	6689042	0
7086	chr4	15285637	15286137	0
7090	chr4	89273227	89273727	0
7091	chr4	97590360	97590860	0
7092	chr4	106837817	106838317	0
7093	chr4	116013505	116014141	0
7094	chr4	126237686	126238186	0
7096	chr4	143099292	143099792	0
7098	chr5	34589713	34590375	0
7100	chr5	75153496	75153996	0
7101	chr5	77167029	77167529	0
7103	chr5	98032381	98032881	0
7104	chr5	104025189	104025823	0
7107	chr5	113430784	113431284	0
7108	chr5	113844199	113844699	0
7109	chr5	118247999	118248721	0
7110	chr5	119633343	119633843	0
7111	chr5	120439474	120439974	0
7114	chr5	123435872	123436372	0
7115	chr5	124223464	124224132	0
7118	chr6	51533001	51533501	0
7119	chr6	52110946	52111446	0
7120	chr6	52473447	52473947	0
7121	chr6	54778352	54778852	0
7124	chr6	112968095	112968595	0
7125	chr6	130342076	130342576	0
7126	chr6	143179286	143179786	0
7127	chr6	147380320	147381128	0
7128	chr7	3421867	3422493	0
7129	chr7	16204917	16205417	0
7131	chr7	19545799	19546299	0
7133	chr7	36167233	36167733	0
7135	chr7	46402218	46402718	0
7140	chr7	83609166	83609858	0
7143	chr7	110270152	110270652	0
7144	chr7	117612682	117613182	0
7146	chr7	140312279	140312779	0
7147	chr7	140766472	140766972	0
7148	chr8	11205931	11206557	0
7149	chr8	13656048	13656698	0
7151	chr8	25304493	25305125	0
7152	chr8	25448231	25448731	0
7159	chr8	85452356	85452856	0
7161	chr8	111619961	111620461	0
7164	chr8	120513879	120514521	0
7165	chr8	122709817	122710317	0
7170	chr8	128645267	128645903	0
7171	chr9	43038247	43038895	0
7172	chr9	47727277	47727777	0
7174	chr9	66502155	66502655	0
7176	chr9	95835571	95836253	0
7178	chr9	117923232	117923732	0
7180	chr9	122137922	122138422	0
7181	chr10	6967358	6968110	0
7182	chr10	17827817	17828317	0
7183	chr10	19239954	19240454	0
7185	chr10	40232165	40232665	0
7186	chr10	44327071	44327571	0
7188	chr10	80072396	80072896	0
7189	chr10	91300340	91300840	0
7191	chr10	118413097	118413597	0
7192	chr10	127755919	127756571	0
7193	chr11	4458699	4459199	0
7196	chr11	49997574	49998074	0
7197	chr11	52180386	52181050	0
7202	chr11	96300702	96301372	0
7206	chr11	121485720	121486220	0
7207	chr12	24980211	24980711	0
7208	chr12	25830459	25830959	0
7209	chr12	54221282	54221782	0
7210	chr12	69733985	69734485	0
7212	chr12	86621622	86622122	0
7213	chr12	100634342	100634842	0
7215	chr12	105027632	105028132	0
7219	chr13	34154843	34155343	0
7221	chr13	44089615	44090115	0
7222	chr13	47286754	47287254	0
7224	chr13	91468844	91469564	0
7225	chr13	97869735	97870235	0
7226	chr13	98807350	98807850	0
7227	chr13	108169704	108170204	0
7232	chr14	51172662	51173162	0
7234	chr14	76674296	76674796	0
7235	chr14	101469949	101470449	0
7236	chr14	118173675	118174175	0
7237	chr15	5561532	5562160	0
7242	chr15	59977938	59978572	0
7246	chr15	83079884	83080384	0
7247	chr15	85961864	85962364	0
7249	chr15	100105024	100105524	0
7250	chr16	11552579	11553079	0
7252	chr16	23604234	23604734	0
7254	chr16	43377359	43377859	0
7257	chr16	96158310	96158810	0
7258	chr17	4945605	4946105	0
7261	chr17	17614537	17615037	0
7262	chr17	21492466	21492966	0
7263	chr17	28642105	28642605	0
7265	chr17	30028872	30029372	0
7266	chr17	30343737	30344237	0
7270	chr17	53594735	53595235	0
7271	chr17	58932564	58933064	0
7274	chr17	73053287	73053787	0
7275	chr18	11946992	11947492	0
7277	chr18	46511581	46512081	0
7278	chr18	54295031	54295531	0
7279	chr18	56508781	56509281	0
7280	chr18	67478545	67479045	0
7283	chr19	32179207	32179707	0
7286	chr19	53204468	53204968	0
7287	chr19	57125400	57125900	0
7289	chrX	7859155	7859655	0
7290	chrX	77569860	77570486	0
7291	chrX	106704535	106705165	0
7292	chr1	11229468	11229968	0
7293	chr1	37345529	37346029	0
7294	chr1	39868362	39868862	0
7296	chr1	52127095	52127595	0
7298	chr1	64018234	64018734	0
7299	chr1	87417655	87418155	0
7300	chr1	128793865	128794365	0
7301	chr1	130514693	130515193	0
7304	chr1	138955550	138956050	0
7305	chr1	152034638	152035138	0
7308	chr1	155062025	155062525	0
7309	chr1	164118909	164119409	0
7311	chr1	171119173	171119673	0
7312	chr1	176852765	176853409	0
7313	chr1	178350978	178351478	0
7314	chr1	183439014	183439514	0
7315	chr1	184468001	184468501	0
7316	chr1	191724533	191725033	0
7317	chr1	191803243	191803889	0
7318	chr2	11135934	11136434	0
7319	chr2	18980237	18980737	0
7320	chr2	22817479	22817979	0
7322	chr2	27732919	27733419	0
7323	chr2	29388392	29388892	0
7324	chr2	29418530	29419030	0
7327	chr2	36213982	36214482	0
7328	chr2	49472869	49473369	0
7331	chr2	70628624	70629124	0
7332	chr2	71051806	71052306	0
7333	chr2	72478682	72479182	0
7334	chr2	84836999	84837499	0
7336	chr2	117945249	117945749	0
7337	chr2	118764418	118764918	0
7339	chr2	154806660	154807160	0
7340	chr2	155674024	155674524	0
7341	chr2	168196977	168197477	0
7344	chr2	179947262	179947762	0
7345	chr3	9556529	9557029	0
7348	chr3	58502150	58502808	0
7349	chr3	60571005	60571505	0
7351	chr3	82176932	82177432	0
7352	chr3	84046437	84046937	0
7353	chr3	121200672	121201172	0
7354	chr3	130879044	130879544	0
7355	chr3	138400128	138400628	0
7356	chr3	145101608	145102108	0
7357	chr4	6984147	6984647	0
7358	chr4	8722426	8722926	0
7359	chr4	8741395	8741895	0
7362	chr4	34859088	34859588	0
7363	chr4	35004205	35004705	0
7364	chr4	45336414	45336914	0
7365	chr4	49626314	49626814	0
7369	chr4	101224087	101224587	0
7370	chr4	107829383	107830007	0
7374	chr4	134307696	134308196	0
7375	chr4	136816227	136816727	0
7376	chr4	137713945	137714445	0
7377	chr4	139109431	139109931	0
7379	chr4	141295998	141296498	0
7380	chr4	151005992	151006492	0
7385	chr5	5378022	5378664	0
7386	chr5	21203271	21203771	0
7387	chr5	23523948	23524708	0
7388	chr5	24728934	24729434	0
7390	chr5	44206006	44206506	0
7392	chr5	65878014	65878514	0
7393	chr5	73208315	73208815	0
7394	chr5	73233756	73234256	0
7397	chr5	104979504	104980004	0
7398	chr5	113888030	113888530	0
7399	chr5	115192664	115193164	0
7400	chr5	115471126	115471626	0
7401	chr5	118686924	118687424	0
7402	chr5	120124343	120124843	0
7404	chr5	125054501	125055001	0
7406	chr5	134612089	134612589	0
7407	chr5	135669869	135670369	0
7411	chr5	144958689	144959189	0
7412	chr5	146676615	146677115	0
7413	chr6	8352135	8352635	0
7415	chr6	29796298	29796798	0
7416	chr6	30657277	30657777	0
7417	chr6	39526852	39527352	0
7418	chr6	48763249	48763749	0
7419	chr6	50552982	50553482	0
7420	chr6	57531652	57532152	0
7421	chr6	59423969	59424469	0
7423	chr6	71154937	71155437	0
7424	chr6	72995432	72995932	0
7425	chr6	87582672	87583172	0
7427	chr6	129587404	129587904	0
7429	chr6	149323220	149323720	0
7430	chr7	16838223	16838723	0
7432	chr7	30430112	30430612	0
7433	chr7	30993511	30994011	0
7434	chr7	38163183	38163683	0
7435	chr7	55889930	55890430	0
7436	chr7	63899799	63900299	0
7438	chr7	67425543	67426043	0
7441	chr7	79464218	79464718	0
7443	chr7	80102305	80102971	0
7445	chr7	83644436	83644936	0
7446	chr7	99555796	99556296	0
7448	chr7	99962224	99962724	0
7449	chr7	101064868	101065368	0
7450	chr7	101617343	101617843	0
7454	chr7	139156264	139156764	0
7457	chr8	22651063	22651563	0
7458	chr8	25575059	25575559	0
7459	chr8	27161786	27162286	0
7461	chr8	35184844	35185344	0
7462	chr8	69170147	69170647	0
7464	chr8	72017182	72017682	0
7465	chr8	80916444	80916944	0
7466	chr8	81804751	81805251	0
7471	chr8	91358765	91359265	0
7472	chr8	91376432	91376932	0
7474	chr8	94361871	94362371	0
7475	chr8	94429214	94429714	0
7476	chr8	95037072	95037572	0
7478	chr8	106651541	106652041	0
7479	chr8	114869153	114869653	0
7480	chr8	115618330	115618830	0
7481	chr8	116912024	116912524	0
7482	chr8	124306489	124306989	0
7483	chr8	128489632	128490132	0
7485	chr9	32909758	32910258	0
7490	chr9	62753911	62754611	0
7491	chr9	64829723	64830223	0
7492	chr9	66720430	66720930	0
7495	chr9	77429625	77430125	0
7496	chr9	77517243	77517743	0
7498	chr9	108788103	108788603	0
7499	chr9	122145808	122146308	0
7500	chr9	123772375	123772875	0
7502	chr10	8837551	8838187	0
7503	chr10	14185906	14186406	0
7505	chr10	19668595	19669095	0
7508	chr10	22294154	22294654	0
7509	chr10	39379924	39380424	0
7510	chr10	39521636	39522136	0
7512	chr10	42874107	42874607	0
7513	chr10	69320781	69321281	0
7514	chr10	75224679	75225321	0
7516	chr10	89708365	89708865	0
7517	chr10	96699138	96699638	0
7518	chr10	108239832	108240332	0
7520	chr10	117602705	117603205	0
7521	chr10	118012081	118012581	0
7523	chr10	118663049	118663549	0
7524	chr10	118893289	118893789	0
7527	chr10	127230878	127231378	0
7528	chr10	127893755	127894255	0
7530	chr11	20615015	20615515	0
7533	chr11	40743368	40743868	0
7534	chr11	43376178	43376678	0
7535	chr11	49632388	49632888	0
7537	chr11	54755532	54756032	0
7538	chr11	58187902	58188402	0
7539	chr11	60034540	60035040	0
7542	chr11	79706520	79707020	0
7544	chr11	100290760	100291452	0
7546	chr11	106680236	106680736	0
7548	chr11	115235637	115236275	0
7550	chr11	119875954	119876454	0
7551	chr12	11178713	11179213	0
7552	chr12	21207911	21208547	0
7554	chr12	24632694	24633194	0
7555	chr12	25366560	25367060	0
7556	chr12	32203153	32203653	0
7557	chr12	59213158	59213658	0
7559	chr12	76925465	76925965	0
7562	chr12	85181497	85181997	0
7563	chr12	85569344	85569844	0
7564	chr12	85647070	85647570	0
7565	chr12	86974572	86975072	0
7567	chr12	112743106	112743606	0
7569	chr13	19475304	19475804	0
7570	chr13	20206924	20207424	0
7572	chr13	30913007	30913507	0
7574	chr13	37594851	37595351	0
7576	chr13	46008915	46009415	0
7577	chr13	46345044	46345544	0
7578	chr13	49344475	49344975	0
7579	chr13	51110133	51110633	0
7580	chr13	52616933	52617433	0
7581	chr13	54501765	54502265	0
7583	chr13	73682819	73683319	0
7584	chr13	81347945	81348445	0
7585	chr13	83729648	83730148	0
7589	chr13	94399406	94399906	0
7590	chr13	95881132	95881632	0
7593	chr13	111397117	111397617	0
7597	chr14	25612404	25612904	0
7599	chr14	27198732	27199232	0
7600	chr14	27241566	27242066	0
7601	chr14	33213620	33214120	0
7603	chr14	56905325	56905965	0
7605	chr14	78533513	78534013	0
7606	chr14	87568287	87568787	0
7608	chr14	101661784	101662284	0
7609	chr14	103785317	103785817	0
7614	chr14	122027629	122028129	0
7616	chr15	5262957	5263457	0
7618	chr15	9677977	9678477	0
7620	chr15	31336351	31336983	0
7622	chr15	37783792	37784292	0
7624	chr15	58893499	58893999	0
7625	chr15	64013620	64014120	0
7626	chr15	66820048	66820548	0
7628	chr15	67185521	67186145	0
7631	chr15	79395165	79395665	0
7633	chr15	80006247	80006747	0
7634	chr15	80137560	80138060	0
7635	chr15	80488432	80488932	0
7637	chr15	85909148	85909648	0
7638	chr15	96728355	96728855	0
7647	chr16	31030957	31031457	0
7652	chr16	55931071	55931571	0
7655	chr16	76603984	76604484	0
7656	chr16	94413853	94414353	0
7658	chr17	24288312	24288812	0
7659	chr17	26033173	26033673	0
7660	chr17	33572558	33573254	0
7661	chr17	34173877	34174377	0
7662	chr17	45217424	45217924	0
7664	chr17	48319743	48320243	0
7670	chr17	79444681	79445181	0
7672	chr17	84022268	84022768	0
7673	chr17	84293118	84293618	0
7674	chr17	86249706	86250206	0
7675	chr17	86976956	86977456	0
7676	chr17	88598838	88599338	0
7677	chr18	14675597	14676097	0
7679	chr18	33059923	33060423	0
7682	chr18	66437805	66438305	0
7689	chr19	31975356	31975856	0
7690	chr19	37378408	37378908	0
7691	chr19	46698193	46698839	0
7694	chrX	12491655	12492155	0
7696	chrX	130505253	130505909	0
7697	chrX	130565579	130566207	0
7698	chrX	162884619	162885249	0
7699	chrX	166470025	166470525	0
7700	chr1	15791859	15792359	0
7703	chr1	55436460	55436960	0
7705	chr1	64044081	64044581	0
7708	chr1	105543033	105543533	0
7709	chr1	120032968	120033468	0
7711	chr1	132310996	132311496	0
7713	chr1	144500453	144500953	0
7714	chr1	153852388	153852888	0
7717	chr1	160842215	160842715	0
7718	chr1	161921569	161922069	0
7719	chr1	166099970	166100470	0
7720	chr1	170800634	170801134	0
7721	chr1	171466808	171467308	0
7723	chr1	180302294	180302794	0
7725	chr2	3770060	3770560	0
7726	chr2	3924722	3925222	0
7729	chr2	31929583	31930083	0
7730	chr2	32088339	32088839	0
7735	chr2	74699202	74699702	0
7736	chr2	75839276	75839776	0
7737	chr2	128166381	128166881	0
7739	chr2	129821088	129821588	0
7745	chr2	167145913	167146413	0
7750	chr3	82050035	82050535	0
7753	chr3	149845971	149846605	0
7754	chr4	34990903	34991403	0
7755	chr4	101147206	101147706	0
7757	chr4	110019959	110020459	0
7758	chr4	117099572	117100072	0
7759	chr4	120614060	120614560	0
7760	chr4	124690962	124691462	0
7764	chr4	133166667	133167167	0
7765	chr4	133744220	133744720	0
7768	chr4	137458665	137459165	0
7769	chr4	140920107	140920607	0
7772	chr4	150626262	150626762	0
7773	chr4	152360428	152361078	0
7774	chr4	154390803	154391303	0
7777	chr5	52889604	52890104	0
7778	chr5	54032058	54032558	0
7779	chr5	65692591	65693091	0
7782	chr5	129455287	129455787	0
7783	chr5	135472405	135472905	0
7785	chr5	142212265	142212765	0
7786	chr5	142784048	142784548	0
7788	chr6	17073827	17074327	0
7789	chr6	17675326	17675826	0
7791	chr6	31132251	31132751	0
7792	chr6	39325696	39326196	0
7793	chr6	50503679	50504179	0
7794	chr6	50521776	50522276	0
7796	chr6	71076369	71076869	0
7798	chr6	87517160	87517660	0
7799	chr6	94858154	94858654	0
7801	chr6	99392063	99392563	0
7802	chr6	113072366	113072866	0
7803	chr6	135373552	135374052	0
7806	chr7	16332657	16333157	0
7807	chr7	19256556	19257056	0
7808	chr7	19369805	19370305	0
7813	chr7	80422659	80423159	0
7815	chr7	83201130	83201630	0
7816	chr7	100851557	100852057	0
7817	chr7	101470241	101470741	0
7818	chr7	114450551	114451051	0
7821	chr7	123397139	123397639	0
7823	chr8	8847189	8847689	0
7824	chr8	12937427	12938085	0
7825	chr8	35359169	35359669	0
7826	chr8	69952618	69953118	0
7831	chr8	105609053	105609553	0
7832	chr8	106038507	106039007	0
7835	chr8	120716532	120717032	0
7838	chr9	15431339	15431839	0
7839	chr9	46184064	46184564	0
7840	chr9	66277848	66278498	0
7841	chr9	66584433	66584933	0
7843	chr9	73083713	73084213	0
7844	chr9	75221269	75221769	0
7848	chr9	108182308	108182808	0
7851	chr10	4091876	4092376	0
7854	chr10	39338919	39339419	0
7855	chr10	60687464	60687964	0
7856	chr10	62858893	62859393	0
7857	chr10	75568217	75568717	0
7859	chr10	80305098	80305598	0
7860	chr10	111179575	111180075	0
7862	chr10	127146841	127147533	0
7865	chr11	17165990	17166490	0
7866	chr11	44527357	44528013	0
7867	chr11	49837481	49837981	0
7868	chr11	54884949	54885449	0
7871	chr11	87677969	87678469	0
7872	chr11	106627407	106627907	0
7875	chr11	117475410	117475910	0
7877	chr11	121712656	121713156	0
7878	chr12	16910181	16910681	0
7881	chr12	73701833	73702333	0
7884	chr12	80895176	80895676	0
7888	chr12	106025140	106025640	0
7893	chr13	51121772	51122272	0
7894	chr13	55115067	55115567	0
7895	chr13	56216068	56216568	0
7899	chr13	93553384	93553884	0
7900	chr13	112196303	112196803	0
7901	chr13	114832863	114833363	0
7906	chr14	36316563	36317063	0
7908	chr14	48274057	48274557	0
7910	chr14	53763824	53764324	0
7913	chr14	64932291	64932791	0
7915	chr14	79546327	79546827	0
7916	chr14	118124774	118125274	0
7917	chr15	4032708	4033208	0
7918	chr15	5147512	5148012	0
7919	chr15	9577757	9578257	0
7920	chr15	27794189	27794689	0
7923	chr15	64037955	64038455	0
7924	chr15	78656197	78656849	0
7925	chr15	79390560	79391060	0
7926	chr15	80544030	80544530	0
7928	chr15	97337720	97338220	0
7929	chr15	99271830	99272330	0
7931	chr15	103101480	103101980	0
7934	chr16	4319573	4320073	0
7935	chr16	10974950	10975450	0
7936	chr16	10996372	10996872	0
7941	chr17	5015983	5016483	0
7942	chr17	6763237	6763737	0
7944	chr17	23587109	23587609	0
7946	chr17	27797637	27798137	0
7947	chr17	28735330	28736040	0
7948	chr17	32418998	32419498	0
7950	chr17	42883606	42884106	0
7951	chr17	43249691	43250191	0
7954	chr17	63285234	63285734	0
7956	chr17	83775983	83776483	0
7957	chr17	83799691	83800191	0
7960	chr18	11941235	11941735	0
7962	chr18	38151429	38151929	0
7965	chr18	39802278	39802778	0
7966	chr18	46380620	46381120	0
7967	chr18	49746715	49747215	0
7968	chr18	61658850	61659350	0
7969	chr18	79758743	79759243	0
7970	chr19	6299931	6300431	0
7972	chr19	16026492	16026992	0
7973	chr19	32316978	32317478	0
7974	chr19	41496391	41496891	0
7976	chr19	56815966	56816602	0
7977	chrX	13431650	13432150	0
7982	chrX	101241423	101241923	0
7983	chrX	103566295	103566795	0
7984	chrX	143058461	143058961	0
7985	chrX	159261757	159262401	0
7987	chr1	39345000	39345500	0
7988	chr1	50962740	50963240	0
7991	chr1	95593777	95594277	0
7993	chr1	119469299	119469799	0
7994	chr1	144001084	144001584	0
7996	chr1	191410754	191411254	0
7999	chr2	33978220	33978720	0
8000	chr2	34476509	34477009	0
8001	chr2	36217264	36217984	0
8006	chr2	129315751	129316251	0
8008	chr2	153046472	153046972	0
8010	chr2	165366697	165367197	0
8011	chr2	166561127	166561627	0
8012	chr2	169360230	169360730	0
8013	chr2	177925421	177925921	0
8015	chr3	22121824	22122324	0
8016	chr3	38008497	38008997	0
8018	chr3	87552032	87552532	0
8022	chr3	149497504	149498004	0
8024	chr4	55651206	55651706	0
8028	chr4	135122391	135122891	0
8029	chr4	152072128	152072628	0
8030	chr5	24456577	24457077	0
8031	chr5	29209586	29210086	0
8032	chr5	36362143	36362789	0
8034	chr5	113090356	113090856	0
8035	chr5	118647957	118648457	0
8036	chr5	125127329	125127829	0
8037	chr5	130227978	130228478	0
8039	chr5	136091527	136092027	0
8041	chr5	151341415	151341915	0
8043	chr6	87494297	87494797	0
8045	chr6	125086803	125087303	0
8048	chr7	25708106	25708606	0
8051	chr7	29317277	29317777	0
8052	chr7	38000073	38000573	0
8053	chr7	73741728	73742228	0
8055	chr7	92180319	92180819	0
8056	chr7	96476538	96477038	0
8057	chr7	112204029	112204529	0
8058	chr7	114445400	114445900	0
8059	chr7	128049587	128050087	0
8060	chr7	140198181	140198681	0
8062	chr8	69771820	69772320	0
8064	chr8	85514220	85514850	0
8067	chr8	117531922	117532422	0
8068	chr8	121968503	121969003	0
8071	chr9	20901414	20901914	0
8073	chr9	40876868	40877368	0
8074	chr9	44258292	44258946	0
8075	chr9	45439450	45439950	0
8077	chr9	80307193	80307693	0
8078	chr9	110667486	110667986	0
8079	chr9	113984971	113985471	0
8080	chr9	114761503	114762003	0
8081	chr9	115583222	115583722	0
8082	chr10	7155447	7155947	0
8083	chr10	9908331	9908831	0
8084	chr10	12535388	12535888	0
8085	chr10	39463066	39463566	0
8089	chr10	53373636	53374136	0
8093	chr10	118079104	118079604	0
8094	chr10	118097669	118098169	0
8095	chr10	118665660	118666160	0
8096	chr10	128132416	128132916	0
8098	chr11	31809629	31810129	0
8099	chr11	44525991	44526491	0
8100	chr11	52316332	52316832	0
8101	chr11	54770730	54771230	0
8103	chr11	96558294	96558794	0
8107	chr12	5119836	5120336	0
8108	chr12	28747059	28747559	0
8110	chr12	102290499	102290999	0
8111	chr12	102342579	102343079	0
8112	chr12	107006104	107006604	0
8113	chr12	117639043	117639543	0
8115	chr13	91915482	91915982	0
8116	chr13	92828457	92828957	0
8118	chr14	25847183	25847683	0
8119	chr14	40894601	40895101	0
8122	chr14	61339191	61339691	0
8125	chr14	71298281	71298781	0
8127	chr14	87712319	87712819	0
8128	chr14	99300046	99300546	0
8131	chr14	118635559	118636059	0
8134	chr15	58618741	58619241	0
8135	chr15	63982954	63983454	0
8136	chr15	66766348	66766848	0
8141	chr16	24877325	24877825	0
8145	chr17	31087373	31087873	0
8147	chr17	51181950	51182450	0
8148	chr17	57226363	57226863	0
8149	chr17	62354340	62354840	0
8152	chr17	83735662	83736162	0
8153	chr18	14659020	14659520	0
8159	chr19	6906746	6907400	0
8160	chr19	24656536	24657036	0
8161	chr19	41726508	41727008	0
8164	chrX	59311815	59312315	0
8165	chrX	73876661	73877287	0
8168	chrX	75107990	75108490	0
8170	chrX	159753895	159754395	0
8171	chr1	7113115	7113615	0
8172	chr1	23188025	23188525	0
8173	chr1	34462700	34463200	0
8174	chr1	40380023	40380523	0
8176	chr1	65237101	65237601	0
8177	chr1	80211496	80211996	0
8178	chr1	91371601	91372229	0
8181	chr1	141898037	141898537	0
8185	chr1	165282254	165282754	0
8186	chr1	167247529	167248029	0
8187	chr1	184729492	184729992	0
8189	chr1	192661959	192662459	0
8190	chr1	193365549	193366049	0
8192	chr2	19383603	19384103	0
8193	chr2	26360658	26361158	0
8196	chr2	37932834	37933334	0
8197	chr2	38279522	38280022	0
8198	chr2	43722641	43723141	0
8199	chr2	61032629	61033129	0
8200	chr2	70118082	70118582	0
8202	chr2	73403720	73404220	0
8203	chr2	73561074	73561574	0
8205	chr2	102103613	102104113	0
8206	chr2	103670224	103670848	0
8207	chr2	103691043	103691543	0
8208	chr2	117314824	117315324	0
8209	chr2	117951414	117951914	0
8212	chr2	152329251	152329751	0
8214	chr2	156107649	156108149	0
8215	chr2	158424017	158424517	0
8216	chr2	160860306	160860806	0
8217	chr2	163590375	163590875	0
8221	chr2	167534212	167534712	0
8222	chr2	181675129	181675769	0
8223	chr3	9334366	9334866	0
8224	chr3	10151817	10152317	0
8225	chr3	22132771	22133271	0
8229	chr3	98030511	98031011	0
8231	chr3	116434389	116434889	0
8232	chr3	132947441	132947941	0
8234	chr3	143914719	143915219	0
8235	chr4	9858574	9859074	0
8236	chr4	26339419	26339919	0
8237	chr4	48053041	48053541	0
8239	chr4	53116470	53116970	0
8240	chr4	62695271	62695771	0
8242	chr4	88716291	88716791	0
8244	chr4	149465462	149465962	0
8245	chr4	152217808	152218308	0
8247	chr5	64174444	64174944	0
8248	chr5	64212058	64212558	0
8252	chr5	103807744	103808244	0
8253	chr5	105284907	105285407	0
8255	chr5	108658676	108659176	0
8256	chr5	111218914	111219414	0
8257	chr5	118688341	118688841	0
8260	chr5	123660742	123661242	0
8261	chr5	123984207	123984707	0
8262	chr5	129002403	129002903	0
8263	chr5	136167743	136168243	0
8264	chr5	136413824	136414324	0
8267	chr5	139394999	139395499	0
8268	chr5	140581546	140582046	0
8269	chr5	144945964	144946464	0
8270	chr5	147721109	147721609	0
8271	chr5	148525318	148525818	0
8272	chr6	5294384	5294884	0
8273	chr6	8770697	8771197	0
8276	chr6	30070535	30071035	0
8277	chr6	31174151	31174651	0
8278	chr6	50373264	50373764	0
8280	chr6	54555494	54555994	0
8283	chr6	97283842	97284342	0
8284	chr6	100619137	100619637	0
8285	chr6	108795872	108796372	0
8287	chr6	127221863	127222363	0
8290	chr6	142939412	142939912	0
8291	chr7	12792411	12792911	0
8292	chr7	16903710	16904210	0
8295	chr7	27311241	27311741	0
8297	chr7	35120836	35121336	0
8298	chr7	47516116	47516616	0
8300	chr7	74726633	74727133	0
8301	chr7	75461152	75461652	0
8302	chr7	75939920	75940420	0
8303	chr7	78452358	78452858	0
8306	chr7	110998084	110998584	0
8311	chr7	119912980	119913480	0
8312	chr7	126188194	126188694	0
8313	chr7	131372514	131373014	0
8314	chr7	133124779	133125279	0
8316	chr7	142025794	142026294	0
8317	chr7	142032027	142032527	0
8318	chr7	144987768	144988268	0
8320	chr8	11854523	11855023	0
8321	chr8	26749865	26750365	0
8322	chr8	33378707	33379207	0
8325	chr8	72211294	72211794	0
8326	chr8	81561366	81561866	0
8327	chr8	94581884	94582384	0
8329	chr8	111020123	111020623	0
8330	chr8	111955974	111956474	0
8332	chr8	120106156	120106656	0
8333	chr8	120607885	120608385	0
8334	chr8	122007584	122008084	0
8335	chr8	122927617	122928117	0
8337	chr9	54646051	54646551	0
8341	chr9	67633878	67634378	0
8345	chr9	115454046	115454546	0
8346	chr9	118991450	118991950	0
8347	chr9	119115999	119116499	0
8348	chr9	121352623	121353123	0
8349	chr9	122287551	122288051	0
8350	chr10	6965823	6966323	0
8353	chr10	25383423	25383923	0
8355	chr10	78285633	78286133	0
8356	chr10	86167129	86167629	0
8359	chr10	95246451	95246951	0
8360	chr10	105535662	105536162	0
8362	chr11	45621393	45622017	0
8363	chr11	59672495	59672995	0
8364	chr11	62467186	62467686	0
8365	chr11	69267905	69268405	0
8366	chr11	71774889	71775389	0
8368	chr11	77467384	77467884	0
8369	chr11	79662182	79662682	0
8371	chr11	83528208	83528708	0
8372	chr11	88538326	88538826	0
8373	chr11	94945277	94945777	0
8376	chr11	103182201	103182701	0
8377	chr11	114127027	114127527	0
8378	chr11	119637935	119638435	0
8379	chr11	120257225	120257725	0
8382	chr12	35531147	35531647	0
8383	chr12	75507834	75508334	0
8385	chr12	83621220	83621720	0
8387	chr12	99274979	99275479	0
8389	chr12	103103812	103104312	0
8391	chr12	111184194	111184694	0
8392	chr13	9051509	9052009	0
8393	chr13	12279008	12279508	0
8394	chr13	17082487	17082987	0
8395	chr13	19433113	19433613	0
8397	chr13	34667339	34667839	0
8399	chr13	51568190	51568690	0
8400	chr13	59025816	59026316	0
8404	chr13	96508936	96509436	0
8405	chr13	100824441	100824941	0
8407	chr13	112516398	112516898	0
8408	chr14	6757046	6757546	0
8410	chr14	45308095	45308595	0
8411	chr14	45646932	45647432	0
8412	chr14	60707253	60707753	0
8413	chr14	61175781	61176281	0
8414	chr14	63904618	63905118	0
8415	chr14	64435307	64435807	0
8417	chr14	86861577	86862077	0
8418	chr15	25590516	25591016	0
8421	chr15	44322724	44323438	0
8422	chr15	64363393	64363893	0
8423	chr15	75797878	75798378	0
8425	chr15	78521520	78522020	0
8426	chr15	80596654	80597154	0
8429	chr15	83455110	83455740	0
8432	chr15	85666960	85667460	0
8433	chr15	96317683	96318183	0
8434	chr15	97914364	97914864	0
8435	chr16	30384088	30384588	0
8438	chr16	84814645	84815145	0
8440	chr16	93921230	93921730	0
8441	chr17	6564077	6564577	0
8442	chr17	10303972	10304472	0
8443	chr17	24468397	24468897	0
8444	chr17	25282391	25282891	0
8446	chr17	29565181	29565681	0
8447	chr17	29875529	29876029	0
8449	chr17	57339223	57339723	0
8453	chr17	78428114	78428614	0
8454	chr17	87437529	87438029	0
8456	chr18	5630397	5630897	0
8457	chr18	13122794	13123294	0
8458	chr18	14677988	14678618	0
8459	chr18	32407106	32407606	0
8461	chr18	42585197	42585697	0
8462	chr18	47015948	47016448	0
8463	chr18	48654445	48654945	0
8465	chr18	90585273	90585773	0
8466	chr19	3564343	3564843	0
8467	chr19	6346457	6346957	0
8469	chr19	11418805	11419305	0
8470	chr19	11766680	11767180	0
8471	chr19	34636476	34636976	0
8472	chr19	41552536	41553036	0
8474	chr19	43679777	43680277	0
8476	chrX	36952978	36953646	0
8477	chrX	37074476	37074976	0
8480	chrX	73917871	73918371	0
8481	chrX	95709767	95710267	0
8483	chrX	102064613	102065113	0
8487	chr1	10225750	10226250	0
8490	chr1	60078943	60079443	0
8491	chr1	74947995	74948495	0
8492	chr1	126873987	126874487	0
8493	chr1	132035479	132035979	0
8494	chr1	134196363	134196863	0
8495	chr1	134223733	134224233	0
8496	chr1	157597099	157597599	0
8497	chr1	182288375	182288875	0
8498	chr1	189346703	189347203	0
8499	chr2	3238262	3238762	0
8501	chr2	30503567	30504067	0
8503	chr2	35686744	35687244	0
8505	chr2	68214337	68214837	0
8506	chr2	84240913	84241413	0
8508	chr2	90560626	90561126	0
8509	chr2	92414951	92415451	0
8510	chr2	92913578	92914078	0
8511	chr2	118706632	118707132	0
8513	chr2	132266261	132266761	0
8514	chr2	155683150	155683650	0
8515	chr2	155882643	155883143	0
8516	chr2	167299952	167300452	0
8517	chr2	168113242	168113742	0
8521	chr3	115958406	115958906	0
8522	chr3	129545347	129545847	0
8523	chr4	8936882	8937382	0
8524	chr4	58099410	58099910	0
8525	chr4	62627349	62627849	0
8526	chr4	96696899	96697399	0
8529	chr4	140639994	140640494	0
8530	chr4	155122250	155122750	0
8531	chr4	155192668	155193168	0
8532	chr5	5419213	5419713	0
8533	chr5	33270544	33271044	0
8535	chr5	52237627	52238127	0
8536	chr5	65554785	65555285	0
8537	chr5	113776184	113776684	0
8538	chr5	129415088	129415588	0
8540	chr5	142812937	142813437	0
8542	chr6	6563535	6564035	0
8545	chr6	34867881	34868381	0
8546	chr6	43383072	43383572	0
8547	chr6	56788908	56789408	0
8548	chr6	65587732	65588232	0
8551	chr6	94253740	94254240	0
8553	chr6	116190473	116190973	0
8554	chr6	134562531	134563031	0
8555	chr6	137697293	137697793	0
8556	chr6	146145221	146145721	0
8557	chr6	146386953	146387453	0
8560	chr7	28488429	28488929	0
8561	chr7	31186891	31187391	0
8562	chr7	35176997	35177497	0
8564	chr7	43529953	43530453	0
8566	chr7	73516931	73517431	0
8567	chr7	80172225	80172725	0
8568	chr7	96643887	96644387	0
8569	chr7	106437339	106437839	0
8570	chr7	115163749	115164249	0
8571	chr7	122450556	122451056	0
8572	chr7	123127147	123127647	0
8573	chr7	132302099	132302599	0
8574	chr7	142036931	142037431	0
8575	chr8	11586014	11586514	0
8576	chr8	34286486	34286986	0
8577	chr8	57647884	57648384	0
8578	chr8	71291445	71291945	0
8579	chr8	90832647	90833147	0
8580	chr8	91376870	91377370	0
8583	chr8	117530948	117531448	0
8584	chr8	120557104	120557604	0
8587	chr9	20383298	20383798	0
8588	chr9	27099458	27099958	0
8589	chr9	41433657	41434157	0
8590	chr9	45188932	45189432	0
8591	chr9	45547292	45547792	0
8592	chr9	61243149	61243649	0
8593	chr9	62853479	62853979	0
8595	chr9	96604310	96604810	0
8596	chr9	117859289	117859789	0
8598	chr10	24152913	24153413	0
8600	chr10	60737941	60738441	0
8601	chr10	62190410	62190910	0
8602	chr10	94820475	94820975	0
8605	chr11	54327727	54328227	0
8606	chr11	60229173	60229673	0
8609	chr11	82430013	82430513	0
8610	chr11	100615631	100616255	0
8612	chr11	115459075	115459575	0
8613	chr11	115634238	115634738	0
8615	chr12	8865200	8865700	0
8616	chr12	16384667	16385167	0
8617	chr12	75654021	75654521	0
8619	chr12	86106750	86107250	0
8620	chr12	87379158	87379658	0
8621	chr12	99347283	99347783	0
8623	chr12	111412930	111413430	0
8624	chr12	111504605	111505105	0
8627	chr13	33071610	33072110	0
8629	chr13	51992298	51992798	0
8630	chr13	54818691	54819191	0
8631	chr13	110471516	110472016	0
8634	chr14	61225798	61226298	0
8635	chr14	76863133	76863633	0
8636	chr15	8420858	8421358	0
8637	chr15	66477070	66477570	0
8639	chr15	85493550	85494050	0
8640	chr15	95467588	95468088	0
8641	chr15	95875025	95875525	0
8644	chr15	103134759	103135259	0
8645	chr16	15990867	15991367	0
8646	chr16	23263882	23264382	0
8647	chr16	58678386	58678886	0
8648	chr16	59617332	59617832	0
8649	chr16	90462032	90462532	0
8650	chr16	92028315	92028815	0
8651	chr17	8429671	8430171	0
8653	chr17	27174428	27174928	0
8654	chr17	32376703	32377203	0
8655	chr17	34367489	34367989	0
8656	chr17	36249905	36250405	0
8657	chr17	73944497	73944997	0
8658	chr18	73767143	73767643	0
8659	chr19	10940305	10940805	0
8661	chr19	45475221	45475721	0
8662	chrX	11696655	11697155	0
8666	chrX	159734221	159734721	0
8667	chr1	4752297	4752797	0
8668	chr1	13325412	13325912	0
8669	chr1	37885925	37886425	0
8670	chr1	87634242	87634742	0
8671	chr1	93763337	93763837	0
8672	chr1	121708504	121709004	0
8673	chr1	131899923	131900423	0
8675	chr1	181259894	181260394	0
8676	chr2	3746419	3746919	0
8677	chr2	6461049	6461549	0
8678	chr2	52965779	52966279	0
8679	chr2	60218504	60219004	0
8681	chr2	73236903	73237403	0
8685	chr2	102945526	102946026	0
8686	chr2	120252938	120253438	0
8687	chr2	124701795	124702295	0
8688	chr2	130931017	130931517	0
8689	chr2	144441326	144441826	0
8690	chr2	151963412	151963912	0
8691	chr2	153560538	153561038	0
8692	chr2	165867359	165867859	0
8693	chr2	166545415	166545915	0
8694	chr2	173075018	173075518	0
8696	chr3	28326611	28327111	0
8697	chr3	63609899	63610399	0
8698	chr3	79175875	79176375	0
8699	chr3	88527746	88528246	0
8700	chr3	96960221	96960721	0
8701	chr3	105773972	105774472	0
8702	chr3	108195757	108196257	0
8703	chr3	108299292	108299792	0
8704	chr3	109456022	109456522	0
8705	chr3	144342454	144342954	0
8706	chr3	154175820	154176320	0
8707	chr4	16213152	16213652	0
8710	chr4	64009788	64010288	0
8711	chr4	82277183	82277683	0
8712	chr4	107300107	107300607	0
8713	chr4	130036632	130037132	0
8715	chr4	134252537	134253037	0
8716	chr4	135221775	135222275	0
8717	chr4	135704243	135704743	0
8718	chr4	148622454	148622954	0
8719	chr4	149436638	149437138	0
8720	chr4	149949514	149950014	0
8721	chr5	21375564	21376064	0
8722	chr5	24746016	24746516	0
8723	chr5	66360145	66360645	0
8724	chr5	92127208	92127708	0
8726	chr5	108443169	108443669	0
8727	chr5	118069273	118069773	0
8728	chr5	118959242	118959742	0
8729	chr5	140224108	140224608	0
8730	chr5	140318346	140318846	0
8731	chr5	142427794	142428294	0
8734	chr6	39217587	39218087	0
8736	chr6	51567148	51567648	0
8737	chr6	70796429	70796929	0
8738	chr6	85324913	85325413	0
8739	chr6	98993882	98994382	0
8740	chr6	115909029	115909529	0
8741	chr6	115957350	115957850	0
8742	chr6	115987093	115987593	0
8744	chr6	127568910	127569410	0
8745	chr6	145922247	145922747	0
8746	chr7	6941113	6941613	0
8747	chr7	29005647	29006147	0
8749	chr7	38003588	38004088	0
8751	chr7	46168333	46168833	0
8752	chr7	49843007	49843507	0
8753	chr7	67528960	67529460	0
8754	chr7	74422888	74423388	0
8755	chr7	92581901	92582401	0
8756	chr7	123038869	123039369	0
8757	chr7	127257847	127258347	0
8758	chr7	132741652	132742152	0
8760	chr7	139396159	139396659	0
8761	chr8	33308241	33308741	0
8762	chr8	46890005	46890505	0
8764	chr8	70338878	70339378	0
8765	chr8	71288721	71289221	0
8767	chr8	88376881	88377381	0
8768	chr8	93956700	93957200	0
8769	chr8	108915516	108916016	0
8770	chr8	111542751	111543251	0
8771	chr8	114928380	114928880	0
8772	chr8	121511341	121511841	0
8773	chr8	122317815	122318315	0
8774	chr9	21786796	21787296	0
8775	chr9	48815746	48816246	0
8776	chr9	64089527	64090027	0
8777	chr9	67886644	67887144	0
8778	chr9	74132219	74132719	0
8779	chr9	75554862	75555362	0
8780	chr9	102249215	102249715	0
8781	chr9	108155306	108155806	0
8782	chr9	122152384	122152884	0
8784	chr10	23840160	23840660	0
8785	chr10	40425017	40425517	0
8786	chr10	60090765	60091265	0
8787	chr10	76067392	76067892	0
8788	chr10	81564369	81564869	0
8789	chr10	88352229	88352729	0
8790	chr10	120374826	120375326	0
8791	chr10	122933837	122934337	0
8792	chr10	127605253	127605753	0
8793	chr11	3821537	3822037	0
8794	chr11	24283131	24283631	0
8796	chr11	62676712	62677212	0
8797	chr11	70567370	70567870	0
8799	chr11	94282343	94282843	0
8800	chr11	97559446	97559946	0
8801	chr11	104620796	104621296	0
8803	chr11	109488362	109488862	0
8804	chr11	115417160	115417660	0
8805	chr11	115689404	115689904	0
8806	chr11	115829318	115829818	0
8807	chr11	117409331	117409831	0
8808	chr12	16739799	16740299	0
8809	chr12	35419043	35419543	0
8810	chr12	69970087	69970587	0
8811	chr12	79907359	79907859	0
8812	chr12	85115365	85115865	0
8813	chr12	116309219	116309719	0
8814	chr12	117533051	117533551	0
8815	chr12	117850946	117851446	0
8816	chr13	20147411	20147911	0
8817	chr13	20155397	20155897	0
8819	chr13	35884597	35885097	0
8820	chr13	48860340	48860840	0
8826	chr13	78163120	78163620	0
8827	chr13	91510859	91511359	0
8828	chr13	113105003	113105503	0
8829	chr14	18427120	18427620	0
8831	chr14	31166415	31166915	0
8832	chr14	45313890	45314390	0
8833	chr14	53831133	53831633	0
8834	chr14	61191284	61191784	0
8836	chr14	74116638	74117138	0
8838	chr14	102068868	102069368	0
8839	chr14	118001228	118001728	0
8840	chr14	118664030	118664530	0
8841	chr14	122755338	122755838	0
8842	chr15	10588876	10589376	0
8843	chr15	27993095	27993595	0
8844	chr15	39256364	39256864	0
8845	chr15	41970286	41970786	0
8846	chr15	59022509	59023009	0
8848	chr15	74584195	74584695	0
8849	chr15	78626145	78626645	0
8850	chr15	81556762	81557262	0
8851	chr15	93910431	93910931	0
8853	chr15	96647188	96647688	0
8854	chr16	18554698	18555198	0
8855	chr16	29843708	29844208	0
8856	chr16	34818892	34819392	0
8857	chr16	92104846	92105346	0
8858	chr16	93391702	93392202	0
8859	chr16	94643121	94643621	0
8860	chr16	95453167	95453667	0
8862	chr16	96644793	96645293	0
8864	chr17	27238697	27239197	0
8865	chr17	27791138	27791638	0
8866	chr17	28000273	28000773	0
8867	chr17	28600874	28601374	0
8870	chr17	44590813	44591313	0
8871	chr17	56861215	56861715	0
8872	chr17	57343843	57344343	0
8873	chr17	66417003	66417503	0
8874	chr17	69461840	69462340	0
8875	chr17	70982235	70982735	0
8876	chr18	5615593	5616093	0
8877	chr18	10152794	10153294	0
8878	chr18	12989700	12990200	0
8879	chr18	14659600	14660100	0
8880	chr18	34357426	34357926	0
8881	chr18	36571531	36572031	0
8882	chr18	61302303	61302803	0
8883	chr18	69585913	69586413	0
8884	chr18	74392886	74393386	0
8885	chr18	79338816	79339316	0
8886	chr18	80461237	80461737	0
8887	chr18	84163378	84163878	0
8888	chr18	84399949	84400449	0
8889	chr19	4925370	4925870	0
8890	chr19	17278102	17278602	0
8891	chr19	29238281	29238781	0
8892	chr19	32185358	32185858	0
8894	chr19	36538111	36538611	0
8896	chr19	59349482	59349982	0
8897	chrX	9410616	9411116	0
8898	chrX	11239650	11240150	0
8899	chrX	50674972	50675472	0
8900	chrX	77488679	77489179	0
8901	chrX	77577944	77578444	0
8902	chrX	77598710	77599210	0
8903	chrX	94731211	94731711	0
8904	chrX	99582107	99582607	0
8905	chrX	107312795	107313295	0
8906	chrX	142923905	142924405	0
8907	chrX	155212573	155213073	0
8908	chrX	159647805	159648305	0
8909	chrX	162975958	162976458	0
8910	chrX	166495056	166495556	0
8912	chrX	167315231	167315731	0
8913	chrX	167405942	167406442	0
8914	chr1	172437313	172437813	0
8915	chr1	176822133	176822633	0
8916	chr1	182674542	182675042	0
8917	chr2	17668861	17669361	0
8919	chr2	59327571	59328071	0
8922	chr2	158606837	158607337	0
8924	chr3	84570972	84571472	0
8925	chr3	131122955	131123455	0
8926	chr3	137846538	137847038	0
8927	chr3	138546427	138546927	0
8928	chr4	118274077	118274577	0
8929	chr4	125545163	125545663	0
8930	chr4	139641906	139642406	0
8932	chr5	135527680	135528180	0
8933	chr6	123263834	123264334	0
8935	chr7	68479613	68480113	0
8936	chr8	92540121	92540621	0
8937	chr8	104110341	104110841	0
8938	chr9	69858348	69858848	0
8939	chr9	72024143	72024643	0
8941	chr11	44715639	44716139	0
8942	chr11	74610759	74611259	0
8943	chr11	119619626	119620126	0
8944	chr13	31618052	31618552	0
8946	chr13	63171606	63172106	0
8948	chr14	63413471	63413971	0
8949	chr14	77216839	77217339	0
8950	chr14	78649801	78650301	0
8951	chr15	9429698	9430198	0
8952	chr15	58255526	58256026	0
8953	chr15	86217079	86217579	0
8954	chr15	93286396	93286896	0
8955	chr16	33834229	33834729	0
8956	chr16	44305577	44306077	0
8957	chr16	94230156	94230656	0
8958	chr16	96688898	96689398	0
8959	chr18	34018899	34019399	0
8960	chr18	67968982	67969482	0
8962	chr19	47412781	47413281	0
8963	chrX	75082650	75083150	0
8964	chr2	139750173	139750673	0
8965	chr3	27444474	27444974	0
8966	chr3	60053866	60054366	0
8967	chr4	106680839	106681339	0
8969	chr9	65492232	65492732	0
8970	chr11	55207580	55208080	0
8971	chr11	70572853	70573353	0
8972	chr11	118503265	118503765	0
8973	chr13	96496540	96497040	0
8974	chr14	121216796	121217296	0
8975	chr18	76237026	76237526	0
8976	chrX	18181688	18182188	0
8977	chrX	60391467	60391967	0
