15835	chr12	26187206	26188896	0
16016	chr16	23327158	23328554	0
16086	chr1	106618190	106618926	0
16097	chr17	28966552	28967578	0
16141	chr7	132765982	132766806	0
16214	chr15	5512864	5513670	0
16227	chr10	118093386	118094018	0
16228	chr13	17604902	17605402	0
16267	chr14	21501763	21502263	0
16278	chr13	30168939	30169439	0
16285	chr17	12163139	12164247	0
16289	chr1	40358891	40359755	0
16294	chr4	145249131	145250091	0
16302	chr8	85619037	85619977	0
16318	chr2	128420920	128422336	0
16323	chr7	58740651	58741407	0
16329	chr12	25306011	25306919	0
16341	chr4	44301957	44302457	0
16342	chr4	136095534	136096034	0
16350	chr7	80840916	80841416	0
16352	chr9	114507850	114508350	0
16356	chr12	69862873	69863775	0
16363	chr1	161761396	161762034	0
16378	chr15	74919765	74920523	0
16387	chr5	134281471	134282137	0
16388	chr6	34155698	34156198	0
16391	chr10	6987639	6988139	0
16392	chr10	93419728	93420490	0
16393	chr11	4784595	4785095	0
16395	chr12	69574395	69575035	0
16397	chr13	97839578	97840358	0
16424	chr3	95645600	95646100	0
16425	chr4	32588205	32588705	0
16429	chr7	123355962	123356586	0
16438	chr13	51785968	51786730	0
16469	chr12	99700794	99701578	0
16472	chr13	112472872	112473694	0
16479	chr18	67280162	67280934	0
16482	chr1	36647832	36648744	0
16483	chr1	127211748	127212506	0
16487	chr2	168488949	168490449	0
16491	chr4	136071277	136071777	0
16512	chr17	29153027	29153807	0
16518	chr1	159404480	159405442	0
16524	chr3	21996156	21996968	0
16527	chr4	32350186	32350818	0
16537	chr8	46943468	46943968	0
16539	chr9	118284096	118284810	0
16545	chr12	103338692	103339620	0
16548	chr15	36360446	36360946	0
16553	chr16	23307675	23308413	0
16567	chr5	124217226	124217922	0
16568	chr6	142879118	142879618	0
16578	chr11	23823229	23823729	0
16581	chr12	79635357	79636147	0
16582	chr12	80252324	80253022	0
16588	chr15	36396645	36397271	0
16607	chr3	115901332	115902008	0
16612	chr7	25766453	25767083	0
16615	chr9	57432877	57433377	0
16616	chr10	19193384	19193884	0
16618	chr11	54102083	54103205	0
16623	chr12	21171890	21172520	0
16626	chr15	9714063	9714563	0
16639	chr1	69691795	69692295	0
16641	chr1	131746489	131746989	0
16644	chr2	121594257	121594887	0
16651	chr5	64681381	64682007	0
16652	chr5	118645578	118646078	0
16659	chr9	40390181	40390963	0
16669	chr11	121694877	121695377	0
16672	chr14	15099273	15099773	0
16673	chr14	122040761	122041261	0
16681	chr2	79005036	79005536	0
16682	chr2	79137227	79137903	0
16683	chr2	129192952	129193752	0
16684	chr2	165950054	165950554	0
16692	chr4	155202919	155204197	0
16693	chr5	107234502	107235156	0
16694	chr5	120440131	120440631	0
16695	chr5	121341449	121341949	0
16696	chr6	65648397	65648897	0
16699	chr7	58448881	58449567	0
16700	chr7	64196255	64196883	0
16706	chr8	110950592	110951092	0
16711	chr9	77496987	77497487	0
16712	chr9	122296139	122296897	0
16716	chr11	97829855	97830493	0
16719	chr13	32832822	32833322	0
16720	chr13	93592759	93593259	0
16721	chr14	74924599	74925587	0
16724	chr15	99449342	99449970	0
16733	chr1	127214087	127214717	0
16738	chr3	21949223	21950101	0
16748	chr10	13865496	13866312	0
16756	chr14	54522348	54522978	0
16761	chr15	60100872	60101372	0
16766	chr1	51501486	51502112	0
16767	chr1	60857899	60858399	0
16770	chr1	128547735	128548367	0
16771	chr1	138304005	138304505	0
16773	chr1	184006812	184007440	0
16777	chr2	117433212	117433712	0
16778	chr2	144245861	144246361	0
16780	chr3	51511120	51511620	0
16783	chr3	131169004	131169504	0
16786	chr6	15729782	15730508	0
16787	chr6	87654160	87654660	0
16788	chr6	142887298	142887798	0
16793	chr7	125510842	125511490	0
16796	chr9	20948374	20949208	0
16803	chr13	24682295	24682795	0
16810	chr15	81126790	81127290	0
16812	chr16	27350079	27351139	0
16813	chr17	27611645	27612145	0
16816	chr19	34197864	34198364	0
16817	chr1	80326373	80326873	0
16820	chr2	76203074	76203700	0
16823	chr3	52170469	52171097	0
16830	chr5	149599100	149599732	0
16837	chr8	64764356	64764856	0
16839	chr9	33060171	33060671	0
16840	chr9	69349818	69350484	0
16844	chr11	52332333	52332833	0
16846	chr11	86625529	86626029	0
16847	chr11	114876289	114876789	0
16849	chr12	36134943	36135443	0
16850	chr12	75563610	75564404	0
16852	chr13	24442467	24443103	0
16853	chr13	44484698	44485198	0
16855	chr13	112061682	112062182	0
16859	chr16	45007184	45007684	0
16860	chr18	64929479	64930111	0
16861	chr18	82684295	82685033	0
16862	chr19	8518570	8519070	0
16867	chr1	182151873	182152641	0
16868	chr1	184004790	184005290	0
16870	chr2	122632655	122633155	0
16871	chr2	125776540	125777040	0
16872	chr2	127137220	127137720	0
16875	chr3	37280729	37281229	0
16876	chr3	135636713	135637345	0
16877	chr3	146062744	146063244	0
16880	chr4	95199943	95200443	0
16883	chr4	150745898	150746524	0
16896	chr8	22711910	22712410	0
16901	chr9	110542355	110542855	0
16903	chr10	19192402	19192902	0
16905	chr10	75105487	75105987	0
16907	chr11	45873592	45874274	0
16910	chr11	103381928	103382428	0
16911	chr11	113331802	113332440	0
16916	chr13	74768710	74769352	0
16921	chr15	36564749	36565249	0
16927	chr16	48801135	48801635	0
16929	chr19	37178192	37178692	0
16935	chr2	27378248	27379164	0
16939	chr3	107097009	107097509	0
16943	chr4	137347360	137348002	0
16945	chr5	28242254	28242754	0
16946	chr5	34207235	34207735	0
16948	chr5	125172751	125173725	0
16955	chr7	132888550	132889206	0
16957	chr8	81517128	81517628	0
16964	chr10	123193639	123194407	0
16965	chr11	44504404	44504904	0
16970	chr12	11228900	11229682	0
16971	chr12	21480507	21481135	0
16976	chr14	53135315	53135957	0
16978	chr15	63657629	63658129	0
16979	chr15	86361203	86361703	0
16980	chr17	5897810	5898310	0
16984	chr19	7037082	7037582	0
16992	chr1	85743840	85744340	0
16995	chr1	171761608	171762108	0
16998	chr2	129202127	129202627	0
17002	chr3	126758095	126758595	0
17003	chr3	148844360	148844860	0
17005	chr4	45678760	45679392	0
17011	chr4	139205754	139206544	0
17012	chr4	150931674	150932174	0
17015	chr5	120669158	120669658	0
17016	chr5	141062508	141063008	0
17021	chr7	83670748	83671380	0
17025	chr10	41813182	41813682	0
17028	chr11	109478969	109479749	0
17029	chr12	73764755	73765625	0
17030	chr12	77136350	77137186	0
17032	chr13	13609280	13609910	0
17033	chr13	20536690	20537356	0
17042	chr19	16128600	16129100	0
17044	chr19	18747346	18747846	0
17050	chr1	179553532	179554032	0
17053	chr2	120503664	120504164	0
17055	chr2	163740254	163740754	0
17057	chr3	60111080	60111580	0
17058	chr3	131093374	131093874	0
17060	chr4	63704131	63704631	0
17061	chr4	137854058	137854746	0
17062	chr4	148437529	148438029	0
17067	chr6	121239043	121239543	0
17068	chr6	126812467	126813095	0
17070	chr7	63952127	63952627	0
17075	chr7	139781279	139782103	0
17076	chr8	13740787	13741287	0
17085	chr10	93194142	93194770	0
17086	chr10	93442137	93442637	0
17090	chr12	51818336	51818836	0
17093	chr12	98998745	98999245	0
17097	chr13	44359706	44360206	0
17100	chr14	27317924	27318686	0
17104	chr15	64102952	64103452	0
17105	chr15	68345078	68345894	0
17107	chr16	92939174	92939808	0
17114	chr1	36132693	36133193	0
17115	chr1	39949101	39949601	0
17119	chr1	144282399	144282899	0
17123	chr2	65193328	65193828	0
17124	chr2	72453568	72454204	0
17128	chr2	154800481	154801113	0
17131	chr3	146030654	146031286	0
17132	chr4	108987340	108987840	0
17135	chr4	129580105	129580605	0
17138	chr5	43824288	43824914	0
17142	chr6	41530366	41530866	0
17146	chr7	114099617	114100273	0
17149	chr7	127290217	127290717	0
17155	chr8	114778319	114778819	0
17158	chr9	46066831	46067331	0
17160	chr9	107719108	107719608	0
17163	chr10	4393177	4393677	0
17164	chr10	8759008	8759508	0
17166	chr10	39339927	39340427	0
17171	chr11	5518130	5519032	0
17174	chr11	69269028	69269652	0
17175	chr11	74954976	74955476	0
17176	chr11	107411332	107411958	0
17178	chr12	25233069	25233569	0
17179	chr12	64955238	64955922	0
17180	chr12	79646423	79646923	0
17182	chr12	82175442	82175942	0
17187	chr13	49303756	49304256	0
17189	chr13	100866590	100867090	0
17191	chr14	118920222	118920722	0
17194	chr15	52752879	52753379	0
17195	chr15	74963090	74963716	0
17196	chr15	80520863	80521363	0
17198	chr16	78217074	78217574	0
17200	chr17	32023784	32024284	0
17201	chr17	35926415	35927077	0
17203	chr17	63493243	63493743	0
17204	chr18	4314096	4314596	0
17205	chr18	6480197	6480697	0
17206	chr18	32564754	32565384	0
17211	chr19	21615163	21615663	0
17213	chr19	59337216	59337716	0
17216	chr1	36275842	36276342	0
17217	chr1	51592541	51593041	0
17218	chr1	64300206	64300998	0
17219	chr1	86395039	86395663	0
17220	chr1	136606592	136607092	0
17221	chr1	136709196	136709696	0
17222	chr1	138592327	138592953	0
17223	chr1	160006147	160006647	0
17224	chr1	165723083	165723583	0
17225	chr2	70802528	70803394	0
17227	chr2	154454725	154455557	0
17230	chr2	168200601	168201239	0
17232	chr3	69179594	69180094	0
17233	chr3	101670638	101671138	0
17237	chr4	32126731	32127231	0
17240	chr4	59324818	59325318	0
17241	chr4	134772934	134773434	0
17244	chr5	25092615	25093115	0
17248	chr5	148378374	148379000	0
17249	chr5	148699980	148700628	0
17257	chr6	146514105	146514605	0
17258	chr7	24618140	24618778	0
17259	chr7	64064317	64064991	0
17260	chr7	105778359	105778859	0
17262	chr7	125613771	125614271	0
17265	chr7	139969396	139970032	0
17266	chr8	70104446	70104946	0
17269	chr9	14967468	14967968	0
17272	chr9	56107182	56107682	0
17274	chr9	95315012	95315512	0
17275	chr9	108445155	108445655	0
17276	chr9	124066867	124067495	0
17277	chr10	59594376	59595196	0
17278	chr10	93305036	93305536	0
17280	chr10	111715069	111715695	0
17281	chr11	23765066	23765566	0
17283	chr11	49706946	49707742	0
17284	chr11	51935694	51936350	0
17287	chr11	95827443	95827943	0
17288	chr11	97836857	97837357	0
17289	chr11	114699414	114699914	0
17290	chr12	40253522	40254022	0
17295	chr12	114597485	114597985	0
17296	chr12	118293821	118294321	0
17297	chr13	24646734	24647234	0
17300	chr14	27316563	27317063	0
17302	chr14	47518869	47519369	0
17303	chr14	47740366	47740866	0
17305	chr14	79499037	79499537	0
17307	chr15	12445001	12445501	0
17308	chr15	38634821	38635321	0
17309	chr15	60118640	60119140	0
17310	chr15	66973492	66973992	0
17311	chr15	82152033	82152533	0
17312	chr15	99105476	99106120	0
17315	chr16	48758840	48759496	0
17316	chr16	92808299	92808953	0
17317	chr17	42911752	42912252	0
17319	chr17	53582113	53582613	0
17322	chr18	82522081	82522771	0
17323	chr19	8980666	8981296	0
17325	chr19	29264659	29265159	0
17326	chr19	32185865	32186365	0
17328	chr1	40327384	40328016	0
17331	chr1	94047052	94047906	0
17332	chr1	136858596	136859358	0
17334	chr1	160031846	160032346	0
17341	chr2	166561767	166562267	0
17343	chr3	89316354	89316854	0
17347	chr4	98020554	98021054	0
17351	chr4	132199088	132199588	0
17353	chr5	21213210	21213710	0
17354	chr5	23717647	23718299	0
17356	chr5	65912178	65912678	0
17357	chr5	118458312	118458812	0
17359	chr6	88768978	88769752	0
17362	chr7	90348846	90349494	0
17367	chr8	84567569	84568069	0
17370	chr9	69302914	69303672	0
17372	chr10	67488048	67488548	0
17376	chr11	31725553	31726053	0
17378	chr11	49981674	49982174	0
17379	chr11	88579383	88579883	0
17380	chr11	104362857	104363357	0
17382	chr11	116380947	116381447	0
17384	chr12	85955868	85956504	0
17385	chr13	37704937	37705437	0
17387	chr13	44483132	44483780	0
17389	chr13	63561693	63562193	0
17393	chr15	67152967	67153467	0
17394	chr16	49878383	49878883	0
17397	chr17	27999397	28000157	0
17398	chr17	37273863	37274363	0
17399	chr17	45216801	45217301	0
17403	chr19	34176210	34176710	0
17404	chr19	46640968	46641468	0
17406	chr19	57106390	57106890	0
17408	chr1	64486945	64487445	0
17409	chr1	89603430	89604164	0
17410	chr1	137221103	137221891	0
17411	chr1	138584220	138584720	0
17412	chr1	151097458	151097958	0
17414	chr1	172510148	172510934	0
17419	chr2	48470309	48470809	0
17423	chr2	167331731	167332231	0
17426	chr3	35772147	35772647	0
17428	chr3	60484574	60485074	0
17430	chr3	106491226	106491726	0
17431	chr3	121407848	121408348	0
17432	chr3	139061669	139062169	0
17433	chr3	142534397	142535061	0
17434	chr3	149484941	149485441	0
17435	chr4	7602274	7602774	0
17436	chr4	8695723	8696479	0
17440	chr4	150059575	150060075	0
17441	chr5	3382905	3383405	0
17445	chr6	8647873	8648373	0
17446	chr6	34507511	34508011	0
17447	chr6	41177488	41177988	0
17448	chr6	85295242	85295878	0
17451	chr6	120077505	120078005	0
17453	chr6	134060238	134060738	0
17458	chr7	58685569	58686069	0
17460	chr7	127279275	127279775	0
17462	chr9	56466423	56466923	0
17463	chr9	57341460	57342158	0
17464	chr9	61963463	61964097	0
17467	chr10	13446970	13447470	0
17468	chr10	96629018	96629518	0
17469	chr10	96871913	96872413	0
17470	chr11	5339313	5339813	0
17471	chr11	16977972	16978472	0
17473	chr11	23806378	23806878	0
17476	chr11	99045158	99045914	0
17477	chr11	106679663	106680163	0
17479	chr12	16171473	16171973	0
17480	chr12	21479145	21479645	0
17483	chr12	40433298	40434100	0
17484	chr12	52718166	52718666	0
17485	chr12	99390520	99391208	0
17487	chr12	111899284	111899910	0
17488	chr13	30113936	30114436	0
17492	chr14	21537366	21537866	0
17493	chr15	36562200	36562700	0
17494	chr15	37435402	37435902	0
17496	chr15	80461207	80462025	0
17502	chr16	55747725	55748225	0
17504	chr17	50568946	50569446	0
17505	chr17	52217202	52217702	0
17508	chr17	64249940	64250622	0
17509	chr17	64315433	64316073	0
17510	chr18	3931896	3932396	0
17511	chr18	4873178	4873678	0
17517	chr1	13368277	13368913	0
17518	chr1	58857502	58858002	0
17519	chr1	60960710	60961210	0
17521	chr1	80667905	80668405	0
17523	chr1	135788659	135789159	0
17524	chr1	193350797	193351297	0
17525	chr2	44528947	44529447	0
17526	chr2	70498247	70498747	0
17529	chr2	102893304	102894026	0
17531	chr2	152620867	152621367	0
17532	chr2	164960551	164961051	0
17537	chr3	60320632	60321132	0
17538	chr3	68778192	68778692	0
17539	chr3	84835560	84836350	0
17540	chr3	97965106	97965740	0
17541	chr3	136729591	136730091	0
17542	chr4	7457953	7458453	0
17544	chr4	63947996	63948496	0
17545	chr4	88000669	88001169	0
17546	chr4	102624693	102625193	0
17547	chr4	109080296	109080796	0
17551	chr5	31606054	31606554	0
17552	chr5	35877862	35878536	0
17553	chr5	38367254	38367754	0
17556	chr5	107092372	107093008	0
17557	chr5	115056608	115057108	0
17560	chr6	88105993	88106493	0
17563	chr6	136475824	136476324	0
17564	chr7	28430003	28430639	0
17566	chr7	72299919	72300419	0
17569	chr7	84196244	84196744	0
17570	chr7	101471675	101472175	0
17572	chr8	25614348	25614848	0
17573	chr8	35680163	35680663	0
17574	chr8	61580511	61581011	0
17577	chr8	79162186	79162686	0
17578	chr8	105907398	105907898	0
17579	chr8	122969609	122970109	0
17584	chr9	100725086	100725586	0
17585	chr9	114416906	114417406	0
17590	chr10	41635458	41635958	0
17591	chr10	41880912	41881412	0
17593	chr10	95066708	95067208	0
17594	chr10	108189330	108189830	0
17595	chr10	127230365	127230865	0
17596	chr11	46314168	46314972	0
17599	chr11	59425842	59426342	0
17601	chr11	106722855	106723483	0
17602	chr11	116441022	116441726	0
17603	chr11	118350619	118351251	0
17607	chr12	52524696	52525196	0
17610	chr12	79959676	79960318	0
17614	chr13	80932431	80932931	0
17616	chr13	112508947	112509447	0
17618	chr14	62798365	62798865	0
17622	chr15	25693381	25693881	0
17623	chr15	35961697	35962357	0
17624	chr15	83027688	83028322	0
17627	chr15	101275761	101276261	0
17628	chr16	8834588	8835088	0
17629	chr16	23543675	23544301	0
17630	chr16	24164168	24164794	0
17634	chr16	45166071	45166705	0
17637	chr17	12780921	12781421	0
17638	chr17	31219950	31220592	0
17639	chr17	34053763	34054395	0
17642	chr17	84329740	84330240	0
17643	chr17	88537071	88537571	0
17646	chr19	31913952	31914452	0
17651	chr1	63119680	63120180	0
17652	chr1	64045258	64045758	0
17653	chr1	88624793	88625293	0
17654	chr1	92003967	92004467	0
17656	chr1	173451236	173451736	0
17659	chr2	11623203	11623703	0
17660	chr2	18591933	18592433	0
17661	chr2	26487241	26487741	0
17662	chr2	27702944	27703444	0
17666	chr2	127925894	127926394	0
17667	chr2	131888532	131889032	0
17668	chr2	153748198	153748840	0
17670	chr2	170321591	170322091	0
17673	chr2	174518025	174518525	0
17675	chr3	19296225	19296849	0
17677	chr3	59205570	59206070	0
17678	chr3	60954517	60955017	0
17679	chr3	96547298	96547798	0
17680	chr3	105751837	105752337	0
17681	chr4	63424039	63424539	0
17682	chr4	102521256	102521756	0
17683	chr4	107783575	107784331	0
17684	chr4	128740674	128741302	0
17686	chr4	134353455	134354217	0
17687	chr4	135859626	135860126	0
17692	chr5	43668118	43668618	0
17693	chr5	53613960	53614660	0
17694	chr5	106640634	106641134	0
17696	chr5	115035131	115035631	0
17698	chr5	143511659	143512159	0
17699	chr5	147448682	147449182	0
17700	chr5	149334504	149335004	0
17701	chr6	13583917	13584417	0
17702	chr6	22406399	22406899	0
17703	chr6	43618974	43619474	0
17704	chr6	83660743	83661243	0
17707	chr6	125524267	125524767	0
17711	chr7	72280341	72280841	0
17712	chr7	82027883	82028383	0
17713	chr7	84173733	84174233	0
17714	chr7	84657640	84658140	0
17716	chr7	117463066	117463566	0
17718	chr8	22793646	22794380	0
17719	chr8	34782160	34782660	0
17721	chr8	85515770	85516270	0
17723	chr8	113656085	113656585	0
17725	chr8	125726551	125727181	0
17726	chr9	7553550	7554050	0
17727	chr9	21318168	21318668	0
17728	chr9	25174690	25175190	0
17735	chr10	6995854	6996354	0
17736	chr10	17574607	17575107	0
17737	chr10	18058437	18058937	0
17740	chr10	78587113	78587747	0
17741	chr10	93125729	93126229	0
17742	chr10	96706984	96707484	0
17743	chr10	111476130	111476630	0
17744	chr10	118086465	118086965	0
17745	chr10	120197230	120197730	0
17749	chr11	19938504	19939004	0
17750	chr11	20736997	20737497	0
17751	chr11	51602031	51602725	0
17753	chr11	60129696	60130196	0
17754	chr11	75335606	75336106	0
17756	chr11	100393768	100394268	0
17758	chr11	117081829	117082601	0
17759	chr12	25293999	25294499	0
17760	chr12	25326821	25327447	0
17761	chr12	25993564	25994064	0
17762	chr12	91661557	91662289	0
17763	chr12	99326553	99327053	0
17764	chr12	102303616	102304116	0
17767	chr12	115191889	115192389	0
17769	chr13	24509371	24509871	0
17771	chr13	30726782	30727282	0
17776	chr13	107619635	107620135	0
17777	chr14	25603617	25604117	0
17779	chr14	27358513	27359013	0
17781	chr14	67045084	67045584	0
17782	chr15	10467116	10467824	0
17783	chr15	38636450	38636950	0
17787	chr15	80592922	80593422	0
17790	chr16	10794583	10795083	0
17791	chr16	23152355	23152855	0
17792	chr16	24519134	24519634	0
17793	chr16	36669137	36669637	0
17794	chr16	45690472	45690972	0
17798	chr17	29838252	29838936	0
17800	chr17	51732078	51732578	0
17802	chr17	51884451	51884951	0
17805	chr17	84327429	84328065	0
17807	chr18	6469229	6469729	0
17809	chr18	44607845	44608521	0
17811	chr18	65302499	65303147	0
17812	chr18	75682602	75683102	0
17814	chr19	18599568	18600068	0
17815	chr19	20901107	20901607	0
17816	chr19	21896895	21897395	0
17817	chr19	29182470	29183204	0
17818	chr19	46390942	46391442	0
17820	chr1	75227121	75227819	0
17822	chr1	91253859	91254359	0
17823	chr1	106604260	106604760	0
17824	chr1	156931947	156932447	0
17826	chr2	11142728	11143360	0
17827	chr2	21234959	21235593	0
17829	chr2	71131721	71132221	0
17830	chr2	73548347	73548847	0
17832	chr2	128468463	128468963	0
17834	chr2	153210188	153210688	0
17835	chr2	160335736	160336236	0
17838	chr3	95761226	95761860	0
17840	chr3	97948456	97948956	0
17842	chr3	121295534	121296162	0
17844	chr4	56942830	56943330	0
17845	chr4	122950752	122951252	0
17849	chr5	53604865	53605365	0
17851	chr5	66121572	66122210	0
17852	chr5	89090268	89090768	0
17853	chr5	110594493	110594993	0
17854	chr5	122298388	122298888	0
17856	chr6	18851978	18852758	0
17857	chr6	54117873	54118373	0
17859	chr6	99625447	99625947	0
17863	chr6	129704812	129705312	0
17864	chr7	17030243	17030743	0
17866	chr7	56131048	56131780	0
17868	chr7	97598092	97598728	0
17869	chr7	114441138	114441822	0
17872	chr7	139411650	139412150	0
17874	chr8	34457962	34458462	0
17875	chr8	36041843	36042343	0
17876	chr8	70551509	70552307	0
17877	chr8	81485987	81486487	0
17878	chr8	94215889	94216595	0
17879	chr8	94778861	94779495	0
17880	chr8	116630428	116631158	0
17881	chr8	122349492	122350120	0
17882	chr9	7862171	7862671	0
17884	chr9	37236505	37237005	0
17888	chr9	70691151	70691651	0
17889	chr9	75554158	75554658	0
17890	chr9	90236668	90237168	0
17892	chr9	123755853	123756353	0
17894	chr10	22726023	22726523	0
17897	chr10	69254029	69254529	0
17898	chr10	86785442	86786066	0
17899	chr10	117958252	117958920	0
17900	chr10	121466603	121467259	0
17902	chr11	32698067	32698567	0
17903	chr11	34032784	34033284	0
17905	chr11	79663231	79663731	0
17906	chr11	83558565	83559199	0
17909	chr11	97978014	97978514	0
17911	chr11	114703107	114703607	0
17913	chr12	35885489	35885989	0
17914	chr12	79352416	79353068	0
17915	chr12	79647939	79648617	0
17917	chr12	99379481	99380137	0
17918	chr12	106774516	106775322	0
17922	chr13	44753538	44754166	0
17925	chr13	101740396	101740896	0
17928	chr14	30196178	30196678	0
17929	chr14	30428615	30429115	0
17930	chr14	33723078	33723578	0
17932	chr14	79543588	79544088	0
17933	chr14	120291212	120291712	0
17937	chr15	62167186	62167686	0
17939	chr15	75797092	75797592	0
17941	chr15	82826486	82826986	0
17944	chr16	24641571	24642071	0
17946	chr16	32642017	32642517	0
17947	chr16	52088933	52089583	0
17948	chr16	52107673	52108305	0
17949	chr16	55789949	55790579	0
17952	chr16	94583402	94583902	0
17953	chr17	24129324	24129824	0
17956	chr17	84330875	84331375	0
17958	chr18	65329588	65330088	0
17959	chr19	11391120	11391820	0
17961	chr19	53868309	53868809	0
17963	chrX	48493996	48494496	0
17965	chrX	96020675	96021337	0
17967	chr1	36753850	36754350	0
17968	chr1	38499163	38499663	0
17970	chr1	63110347	63110847	0
17971	chr1	82995790	82996290	0
17974	chr1	130850788	130851288	0
17975	chr1	132032991	132033657	0
17976	chr1	136253819	136254319	0
17977	chr1	166121608	166122232	0
17978	chr2	29676090	29676794	0
17979	chr2	30112618	30113118	0
17981	chr2	79546092	79546592	0
17984	chr2	167054790	167055290	0
17986	chr3	9625107	9625607	0
17988	chr3	30609240	30609740	0
17990	chr3	75548570	75549278	0
17993	chr3	108439336	108439990	0
17994	chr3	129590288	129590788	0
17997	chr4	47234777	47235277	0
17999	chr4	126053380	126054160	0
18000	chr4	144978817	144979317	0
18001	chr4	155251957	155252457	0
18002	chr5	21248178	21248836	0
18007	chr6	33618285	33618785	0
18010	chr6	87732503	87733003	0
18011	chr6	113487778	113488278	0
18013	chr6	120953910	120954410	0
18015	chr6	135227954	135228454	0
18016	chr7	45110843	45111343	0
18017	chr7	126416548	126417254	0
18019	chr7	130863863	130864363	0
18021	chr8	11182223	11182935	0
18023	chr8	81609213	81609713	0
18024	chr8	81827986	81828486	0
18025	chr8	105920234	105920860	0
18026	chr8	106293232	106293732	0
18027	chr8	107576804	107577574	0
18033	chr9	52052545	52053201	0
18034	chr9	56498044	56498544	0
18037	chr9	97311526	97312026	0
18039	chr9	116367309	116367809	0
18040	chr9	119724240	119724740	0
18041	chr10	13059682	13060182	0
18042	chr10	14114680	14115180	0
18043	chr10	19360742	19361242	0
18044	chr10	42032861	42033537	0
18045	chr10	61447982	61448482	0
18046	chr10	98926671	98927171	0
18047	chr10	128041400	128041900	0
18048	chr11	20914807	20915307	0
18049	chr11	32363481	32363981	0
18054	chr11	87723748	87724396	0
18055	chr11	94310644	94311290	0
18056	chr11	95777643	95778143	0
18057	chr11	100891792	100892292	0
18059	chr12	24599525	24600167	0
18060	chr12	28667303	28667949	0
18062	chr12	75559818	75560446	0
18063	chr12	104237644	104238414	0
18064	chr12	107170690	107171190	0
18066	chr12	111224027	111224683	0
18067	chr12	118392234	118392734	0
18069	chr13	24652433	24653093	0
18071	chr13	43793964	43794464	0
18072	chr13	48525456	48525956	0
18073	chr13	64299772	64300272	0
18074	chr13	101661677	101662177	0
18076	chr13	114848737	114849237	0
18078	chr14	62311263	62311763	0
18079	chr14	70323496	70323996	0
18082	chr14	121710687	121711321	0
18083	chr15	5740784	5741284	0
18084	chr15	25917622	25918122	0
18085	chr15	27733766	27734392	0
18087	chr15	35918075	35918575	0
18090	chr15	61545054	61545554	0
18091	chr15	64052504	64053004	0
18092	chr15	64107101	64107601	0
18093	chr15	64255132	64255632	0
18095	chr15	76273652	76274152	0
18096	chr15	85444020	85444670	0
18098	chr16	4184710	4185210	0
18101	chr16	37650309	37650955	0
18103	chr16	50030546	50031046	0
18104	chr16	51674225	51674853	0
18106	chr17	32258589	32259089	0
18107	chr17	44458971	44459471	0
18108	chr17	50181013	50181513	0
18109	chr17	57185197	57185857	0
18110	chr18	11927866	11928366	0
18116	chr19	29382447	29382947	0
18118	chr1	10325769	10326269	0
18119	chr1	38902836	38903336	0
18121	chr1	55055675	55056347	0
18122	chr1	72227489	72227989	0
18123	chr1	72871919	72872419	0
18124	chr1	88505648	88506148	0
18127	chr1	156044614	156045114	0
18128	chr1	171937675	171938175	0
18129	chr1	177467311	177467811	0
18132	chr2	9579155	9579655	0
18134	chr2	32931488	32931988	0
18135	chr2	35406107	35406769	0
18137	chr2	131420713	131421345	0
18138	chr2	152790926	152791426	0
18139	chr2	154797641	154798141	0
18140	chr2	165031361	165031861	0
18141	chr3	27616998	27617670	0
18143	chr3	96732746	96733246	0
18144	chr3	103391042	103391542	0
18145	chr3	106827794	106828294	0
18146	chr3	115875461	115876095	0
18147	chr3	126600255	126600899	0
18149	chr3	139062851	139063351	0
18150	chr3	152951008	152951508	0
18152	chr4	56120078	56120578	0
18153	chr4	85669116	85669766	0
18155	chr4	88300886	88301386	0
18156	chr4	116688189	116688689	0
18157	chr4	119896804	119897304	0
18159	chr4	149651109	149651785	0
18160	chr5	35006572	35007072	0
18161	chr5	54099519	54100019	0
18162	chr5	62745809	62746309	0
18163	chr5	63966538	63967038	0
18165	chr5	74166610	74167110	0
18166	chr5	86808488	86808988	0
18167	chr5	100879480	100879980	0
18169	chr5	103745481	103745981	0
18170	chr5	107971720	107972466	0
18171	chr5	108246417	108246917	0
18172	chr5	134678644	134679144	0
18173	chr5	135138808	135139308	0
18174	chr5	139395605	139396105	0
18175	chr5	142429623	142430257	0
18176	chr6	71747101	71747601	0
18177	chr6	86479580	86480206	0
18179	chr6	98113537	98114037	0
18180	chr6	100277637	100278137	0
18182	chr6	134713179	134713679	0
18183	chr6	135595688	135596188	0
18184	chr6	137156802	137157302	0
18187	chr7	24428196	24428696	0
18191	chr7	84146802	84147302	0
18192	chr7	84682859	84683359	0
18197	chr7	120698251	120698751	0
18199	chr8	11202825	11203325	0
18201	chr8	88295906	88296406	0
18206	chr8	126880275	126880775	0
18208	chr9	22017490	22018166	0
18209	chr9	32760458	32760958	0
18210	chr9	41123057	41123557	0
18211	chr9	61391502	61392002	0
18214	chr9	115621189	115621689	0
18215	chr9	116191411	116191911	0
18216	chr9	118646340	118646840	0
18217	chr9	119898339	119898839	0
18218	chr9	120973447	120973947	0
18219	chr10	28592774	28593274	0
18220	chr10	54091758	54092258	0
18221	chr10	59933715	59934353	0
18222	chr10	60741024	60741524	0
18223	chr10	70060401	70060901	0
18224	chr10	80211658	80212158	0
18225	chr10	84554723	84555223	0
18227	chr10	96239018	96239518	0
18228	chr10	96574417	96574917	0
18231	chr10	99441261	99441761	0
18233	chr10	121189313	121189813	0
18234	chr10	126869182	126869682	0
18235	chr11	4465310	4465936	0
18236	chr11	6692519	6693019	0
18237	chr11	6698513	6699013	0
18239	chr11	32648701	32649201	0
18243	chr11	79057682	79058182	0
18247	chr11	113520154	113520654	0
18249	chr11	115459701	115460331	0
18251	chr11	118142535	118143035	0
18252	chr12	12350828	12351328	0
18253	chr12	32285299	32285799	0
18254	chr12	54820433	54820933	0
18255	chr12	64974400	64974900	0
18260	chr12	102250703	102251203	0
18261	chr12	111946721	111947221	0
18263	chr13	23898434	23898934	0
18264	chr13	30153785	30154285	0
18265	chr13	37705382	37705882	0
18266	chr13	46355715	46356347	0
18270	chr13	101732780	101733474	0
18271	chr14	19713287	19713787	0
18272	chr14	30394862	30395362	0
18274	chr14	59442915	59443415	0
18276	chr14	62016445	62016945	0
18277	chr14	64639577	64640077	0
18279	chr14	73234323	73234823	0
18281	chr15	36268031	36268531	0
18282	chr15	57877857	57878357	0
18283	chr15	74909057	74909557	0
18284	chr15	78500199	78500839	0
18285	chr15	95906670	95907170	0
18287	chr15	96694814	96695314	0
18288	chr15	98969828	98970328	0
18289	chr16	33693919	33694419	0
18290	chr16	76358529	76359029	0
18292	chr17	5066355	5066855	0
18293	chr17	17603173	17603673	0
18294	chr17	28700198	28700698	0
18296	chr17	28926347	28926847	0
18299	chr17	33470715	33471215	0
18300	chr17	50514545	50515045	0
18302	chr17	69422227	69422727	0
18303	chr17	73893207	73893707	0
18304	chr17	86313339	86313977	0
18305	chr17	86709035	86709535	0
18306	chr18	50055607	50056107	0
18307	chr18	62173030	62173530	0
18309	chr19	6302921	6303421	0
18312	chr19	21603035	21603535	0
18313	chr19	41900302	41900802	0
18314	chr19	58389767	58390267	0
18315	chr19	60895109	60895609	0
18317	chr1	13342652	13343152	0
18318	chr1	38770178	38770678	0
18319	chr1	39867733	39868233	0
18320	chr1	72141759	72142259	0
18321	chr1	87757971	87758471	0
18323	chr1	106580144	106580792	0
18324	chr1	136122552	136123052	0
18325	chr1	143466481	143466981	0
18326	chr1	156454828	156455328	0
18327	chr1	182225125	182225625	0
18328	chr1	184467326	184467826	0
18329	chr1	189819707	189820207	0
18331	chr2	27697331	27697971	0
18332	chr2	28506460	28506960	0
18333	chr2	32879779	32880279	0
18334	chr2	33821575	33822075	0
18336	chr2	43804893	43805393	0
18337	chr2	68350321	68350821	0
18339	chr2	73584485	73584985	0
18340	chr2	73889985	73890485	0
18341	chr2	103941467	103941967	0
18342	chr2	127723221	127723721	0
18343	chr2	128395507	128396007	0
18345	chr2	150308627	150309127	0
18347	chr2	156278610	156279110	0
18348	chr2	160665328	160665828	0
18349	chr2	170216255	170216755	0
18350	chr2	174564576	174565076	0
18351	chr3	9815854	9816354	0
18352	chr3	37155405	37155905	0
18353	chr3	51422557	51423057	0
18354	chr3	52308076	52308576	0
18355	chr3	96340342	96340842	0
18356	chr3	106725008	106725508	0
18357	chr3	142311273	142311773	0
18360	chr4	8907358	8907858	0
18361	chr4	11488525	11489025	0
18362	chr4	15930690	15931190	0
18363	chr4	32100563	32101063	0
18364	chr4	62593033	62593533	0
18365	chr4	84977191	84977691	0
18366	chr4	102681268	102681768	0
18367	chr4	102688794	102689294	0
18369	chr4	121196168	121196668	0
18370	chr4	122891774	122892274	0
18371	chr4	129791187	129791687	0
18372	chr4	131880461	131880961	0
18375	chr4	141898428	141899058	0
18377	chr5	32849982	32850608	0
18378	chr5	34184101	34184601	0
18384	chr5	63837070	63837570	0
18385	chr5	72793070	72793570	0
18386	chr5	91946460	91947108	0
18387	chr5	121740219	121740719	0
18388	chr5	123230278	123230778	0
18389	chr5	123417253	123417753	0
18390	chr5	123487455	123487955	0
18391	chr5	135997418	135997918	0
18392	chr5	139208101	139208601	0
18394	chr6	22374396	22374896	0
18395	chr6	41062199	41062699	0
18396	chr6	47460375	47460875	0
18397	chr6	48837099	48837849	0
18399	chr6	67340173	67340673	0
18402	chr6	88785257	88785757	0
18403	chr6	100238062	100238562	0
18405	chr6	125510719	125511219	0
18406	chr6	129261358	129261858	0
18407	chr6	134094896	134095396	0
18408	chr6	142886867	142887367	0
18409	chr6	145020154	145020654	0
18410	chr6	146004131	146004631	0
18411	chr7	19558374	19558874	0
18412	chr7	58714577	58715077	0
18413	chr7	75489460	75489960	0
18414	chr7	78953900	78954400	0
18415	chr7	98563161	98563661	0
18416	chr7	98913773	98914273	0
18417	chr7	99532682	99533182	0
18418	chr7	110285958	110286458	0
18419	chr7	114454964	114455464	0
18421	chr7	125704665	125705165	0
18424	chr8	22877550	22878050	0
18425	chr8	35677434	35677934	0
18426	chr8	36140235	36140735	0
18427	chr8	61570719	61571219	0
18428	chr8	72133709	72134209	0
18429	chr8	81618023	81618523	0
18430	chr8	83914659	83915339	0
18431	chr8	84056305	84056805	0
18432	chr8	84239454	84239954	0
18433	chr8	106153370	106153870	0
18435	chr8	119553886	119554386	0
18436	chr8	123718963	123719463	0
18438	chr8	128589818	128590318	0
18442	chr9	14925111	14925611	0
18444	chr9	44718425	44718925	0
18445	chr9	45289873	45290373	0
18448	chr9	64563571	64564071	0
18449	chr9	66603578	66604078	0
18450	chr9	67814635	67815135	0
18451	chr9	69111873	69112373	0
18452	chr9	72106203	72106703	0
18453	chr9	77472107	77472607	0
18455	chr9	79809900	79810400	0
18456	chr9	80073647	80074147	0
18457	chr9	96858660	96859160	0
18458	chr9	96911722	96912222	0
18459	chr9	104409212	104409712	0
18461	chr9	117873201	117873701	0
18464	chr10	18967966	18968606	0
18465	chr10	22271702	22272202	0
18466	chr10	28541668	28542168	0
18468	chr10	40295756	40296452	0
18469	chr10	42510265	42510765	0
18470	chr10	53959152	53959652	0
18472	chr10	75365951	75366451	0
18474	chr10	111159674	111160174	0
18475	chr10	117111335	117111835	0
18476	chr10	117277495	117278143	0
18477	chr11	19955716	19956468	0
18478	chr11	26576310	26576810	0
18481	chr11	54058620	54059250	0
18482	chr11	54201888	54202388	0
18483	chr11	57689316	57689816	0
18485	chr11	75996147	75996647	0
18488	chr11	98878195	98878695	0
18489	chr11	100916279	100916779	0
18490	chr11	118461480	118461980	0
18492	chr12	25347753	25348253	0
18493	chr12	36077997	36078497	0
18494	chr12	73642544	73643044	0
18495	chr12	77124128	77124628	0
18496	chr12	83554759	83555259	0
18497	chr12	99469577	99470077	0
18499	chr12	107379888	107380388	0
18500	chr12	108173573	108174073	0
18502	chr12	116170422	116171050	0
18503	chr12	118220836	118221336	0
18504	chr13	24645264	24645764	0
18505	chr13	32997931	32998431	0
18507	chr13	37830863	37831363	0
18508	chr13	44794485	44794985	0
18509	chr13	91827027	91827527	0
18510	chr13	96555621	96556121	0
18511	chr13	109901096	109901596	0
18512	chr13	117260777	117261277	0
18513	chr14	19965666	19966290	0
18514	chr14	25505940	25506440	0
18515	chr14	27375049	27375549	0
18516	chr14	30429270	30429770	0
18517	chr14	53901275	53901775	0
18518	chr14	60049117	60049617	0
18519	chr14	70281436	70281936	0
18520	chr14	70992993	70993493	0
18523	chr15	5516400	5516900	0
18524	chr15	41914713	41915213	0
18525	chr15	55855193	55855693	0
18527	chr15	76219441	76219941	0
18529	chr15	81094548	81095048	0
18530	chr15	81603981	81604629	0
18532	chr15	86020060	86020560	0
18533	chr15	93094851	93095351	0
18534	chr15	97576797	97577297	0
18536	chr15	103268693	103269193	0
18537	chr16	5411775	5412275	0
18538	chr16	14365941	14366441	0
18541	chr16	89833557	89834181	0
18542	chr16	90489551	90490051	0
18543	chr16	91475094	91475594	0
18544	chr16	94631377	94631877	0
18545	chr16	97468242	97468742	0
18547	chr17	24116733	24117539	0
18549	chr17	30608909	30609409	0
18551	chr17	51885381	51885881	0
18552	chr17	73871170	73871670	0
18553	chr17	73970794	73971294	0
18554	chr18	4344620	4345120	0
18555	chr18	6468208	6468708	0
18557	chr18	34224013	34224513	0
18559	chr18	54300723	54301353	0
18560	chr18	55107202	55107702	0
18561	chr18	65369583	65370083	0
18562	chr18	65809330	65809830	0
18563	chr18	73642984	73643484	0
18564	chr18	74787257	74787757	0
18565	chr18	80179571	80180071	0
18566	chr19	9929251	9929751	0
18568	chr19	17264200	17264700	0
18570	chr19	40475914	40476578	0
18572	chr19	45628696	45629196	0
18573	chr19	53435952	53436452	0
18574	chrX	101329110	101329734	0
18579	chr1	52649360	52649860	0
18580	chr1	74296118	74296618	0
18581	chr1	86437471	86437971	0
18583	chr1	91337392	91337892	0
18584	chr1	92171951	92172451	0
18585	chr1	132265372	132265872	0
18586	chr1	134071251	134071751	0
18590	chr2	26783476	26783976	0
18591	chr2	27715316	27715816	0
18592	chr2	28144986	28145486	0
18594	chr2	45172800	45173426	0
18595	chr2	68429072	68429572	0
18596	chr2	103667724	103668224	0
18597	chr2	118486906	118487406	0
18598	chr2	129177167	129177667	0
18599	chr2	132646571	132647071	0
18601	chr2	179937536	179938036	0
18602	chr2	179958808	179959308	0
18605	chr4	45947900	45948400	0
18606	chr4	47775767	47776267	0
18608	chr4	132881032	132881662	0
18609	chr4	134036178	134036678	0
18610	chr4	134109707	134110207	0
18611	chr4	151152394	151152894	0
18615	chr5	35778687	35779187	0
18617	chr5	118045974	118046614	0
18618	chr5	118577865	118578365	0
18622	chr5	143423932	143424432	0
18623	chr6	90599316	90599816	0
18624	chr6	90743837	90744337	0
18625	chr6	137795620	137796120	0
18627	chr6	144270472	144270972	0
18628	chr7	24267362	24267862	0
18629	chr7	30607849	30608349	0
18630	chr7	45362592	45363092	0
18631	chr7	45770734	45771234	0
18632	chr7	66243081	66243581	0
18634	chr7	82234951	82235451	0
18637	chr7	132324024	132324682	0
18638	chr7	133711224	133711724	0
18639	chr7	138843820	138844320	0
18640	chr7	143287859	143288359	0
18643	chr8	72417303	72417803	0
18644	chr8	79059108	79059608	0
18646	chr8	83903827	83904521	0
18647	chr8	111964842	111965342	0
18650	chr9	44008981	44009481	0
18651	chr9	64703518	64704018	0
18653	chr9	77970075	77970575	0
18654	chr9	108793704	108794204	0
18655	chr9	112225188	112225688	0
18656	chr9	113857039	113857539	0
18659	chr9	118654634	118655134	0
18660	chr9	121398108	121398608	0
18662	chr10	19994715	19995215	0
18663	chr10	30635313	30635813	0
18664	chr10	42200342	42200978	0
18665	chr10	60367976	60368476	0
18666	chr10	61980853	61981353	0
18667	chr10	77517321	77517821	0
18668	chr10	78117202	78117702	0
18671	chr10	111181201	111181701	0
18672	chr10	111194412	111194912	0
18680	chr11	49764467	49764967	0
18681	chr11	53113266	53113766	0
18682	chr11	53821935	53822435	0
18683	chr11	77591246	77591746	0
18684	chr11	85230958	85231458	0
18685	chr11	99180784	99181284	0
18689	chr11	121725593	121726093	0
18690	chr12	8689200	8689700	0
18691	chr12	15986405	15986905	0
18692	chr12	17765074	17765574	0
18693	chr12	26268348	26268848	0
18694	chr12	73589856	73590488	0
18695	chr12	73850452	73850952	0
18696	chr12	75825442	75825942	0
18699	chr12	113466326	113466826	0
18702	chr13	52106432	52107074	0
18703	chr13	59745446	59745946	0
18705	chr13	97290819	97291319	0
18706	chr13	113603162	113603662	0
18707	chr14	20168580	20169080	0
18708	chr14	31440270	31440770	0
18710	chr14	66201098	66201598	0
18712	chr15	5777335	5777835	0
18713	chr15	27340147	27340777	0
18715	chr15	58163424	58163924	0
18716	chr15	67048381	67048881	0
18717	chr15	77876969	77877469	0
18718	chr15	98002102	98002602	0
18720	chr16	5375233	5375733	0
18721	chr16	14197587	14198223	0
18722	chr16	19854458	19855096	0
18723	chr16	24435011	24435511	0
18724	chr16	30036761	30037261	0
18725	chr16	45383326	45383826	0
18726	chr17	5558310	5558810	0
18727	chr17	7238970	7239470	0
18728	chr17	33778667	33779167	0
18729	chr17	33923259	33923925	0
18731	chr17	45766856	45767356	0
18732	chr17	50504247	50504747	0
18733	chr17	74532865	74533365	0
18734	chr17	83393657	83394157	0
18735	chr18	4292807	4293307	0
18737	chr19	5136715	5137215	0
18738	chr19	32169882	32170382	0
18740	chrX	11755463	11755963	0
18741	chrX	48480928	48481428	0
18742	chrX	77428387	77428887	0
18744	chrX	157484451	157484951	0
18745	chr1	9825787	9826287	0
18746	chr1	20913818	20914458	0
18747	chr1	36987057	36987557	0
18748	chr1	52823133	52823633	0
18750	chr1	91023562	91024062	0
18751	chr1	120207203	120207703	0
18753	chr1	127353259	127353759	0
18755	chr1	130999560	131000060	0
18756	chr1	134565211	134565711	0
18757	chr1	136707798	136708298	0
18758	chr1	151431562	151432062	0
18759	chr1	152896496	152896996	0
18760	chr1	164144364	164144864	0
18761	chr1	170212231	170212731	0
18764	chr2	27213458	27213958	0
18765	chr2	28145667	28146167	0
18766	chr2	29246482	29246982	0
18770	chr2	59748003	59748645	0
18771	chr2	65550090	65550590	0
18772	chr2	79247078	79247578	0
18776	chr2	93439947	93440447	0
18778	chr2	125014432	125014932	0
18779	chr2	132614273	132614773	0
18780	chr2	139732734	139733234	0
18781	chr2	154826869	154827369	0
18782	chr2	156442141	156442641	0
18783	chr2	156845838	156846338	0
18785	chr2	168189997	168190497	0
18786	chr2	174636847	174637347	0
18787	chr3	9195944	9196444	0
18790	chr3	58055533	58056033	0
18791	chr3	75544410	75544910	0
18793	chr3	81989905	81990405	0
18795	chr3	98033586	98034218	0
18796	chr3	100822810	100823310	0
18797	chr3	101150115	101150615	0
18798	chr3	104376497	104376997	0
18799	chr3	135621468	135621968	0
18800	chr4	8821397	8821897	0
18801	chr4	26340134	26340634	0
18802	chr4	32319021	32319657	0
18803	chr4	32961129	32961629	0
18804	chr4	34873639	34874139	0
18805	chr4	35136058	35136558	0
18806	chr4	46529764	46530264	0
18808	chr4	116563239	116563739	0
18809	chr4	116787680	116788180	0
18812	chr4	135266425	135267061	0
18814	chr4	143152258	143152758	0
18815	chr4	149618750	149619250	0
18816	chr5	3477407	3477907	0
18817	chr5	21517223	21517723	0
18818	chr5	24319826	24320326	0
18819	chr5	31288427	31288927	0
18820	chr5	32746853	32747353	0
18821	chr5	36528921	36529421	0
18823	chr5	67842096	67842596	0
18824	chr5	103435868	103436368	0
18826	chr5	111512036	111512664	0
18827	chr5	112082572	112083072	0
18828	chr5	118582123	118582623	0
18829	chr5	122179343	122179843	0
18830	chr5	131519057	131519557	0
18831	chr5	142414300	142414958	0
18832	chr5	144109520	144110020	0
18833	chr5	145118434	145118934	0
18835	chr6	57859642	57860142	0
18836	chr6	73267522	73268022	0
18837	chr6	90684213	90684883	0
18839	chr6	108313003	108313503	0
18840	chr6	122599660	122600160	0
18841	chr6	129599767	129600267	0
18842	chr6	134086558	134087242	0
18843	chr7	16207591	16208091	0
18844	chr7	16676825	16677325	0
18846	chr7	30045147	30045647	0
18847	chr7	46546100	46546600	0
18849	chr7	63887371	63887871	0
18850	chr7	65373591	65374221	0
18852	chr7	74538771	74539477	0
18854	chr7	81547437	81547937	0
18855	chr7	97339340	97339840	0
18856	chr7	98555350	98555850	0
18857	chr7	100859119	100859619	0
18858	chr7	106520219	106520719	0
18859	chr7	110063373	110063873	0
18860	chr7	125478166	125478666	0
18861	chr7	128104972	128105472	0
18862	chr7	132940737	132941237	0
18863	chr7	132942001	132942501	0
18864	chr7	133003218	133003718	0
18865	chr7	135557307	135557807	0
18866	chr8	3766297	3766797	0
18867	chr8	4496966	4497466	0
18868	chr8	12801479	12801979	0
18869	chr8	33797196	33797696	0
18870	chr8	33973581	33974081	0
18871	chr8	46928542	46929042	0
18872	chr8	72109730	72110230	0
18873	chr8	77209293	77209793	0
18874	chr8	108722956	108723456	0
18875	chr8	111297566	111298066	0
18876	chr8	116618716	116619216	0
18877	chr8	123191534	123192034	0
18878	chr9	13442067	13442567	0
18879	chr9	13716268	13716768	0
18880	chr9	14063166	14063666	0
18881	chr9	66492247	66492747	0
18882	chr9	71975314	71975940	0
18883	chr9	99090314	99090814	0
18884	chr9	110676649	110677287	0
18885	chr10	13382791	13383291	0
18886	chr10	17990323	17990823	0
18888	chr10	20316444	20316944	0
18890	chr10	78305846	78306346	0
18891	chr10	80094489	80094989	0
18893	chr10	85651434	85651934	0
18895	chr10	96540535	96541035	0
18896	chr10	98976852	98977352	0
18897	chr10	118466599	118467099	0
18898	chr11	5732803	5733303	0
18899	chr11	6130441	6130941	0
18900	chr11	21127691	21128191	0
18901	chr11	31747403	31747903	0
18902	chr11	32028808	32029308	0
18903	chr11	46120276	46120776	0
18904	chr11	52257590	52258090	0
18905	chr11	52365886	52366386	0
18906	chr11	54885495	54885995	0
18910	chr11	75841513	75842013	0
18912	chr11	86246958	86247458	0
18913	chr11	94313705	94314205	0
18915	chr11	110458397	110458897	0
18917	chr11	115702325	115702825	0
18919	chr11	117087890	117088390	0
18920	chr12	15979216	15979716	0
18921	chr12	28741006	28741506	0
18922	chr12	76859810	76860310	0
18924	chr12	102360743	102361243	0
18925	chr12	102607903	102608403	0
18926	chr13	13785556	13786056	0
18927	chr13	30041299	30041799	0
18928	chr13	30197096	30197596	0
18930	chr13	113047852	113048352	0
18931	chr14	30035339	30035839	0
18933	chr14	32168194	32168694	0
18934	chr14	52451940	52452440	0
18935	chr14	54435750	54436250	0
18936	chr14	62022146	62022646	0
18937	chr14	62990913	62991413	0
18938	chr14	66272494	66272994	0
18939	chr14	73041896	73042396	0
18940	chr14	73170141	73170641	0
18941	chr14	76825425	76825925	0
18942	chr15	25536438	25536938	0
18943	chr15	53128810	53129310	0
18944	chr15	61417256	61417756	0
18945	chr15	72852246	72852948	0
18946	chr15	79752222	79752722	0
18947	chr15	80834005	80834505	0
18950	chr15	101160810	101161310	0
18951	chr16	8727081	8727713	0
18952	chr16	10905405	10905905	0
18955	chr16	45004883	45005383	0
18956	chr16	49846917	49847417	0
18957	chr16	75917639	75918139	0
18959	chr17	29585523	29586023	0
18962	chr17	83901673	83902173	0
18963	chr17	84391040	84391540	0
18965	chr18	14678953	14679453	0
18966	chr18	32568876	32569376	0
18967	chr18	39558929	39559429	0
18968	chr18	44586146	44586646	0
18970	chr18	60731740	60732240	0
18973	chr18	89253911	89254411	0
18975	chr19	3561863	3562363	0
18976	chr19	6269732	6270232	0
18977	chr19	6855139	6855639	0
18978	chr19	7331178	7331678	0
18979	chr19	7471644	7472144	0
18980	chr19	9100850	9101350	0
18981	chr19	18590266	18590766	0
18982	chr19	18786927	18787427	0
18985	chrX	37128032	37128532	0
18987	chrX	52754623	52755123	0
18988	chrX	75108749	75109405	0
18989	chrX	77797536	77798190	0
18990	chrX	159672411	159672911	0
18991	chrX	167198696	167199342	0
18992	chr1	6224252	6224752	0
18993	chr1	34826365	34826865	0
18994	chr1	39487740	39488240	0
18995	chr1	54836821	54837321	0
18996	chr1	60485202	60485702	0
18997	chr1	64193952	64194452	0
18998	chr1	74368163	74368663	0
18999	chr1	84833344	84833844	0
19000	chr1	91083231	91083731	0
19001	chr1	92121838	92122338	0
19002	chr1	106228961	106229461	0
19003	chr1	128597801	128598301	0
19005	chr1	136688067	136688567	0
19006	chr1	136703823	136704323	0
19007	chr1	138384671	138385171	0
19009	chr1	159235878	159236378	0
19010	chr1	162748501	162749001	0
19011	chr1	165676709	165677209	0
19013	chr1	172046854	172047354	0
19014	chr2	4562301	4562801	0
19015	chr2	15065036	15065536	0
19017	chr2	27518487	27518987	0
19018	chr2	35239986	35240486	0
19019	chr2	35729025	35729525	0
19021	chr2	52390654	52391154	0
19022	chr2	58456705	58457205	0
19023	chr2	69128209	69128709	0
19024	chr2	85002644	85003310	0
19025	chr2	102392957	102393457	0
19026	chr2	103626717	103627217	0
19027	chr2	115667643	115668143	0
19028	chr2	154674951	154675451	0
19030	chr2	165793678	165794178	0
19031	chr2	166967097	166967597	0
19032	chr2	167585110	167585610	0
19033	chr2	173337370	173337998	0
19034	chr3	9247947	9248447	0
19035	chr3	9844222	9844722	0
19036	chr3	20307865	20308365	0
19037	chr3	28422057	28422557	0
19038	chr3	55440727	55441227	0
19039	chr3	86201505	86202005	0
19040	chr3	88966921	88967421	0
19043	chr3	89770463	89770963	0
19044	chr3	90614176	90614676	0
19045	chr3	97980511	97981011	0
19046	chr3	104752853	104753353	0
19047	chr3	109591366	109591866	0
19048	chr4	8770438	8770938	0
19049	chr4	33242820	33243320	0
19050	chr4	44938207	44938707	0
19052	chr4	88029146	88029646	0
19053	chr4	89092501	89093001	0
19054	chr4	95209483	95209983	0
19056	chr4	98281683	98282183	0
19058	chr4	130670748	130671248	0
19059	chr4	133153583	133154083	0
19060	chr4	139219572	139220198	0
19061	chr4	141714767	141715267	0
19062	chr4	143148422	143148922	0
19063	chr4	148069777	148070277	0
19064	chr4	150941071	150941571	0
19065	chr4	155083172	155083672	0
19066	chr5	29740855	29741355	0
19067	chr5	31514320	31514820	0
19069	chr5	54020143	54020643	0
19070	chr5	65487201	65487701	0
19071	chr5	65991430	65991930	0
19072	chr5	72175723	72176223	0
19073	chr5	105686087	105686587	0
19074	chr5	113664083	113664583	0
19076	chr5	122638681	122639181	0
19077	chr5	135990556	135991056	0
19079	chr5	140838244	140838744	0
19080	chr5	146787640	146788140	0
19081	chr5	151248611	151249111	0
19083	chr6	38202401	38202901	0
19084	chr6	38814562	38815062	0
19085	chr6	48567067	48567567	0
19086	chr6	48761924	48762424	0
19087	chr6	51729090	51729590	0
19088	chr6	53958375	53958875	0
19089	chr6	65603203	65603703	0
19090	chr6	67105153	67105653	0
19091	chr6	72878365	72878865	0
19093	chr6	95098274	95098774	0
19094	chr6	100253731	100254231	0
19095	chr6	112333913	112334413	0
19097	chr6	114887399	114887899	0
19099	chr6	130311860	130312360	0
19100	chr6	131277082	131277582	0
19101	chr6	134122998	134123498	0
19102	chr6	140441191	140441691	0
19103	chr6	146461139	146461639	0
19104	chr7	16246267	16246767	0
19105	chr7	19216882	19217382	0
19106	chr7	19804489	19804989	0
19107	chr7	25275844	25276344	0
19108	chr7	29431983	29432483	0
19109	chr7	42493957	42494457	0
19111	chr7	66128225	66128725	0
19112	chr7	68236547	68237047	0
19113	chr7	73518339	73518839	0
19114	chr7	75480250	75480750	0
19115	chr7	101066556	101067056	0
19116	chr7	110203561	110204061	0
19117	chr7	130184347	130184847	0
19118	chr7	132954040	132954540	0
19119	chr7	139406224	139406724	0
19120	chr8	4495809	4496309	0
19122	chr8	57593819	57594319	0
19123	chr8	61236537	61237037	0
19124	chr8	68121462	68122116	0
19126	chr8	70563958	70564458	0
19127	chr8	79225548	79226048	0
19128	chr8	83718395	83718895	0
19129	chr8	88210005	88210505	0
19130	chr8	91369545	91370045	0
19131	chr8	105642011	105642511	0
19132	chr8	105650725	105651225	0
19133	chr8	105687641	105688141	0
19134	chr8	108392756	108393256	0
19135	chr8	111255360	111255860	0
19137	chr8	116102215	116102715	0
19138	chr8	121568718	121569218	0
19139	chr8	121967880	121968380	0
19140	chr8	126655966	126656466	0
19141	chr8	126864832	126865332	0
19142	chr9	25484275	25484775	0
19143	chr9	31039316	31039816	0
19144	chr9	32607267	32607767	0
19145	chr9	37357296	37357796	0
19146	chr9	41086104	41086604	0
19147	chr9	42142074	42142574	0
19148	chr9	45254703	45255203	0
19149	chr9	46092380	46092880	0
19150	chr9	59462798	59463298	0
19151	chr9	61923904	61924404	0
19152	chr9	62944762	62945262	0
19153	chr9	63167159	63167659	0
19154	chr9	95834239	95834739	0
19156	chr9	114455469	114455969	0
19157	chr9	118759220	118759720	0
19158	chr9	119745756	119746256	0
19159	chr10	7731691	7732191	0
19160	chr10	12836746	12837246	0
19161	chr10	13055873	13056373	0
19162	chr10	13057001	13057501	0
19163	chr10	21027500	21028000	0
19166	chr10	70148501	70149001	0
19167	chr10	70152335	70152835	0
19168	chr10	77371831	77372331	0
19169	chr10	108182243	108182743	0
19170	chr10	116159305	116159805	0
19171	chr11	3394246	3394746	0
19172	chr11	23260714	23261214	0
19173	chr11	29384363	29384863	0
19174	chr11	46073244	46073744	0
19175	chr11	51551203	51551703	0
19176	chr11	55214006	55214506	0
19177	chr11	74531431	74532061	0
19178	chr11	77496262	77496762	0
19180	chr11	88605481	88605981	0
19182	chr11	95829457	95829957	0
19183	chr11	101700670	101701170	0
19184	chr11	103180841	103181341	0
19185	chr11	103320719	103321219	0
19186	chr11	104360198	104360698	0
19187	chr11	104420671	104421171	0
19188	chr11	119142050	119142550	0
19189	chr11	121530089	121530589	0
19190	chr12	17713775	17714275	0
19192	chr12	26086828	26087328	0
19193	chr12	34906403	34906903	0
19194	chr12	73446407	73446907	0
19198	chr12	83594457	83594957	0
19199	chr12	85121514	85122014	0
19200	chr12	98452355	98452855	0
19201	chr12	102337427	102337927	0
19203	chr12	111143160	111143660	0
19206	chr13	9190954	9191454	0
19207	chr13	29760317	29760817	0
19208	chr13	35811493	35811993	0
19209	chr13	38933211	38933711	0
19210	chr13	44637973	44638473	0
19211	chr13	46344455	46344955	0
19213	chr13	52023766	52024266	0
19214	chr13	52893512	52894012	0
19215	chr13	55359660	55360160	0
19217	chr13	95533927	95534427	0
19219	chr13	99093284	99093784	0
19220	chr13	111249518	111250018	0
19221	chr13	112395977	112396477	0
19222	chr13	112422047	112422547	0
19223	chr14	21757131	21757631	0
19224	chr14	25156179	25156679	0
19225	chr14	25485603	25486237	0
19226	chr14	27427061	27427561	0
19227	chr14	31596639	31597139	0
19228	chr14	47077241	47077741	0
19229	chr14	50938614	50939114	0
19231	chr14	61691479	61691979	0
19232	chr15	27760877	27761377	0
19233	chr15	30977232	30977862	0
19234	chr15	57935722	57936222	0
19235	chr15	88754504	88755004	0
19236	chr15	97717765	97718265	0
19237	chr15	100897934	100898434	0
19238	chr16	4161158	4161658	0
19239	chr16	4162191	4162691	0
19240	chr16	4961772	4962272	0
19241	chr16	11091651	11092151	0
19244	chr16	30673476	30673976	0
19245	chr16	31196624	31197124	0
19246	chr16	32072961	32073461	0
19247	chr16	32170987	32171487	0
19248	chr16	44312726	44313226	0
19249	chr16	55946815	55947315	0
19250	chr16	64988031	64988531	0
19251	chr16	91449574	91450074	0
19252	chr16	91527453	91527953	0
19253	chr16	93042906	93043406	0
19254	chr16	95619351	95619851	0
19255	chr16	95707880	95708380	0
19257	chr17	29464973	29465473	0
19258	chr17	30348797	30349297	0
19259	chr17	32317757	32318257	0
19260	chr17	45692264	45692764	0
19261	chr17	48739020	48739520	0
19262	chr17	49432367	49432867	0
19263	chr17	50330205	50330705	0
19264	chr17	56580104	56580604	0
19265	chr17	57110868	57111368	0
19266	chr17	66058768	66059268	0
19267	chr17	80477106	80477606	0
19268	chr17	83378557	83379057	0
19269	chr17	84018601	84019101	0
19270	chr17	84965331	84965831	0
19271	chr18	4337666	4338166	0
19272	chr18	5687117	5687617	0
19273	chr18	11974890	11975390	0
19274	chr18	15205254	15205754	0
19275	chr18	36483195	36483695	0
19276	chr18	38713607	38714107	0
19277	chr18	39448933	39449433	0
19279	chr18	56575692	56576322	0
19280	chr18	66436633	66437277	0
19281	chr18	78132508	78133008	0
19283	chr19	11376465	11376965	0
19284	chr19	29441159	29441659	0
19286	chr19	36413424	36413924	0
19289	chr19	53152517	53153017	0
19290	chr19	56817797	56818297	0
19291	chr19	60946374	60946874	0
19292	chrX	7965805	7966305	0
19294	chrX	50932602	50933102	0
19295	chrX	57311692	57312192	0
19296	chrX	75059081	75059581	0
19297	chrX	77515120	77515620	0
19299	chrX	77581739	77582239	0
19300	chrX	94786606	94787106	0
19302	chrX	105913323	105913997	0
19305	chrX	159702897	159703397	0
19306	chr1	13599100	13599600	0
19307	chr1	23896268	23896768	0
19308	chr1	30849188	30849688	0
19309	chr1	36888473	36888973	0
19310	chr1	36894008	36894508	0
19311	chr1	37497415	37497915	0
19312	chr1	43545208	43545708	0
19313	chr1	46892810	46893310	0
19314	chr1	52224810	52225310	0
19315	chr1	58734872	58735372	0
19317	chr1	85762153	85762653	0
19318	chr1	91088750	91089250	0
19319	chr1	127210380	127210880	0
19320	chr1	131761221	131761721	0
19321	chr1	132030400	132030900	0
19322	chr1	134563410	134563910	0
19323	chr1	135740104	135740604	0
19325	chr1	138956849	138957349	0
19326	chr1	152746420	152746920	0
19327	chr1	156066182	156066682	0
19328	chr1	165666940	165667440	0
19329	chr1	170338146	170338646	0
19330	chr1	180426055	180426555	0
19331	chr1	189618656	189619156	0
19333	chr1	191660668	191661168	0
19334	chr2	4887487	4887987	0
19336	chr2	26505527	26506027	0
19338	chr2	32772230	32772730	0
19339	chr2	33169426	33169926	0
19340	chr2	35529865	35530365	0
19343	chr2	68824424	68824924	0
19344	chr2	73203724	73204224	0
19345	chr2	90533706	90534206	0
19346	chr2	101780519	101781019	0
19348	chr2	103965549	103966049	0
19350	chr2	118512672	118513172	0
19352	chr2	143081785	143082285	0
19353	chr2	148689819	148690319	0
19354	chr2	152232931	152233431	0
19355	chr2	152780283	152780783	0
19357	chr2	154577043	154577543	0
19358	chr2	155685300	155685800	0
19359	chr2	156316757	156317257	0
19360	chr2	160361699	160362199	0
19361	chr2	162999093	162999593	0
19362	chr2	164010102	164010602	0
19363	chr2	164895590	164896090	0
19364	chr2	166689323	166689823	0
19365	chr2	170514465	170514965	0
19366	chr2	180734766	180735266	0
19367	chr3	9454971	9455471	0
19368	chr3	19277499	19277999	0
19370	chr3	28807318	28807818	0
19371	chr3	32660522	32661022	0
19372	chr3	38854012	38854512	0
19373	chr3	51210491	51210991	0
19374	chr3	55816718	55817364	0
19375	chr3	65985226	65985726	0
19376	chr3	83706835	83707335	0
19377	chr3	84014330	84014830	0
19378	chr3	84715819	84716319	0
19379	chr3	88447705	88448205	0
19380	chr3	88500364	88500864	0
19381	chr3	95689747	95690247	0
19382	chr3	101046612	101047112	0
19384	chr3	106457522	106458022	0
19385	chr3	107312587	107313087	0
19386	chr3	109046029	109046529	0
19387	chr3	109439593	109440093	0
19389	chr3	137795261	137795761	0
19390	chr3	144697481	144697981	0
19391	chr3	145742391	145742891	0
19392	chr3	149163469	149163969	0
19393	chr3	153276832	153277332	0
19394	chr4	8923287	8923787	0
19395	chr4	24610327	24610827	0
19397	chr4	34557865	34558365	0
19398	chr4	44906138	44906638	0
19399	chr4	46447842	46448342	0
19400	chr4	54853451	54853951	0
19401	chr4	59941029	59941529	0
19402	chr4	63971042	63971542	0
19404	chr4	106983876	106984376	0
19405	chr4	125960420	125960920	0
19406	chr4	129063275	129063775	0
19407	chr4	130687258	130687758	0
19408	chr4	132729596	132730096	0
19409	chr4	135118630	135119130	0
19411	chr4	136184791	136185437	0
19412	chr4	137188939	137189439	0
19413	chr4	139216363	139216863	0
19414	chr4	139308435	139308935	0
19415	chr4	141151721	141152221	0
19417	chr4	149709186	149709686	0
19418	chr4	150339287	150339787	0
19419	chr4	150601743	150602243	0
19420	chr4	154762491	154762991	0
19421	chr4	156193979	156194479	0
19422	chr5	3347122	3347622	0
19425	chr5	36368888	36369388	0
19426	chr5	57841635	57842135	0
19427	chr5	64238602	64239102	0
19428	chr5	65089386	65089886	0
19429	chr5	65505495	65505995	0
19430	chr5	65560670	65561170	0
19431	chr5	72630510	72631010	0
19432	chr5	72926672	72927172	0
19433	chr5	77487378	77487878	0
19435	chr5	96171552	96172052	0
19436	chr5	99221463	99221963	0
19437	chr5	113945221	113945721	0
19438	chr5	115726252	115726752	0
19439	chr5	121823390	121823890	0
19440	chr5	122184814	122185314	0
19441	chr5	127621132	127621632	0
19442	chr5	140266938	140267438	0
19443	chr5	140945569	140946069	0
19445	chr5	143521863	143522363	0
19446	chr5	148534084	148534584	0
19447	chr6	28867117	28867617	0
19448	chr6	31208278	31208778	0
19449	chr6	37481446	37481946	0
19450	chr6	37735686	37736186	0
19451	chr6	38557629	38558129	0
19452	chr6	40433039	40433539	0
19453	chr6	41271679	41272179	0
19454	chr6	50519961	50520461	0
19455	chr6	54833118	54833618	0
19456	chr6	56896743	56897243	0
19457	chr6	85248132	85248632	0
19458	chr6	90586594	90587094	0
19459	chr6	94670005	94670505	0
19460	chr6	97246301	97246801	0
19461	chr6	99217745	99218245	0
19462	chr6	99253049	99253549	0
19463	chr6	99811865	99812365	0
19464	chr6	100278973	100279473	0
19465	chr6	108468852	108469352	0
19466	chr6	108592986	108593486	0
19467	chr6	108599780	108600280	0
19468	chr6	114857362	114857862	0
19469	chr6	114880403	114880903	0
19470	chr6	120052419	120052919	0
19471	chr6	120151310	120151810	0
19472	chr6	121070142	121070642	0
19473	chr6	121222951	121223451	0
19474	chr6	129217923	129218423	0
19475	chr6	129746101	129746601	0
19476	chr6	134236324	134236824	0
19478	chr6	143842281	143842781	0
19479	chr6	149328656	149329156	0
19480	chr7	6146425	6146925	0
19481	chr7	16668213	16668713	0
19482	chr7	24394359	24394859	0
19483	chr7	35247680	35248180	0
19484	chr7	45537710	45538210	0
19485	chr7	67365510	67366010	0
19486	chr7	68758612	68759112	0
19487	chr7	74522231	74522731	0
19488	chr7	75583573	75584073	0
19489	chr7	80770631	80771131	0
19490	chr7	81048537	81049037	0
19491	chr7	84683593	84684093	0
19492	chr7	89711680	89712180	0
19493	chr7	90455264	90455764	0
19494	chr7	99967558	99968058	0
19495	chr7	101058387	101058887	0
19496	chr7	101365259	101365759	0
19497	chr7	104459467	104459967	0
19498	chr7	106490998	106491498	0
19499	chr7	107609587	107610087	0
19500	chr7	114321447	114321947	0
19501	chr7	114444452	114444952	0
19502	chr7	125496857	125497357	0
19504	chr7	132568285	132568785	0
19505	chr7	142069037	142069537	0
19506	chr7	143596692	143597192	0
19507	chr7	144526337	144526837	0
19508	chr7	145281418	145281918	0
19509	chr8	3266094	3266594	0
19510	chr8	10367630	10368130	0
19511	chr8	14891874	14892374	0
19512	chr8	26717535	26718035	0
19513	chr8	35621979	35622479	0
19514	chr8	60979169	60979669	0
19515	chr8	69955537	69956037	0
19517	chr8	81799802	81800302	0
19518	chr8	83905749	83906249	0
19519	chr8	84002776	84003276	0
19520	chr8	85509578	85510078	0
19521	chr8	86838648	86839148	0
19522	chr8	86890998	86891498	0
19523	chr8	88567473	88567973	0
19524	chr8	107421944	107422444	0
19525	chr8	110989885	110990385	0
19526	chr8	116314373	116314873	0
19527	chr8	117859738	117860238	0
19528	chr8	119792233	119792733	0
19529	chr8	121170725	121171225	0
19530	chr8	121247920	121248420	0
19531	chr8	126638802	126639302	0
19532	chr9	7336522	7337022	0
19533	chr9	20793888	20794388	0
19535	chr9	25260723	25261223	0
19536	chr9	32901186	32901686	0
19537	chr9	40505276	40505776	0
19538	chr9	44436782	44437282	0
19539	chr9	48389696	48390196	0
19540	chr9	49508010	49508510	0
19541	chr9	55102075	55102575	0
19542	chr9	56045085	56045585	0
19543	chr9	57912803	57913303	0
19544	chr9	61589993	61590493	0
19545	chr9	65492950	65493450	0
19546	chr9	65547157	65547657	0
19547	chr9	66340440	66340940	0
19548	chr9	69028904	69029404	0
19549	chr9	72545844	72546344	0
19550	chr9	78106177	78106677	0
19551	chr9	85689118	85689618	0
19552	chr9	92565962	92566462	0
19553	chr9	94674614	94675114	0
19554	chr9	96863828	96864328	0
19555	chr9	100494058	100494558	0
19556	chr9	114745127	114745627	0
19557	chr9	119974613	119975113	0
19558	chr9	122184732	122185232	0
19559	chr10	8131915	8132415	0
19560	chr10	14321371	14321871	0
19561	chr10	18988658	18989158	0
19562	chr10	20119593	20120093	0
19563	chr10	21228818	21229318	0
19564	chr10	39295539	39296039	0
19565	chr10	39432475	39432975	0
19566	chr10	42207563	42208063	0
19567	chr10	66927687	66928187	0
19568	chr10	80942848	80943348	0
19569	chr10	96115282	96115782	0
19570	chr10	111509303	111509803	0
19571	chr10	115394447	115394947	0
19572	chr10	120071717	120072217	0
19573	chr10	128045137	128045637	0
19574	chr11	4457979	4458479	0
19575	chr11	5736614	5737114	0
19577	chr11	26128556	26129056	0
19578	chr11	48899034	48899534	0
19579	chr11	49461422	49461922	0
19580	chr11	52333944	52334444	0
19581	chr11	53053555	53054055	0
19582	chr11	54618888	54619388	0
19584	chr11	64058820	64059320	0
19585	chr11	68969592	68970092	0
19586	chr11	71015815	71016315	0
19587	chr11	75644149	75644649	0
19588	chr11	75849558	75850058	0
19589	chr11	78598914	78599414	0
19590	chr11	79050874	79051374	0
19591	chr11	79068951	79069451	0
19592	chr11	85228443	85228943	0
19593	chr11	88586325	88586825	0
19594	chr11	89089929	89090429	0
19595	chr11	90348309	90348809	0
19597	chr11	98534386	98534886	0
19598	chr11	103810926	103811426	0
19599	chr11	115836333	115836833	0
19600	chr11	116133068	116133568	0
19601	chr11	117476248	117476748	0
19602	chr11	118195469	118195969	0
19603	chr11	118258435	118258935	0
19604	chr11	119924804	119925304	0
19605	chr12	11302333	11302833	0
19607	chr12	24723907	24724407	0
19608	chr12	33202019	33202519	0
19609	chr12	34681004	34681504	0
19610	chr12	54198006	54198506	0
19611	chr12	54268588	54269088	0
19612	chr12	64971116	64971616	0
19613	chr12	73327523	73328023	0
19614	chr12	76649963	76650463	0
19615	chr12	76848099	76848599	0
19616	chr12	85563354	85563854	0
19617	chr12	90236230	90236730	0
19618	chr12	99264107	99264607	0
19619	chr12	100636084	100636584	0
19620	chr12	102760163	102760663	0
19621	chr12	107917309	107917809	0
19622	chr12	108041766	108042266	0
19623	chr12	110199609	110200109	0
19624	chr12	111158195	111158695	0
19625	chr12	111187148	111187648	0
19628	chr12	116306525	116307025	0
19629	chr13	4771589	4772089	0
19630	chr13	5789716	5790216	0
19631	chr13	24561785	24562285	0
19632	chr13	29659723	29660223	0
19633	chr13	30612266	30612766	0
19634	chr13	30911590	30912090	0
19635	chr13	37990978	37991478	0
19637	chr13	43246990	43247490	0
19638	chr13	44773025	44773525	0
19639	chr13	45153912	45154412	0
19640	chr13	49364760	49365260	0
19641	chr13	51957325	51957825	0
19642	chr13	53363595	53364095	0
19643	chr13	54237040	54237540	0
19644	chr13	56400313	56400813	0
19645	chr13	60603620	60604120	0
19647	chr13	63479641	63480141	0
19648	chr13	97551137	97551637	0
19649	chr13	97792309	97792809	0
19650	chr13	101528480	101528980	0
19652	chr13	113855049	113855549	0
19653	chr13	114165648	114166148	0
19654	chr14	14699258	14699758	0
19655	chr14	20731221	20731721	0
19656	chr14	30637571	30638071	0
19657	chr14	32583091	32583591	0
19658	chr14	45005846	45006346	0
19659	chr14	47114640	47115140	0
19660	chr14	47279851	47280351	0
19661	chr14	47652221	47652721	0
19662	chr14	47654968	47655468	0
19663	chr14	52428765	52429265	0
19664	chr14	55945767	55946267	0
19665	chr14	57205036	57205536	0
19666	chr14	62862653	62863153	0
19667	chr14	69995041	69995541	0
19668	chr14	70011256	70011756	0
19669	chr14	70035507	70036007	0
19670	chr14	70051945	70052445	0
19671	chr14	73558392	73558892	0
19672	chr14	78299041	78299541	0
19673	chr14	87044110	87044610	0
19674	chr14	102943216	102943716	0
19675	chr14	103362513	103363013	0
19676	chr14	105269185	105269685	0
19677	chr14	122120383	122120883	0
19678	chr15	5157735	5158235	0
19679	chr15	8415215	8415715	0
19680	chr15	12502275	12502775	0
19681	chr15	36818752	36819252	0
19682	chr15	37137760	37138260	0
19684	chr15	59540977	59541477	0
19685	chr15	59693360	59693860	0
19686	chr15	59731394	59731894	0
19687	chr15	60105109	60105609	0
19689	chr15	62160278	62160778	0
19690	chr15	62191012	62191644	0
19691	chr15	62264657	62265157	0
19692	chr15	66468928	66469428	0
19693	chr15	67117294	67117794	0
19694	chr15	67180315	67180815	0
19695	chr15	67430739	67431239	0
19696	chr15	74668340	74668840	0
19697	chr15	74964635	74965135	0
19698	chr15	75022777	75023277	0
19699	chr15	77880767	77881267	0
19700	chr15	80497695	80498195	0
19701	chr15	83026681	83027181	0
19702	chr15	83447777	83448277	0
19703	chr15	84983730	84984230	0
19704	chr15	86000045	86000545	0
19705	chr15	99976764	99977264	0
19706	chr15	100714891	100715391	0
19707	chr16	4182415	4182915	0
19708	chr16	4413936	4414436	0
19709	chr16	5366377	5366877	0
19710	chr16	10427672	10428172	0
19711	chr16	11503452	11503952	0
19712	chr16	18628353	18628853	0
19713	chr16	22358664	22359164	0
19714	chr16	23231958	23232458	0
19715	chr16	31015376	31015876	0
19716	chr16	33456132	33456632	0
19717	chr16	38760357	38760857	0
19718	chr16	45403093	45403593	0
19719	chr16	52047434	52047934	0
19720	chr16	57393037	57393537	0
19721	chr16	76351839	76352339	0
19722	chr16	84698660	84699160	0
19723	chr16	95700117	95700617	0
19724	chr17	8560922	8561422	0
19725	chr17	11158257	11158757	0
19726	chr17	24130954	24131454	0
19728	chr17	24674255	24674755	0
19729	chr17	24901501	24902001	0
19730	chr17	25990311	25990811	0
19731	chr17	26132886	26133386	0
19732	chr17	27318132	27318632	0
19733	chr17	28506138	28506638	0
19734	chr17	29165879	29166379	0
19735	chr17	30214448	30214948	0
19736	chr17	32243550	32244050	0
19737	chr17	33456036	33456536	0
19738	chr17	34292884	34293384	0
19739	chr17	35575301	35575801	0
19740	chr17	42856009	42856509	0
19741	chr17	43261684	43262184	0
19742	chr17	44661920	44662420	0
19743	chr17	47463192	47463692	0
19744	chr17	47765147	47765647	0
19745	chr17	49996975	49997475	0
19746	chr17	50551596	50552096	0
19747	chr17	52484934	52485434	0
19748	chr17	52593378	52593878	0
19749	chr17	65944384	65944884	0
19750	chr17	87203206	87203706	0
19751	chr17	87351597	87352097	0
19752	chr18	23845594	23846094	0
19753	chr18	32643550	32644050	0
19754	chr18	38409611	38410111	0
19755	chr18	39094851	39095351	0
19756	chr18	49323089	49323589	0
19757	chr18	55196991	55197491	0
19758	chr18	58668887	58669387	0
19760	chr18	61056976	61057476	0
19761	chr18	74270595	74271095	0
19762	chr18	75210304	75210804	0
19763	chr18	78152215	78152715	0
19765	chr18	84870785	84871285	0
19766	chr18	89257812	89258312	0
19767	chr19	5814404	5814904	0
19768	chr19	8803589	8804089	0
19769	chr19	20330261	20330761	0
19770	chr19	28967000	28967500	0
19771	chr19	29244660	29245160	0
19772	chr19	36314134	36314634	0
19773	chr19	41517867	41518367	0
19775	chr19	43646942	43647442	0
19776	chr19	45855106	45855606	0
19777	chr19	46487532	46488032	0
19778	chr19	47455549	47456049	0
19779	chr19	53284204	53284704	0
19780	chr19	58112335	58112835	0
19781	chrX	19154115	19154615	0
19782	chrX	36390335	36390971	0
19783	chrX	38179683	38180183	0
19784	chrX	48436764	48437264	0
19785	chrX	50594369	50594869	0
19786	chrX	57191817	57192317	0
19787	chrX	57335674	57336174	0
19788	chrX	73051040	73051540	0
19789	chrX	77437558	77438058	0
19790	chrX	101369519	101370019	0
19791	chrX	107261121	107261621	0
19793	chrX	142439192	142439692	0
19794	chrX	167032755	167033255	0
19795	chrX	167038993	167039493	0
19796	chrX	167132244	167132744	0
19797	chrX	167148515	167149015	0
19798	chr1	36136515	36137015	0
19799	chr1	38001497	38001997	0
19800	chr1	43593040	43593540	0
19801	chr1	54805546	54806046	0
19802	chr1	82150444	82150944	0
19803	chr1	92807643	92808143	0
19804	chr1	131855108	131855608	0
19805	chr1	132028510	132029010	0
19806	chr1	172302077	172302577	0
19807	chr1	173905599	173906099	0
19808	chr2	11394521	11395021	0
19809	chr2	11529445	11529945	0
19810	chr2	17668302	17668802	0
19811	chr2	33570388	33570888	0
19812	chr2	38591920	38592420	0
19813	chr2	75101671	75102171	0
19815	chr2	93758818	93759318	0
19816	chr2	101621503	101622003	0
19817	chr2	104387604	104388104	0
19818	chr2	104466667	104467167	0
19819	chr2	112217528	112218028	0
19820	chr2	119240271	119240771	0
19821	chr2	119676962	119677462	0
19822	chr2	124612019	124612519	0
19823	chr2	126710899	126711399	0
19825	chr2	150111043	150111543	0
19826	chr2	160607069	160607569	0
19828	chr2	163859415	163859915	0
19829	chr2	173441066	173441566	0
19830	chr3	21983530	21984030	0
19831	chr3	55741479	55741979	0
19832	chr3	58551719	58552219	0
19833	chr3	75684045	75684545	0
19834	chr3	86275779	86276279	0
19835	chr3	89881205	89881705	0
19836	chr3	95635836	95636336	0
19837	chr3	97972808	97973308	0
19838	chr3	101016662	101017162	0
19839	chr3	101240433	101240933	0
19840	chr3	105077678	105078178	0
19841	chr3	106879687	106880187	0
19842	chr3	107616793	107617293	0
19843	chr3	123383401	123383901	0
19844	chr3	126648307	126648807	0
19845	chr3	127914461	127914961	0
19846	chr3	136940373	136940873	0
19847	chr4	6369991	6370491	0
19848	chr4	11660505	11661005	0
19850	chr4	31971599	31972099	0
19851	chr4	47186195	47186695	0
19852	chr4	47359851	47360351	0
19853	chr4	82360419	82360919	0
19854	chr4	131882218	131882718	0
19855	chr4	135819859	135820359	0
19856	chr4	136560541	136561041	0
19857	chr4	150324675	150325175	0
19858	chr4	150933521	150934021	0
19859	chr4	152195480	152195980	0
19860	chr5	24832124	24832624	0
19861	chr5	28329047	28329547	0
19862	chr5	29683855	29684355	0
19863	chr5	36158683	36159183	0
19864	chr5	36690796	36691296	0
19865	chr5	54040672	54041172	0
19866	chr5	74528605	74529105	0
19867	chr5	90353697	90354197	0
19868	chr5	105557574	105558074	0
19869	chr5	115127165	115127665	0
19870	chr5	140588808	140589308	0
19871	chr5	143628633	143629133	0
19872	chr5	147277858	147278358	0
19873	chr5	147511312	147511812	0
19874	chr5	149160913	149161413	0
19875	chr6	31490424	31490924	0
19876	chr6	34716707	34717207	0
19877	chr6	52595288	52595788	0
19878	chr6	98997426	98997926	0
19879	chr6	112575291	112575791	0
19880	chr6	115440952	115441452	0
19881	chr6	122879540	122880040	0
19882	chr6	124709059	124709559	0
19883	chr6	125474863	125475363	0
19884	chr6	126769603	126770103	0
19885	chr7	3366570	3367070	0
19886	chr7	16610146	16610646	0
19887	chr7	18882054	18882554	0
19888	chr7	25211721	25212221	0
19890	chr7	29273587	29274087	0
19891	chr7	30241875	30242375	0
19892	chr7	63948057	63948557	0
19893	chr7	64046672	64047172	0
19894	chr7	83881414	83881914	0
19895	chr7	99130141	99130641	0
19896	chr7	106639134	106639634	0
19897	chr7	126187344	126187844	0
19898	chr7	132749530	132750030	0
19899	chr7	139451420	139451920	0
19900	chr7	140989773	140990273	0
19901	chr7	141579983	141580483	0
19903	chr8	46839166	46839666	0
19904	chr8	53641486	53641986	0
19905	chr8	83775465	83775965	0
19906	chr8	85557350	85557850	0
19907	chr8	95879299	95879799	0
19908	chr8	113970867	113971367	0
19909	chr8	115022819	115023319	0
19910	chr8	119824366	119824866	0
19911	chr8	120131151	120131651	0
19912	chr8	120427442	120427942	0
19914	chr8	124903768	124904268	0
19915	chr8	125044628	125045128	0
19916	chr9	4318909	4319409	0
19917	chr9	20490191	20490691	0
19918	chr9	43102213	43102713	0
19919	chr9	45216661	45217161	0
19920	chr9	54623982	54624482	0
19921	chr9	56265826	56266326	0
19922	chr9	60984646	60985146	0
19923	chr9	63895750	63896250	0
19924	chr9	65412459	65412959	0
19925	chr9	67404287	67404787	0
19926	chr9	96375794	96376294	0
19927	chr9	108108439	108108939	0
19928	chr9	108589056	108589556	0
19929	chr9	118103909	118104409	0
19930	chr9	121309648	121310148	0
19931	chr9	123594994	123595494	0
19932	chr10	7939961	7940461	0
19933	chr10	13470434	13470934	0
19934	chr10	19811731	19812231	0
19935	chr10	40363346	40363846	0
19936	chr10	42196163	42196663	0
19937	chr10	52378460	52378960	0
19938	chr10	67890938	67891438	0
19939	chr10	78429806	78430306	0
19940	chr10	84896027	84896527	0
19941	chr10	95767016	95767516	0
19942	chr10	111034138	111034638	0
19943	chr10	121824798	121825298	0
19944	chr11	4782999	4783499	0
19946	chr11	51107009	51107509	0
19947	chr11	55220737	55221237	0
19948	chr11	63220589	63221089	0
19949	chr11	64086129	64086629	0
19950	chr11	73113087	73113587	0
19951	chr11	74019865	74020365	0
19952	chr11	98770615	98771115	0
19953	chr11	99081409	99081909	0
19954	chr11	116809409	116809909	0
19955	chr11	119428020	119428520	0
19956	chr12	4157883	4158383	0
19957	chr12	21084976	21085476	0
19958	chr12	35418434	35418934	0
19959	chr12	36469376	36469876	0
19960	chr12	55083196	55083696	0
19961	chr12	59053483	59053983	0
19962	chr12	69255016	69255516	0
19963	chr12	75537918	75538418	0
19964	chr12	78853356	78853856	0
19965	chr12	80123664	80124164	0
19966	chr12	100319633	100320133	0
19967	chr12	105007273	105007773	0
19968	chr12	105791648	105792148	0
19969	chr12	110512703	110513203	0
19970	chr12	113221075	113221575	0
19971	chr13	28742041	28742541	0
19972	chr13	34991392	34991892	0
19974	chr13	46975000	46975500	0
19975	chr13	93186507	93187007	0
19976	chr13	104684845	104685345	0
19977	chr13	112944585	112945085	0
19979	chr14	15984778	15985278	0
19980	chr14	18303139	18303639	0
19981	chr14	27261275	27261775	0
19982	chr14	32011824	32012324	0
19983	chr14	53902676	53903176	0
19984	chr14	53956465	53956965	0
19985	chr14	61948541	61949041	0
19986	chr14	76741280	76741780	0
19987	chr14	115177456	115177956	0
19988	chr14	121722999	121723499	0
19989	chr15	9531474	9531974	0
19990	chr15	38195510	38196010	0
19991	chr15	58656315	58656815	0
19993	chr15	81106956	81107456	0
19995	chr15	102251724	102252224	0
19996	chr16	24452188	24452688	0
19997	chr16	29847988	29848488	0
19998	chr16	30741553	30742053	0
19999	chr16	30934849	30935349	0
20000	chr16	33059856	33060356	0
20001	chr16	33607560	33608060	0
20002	chr16	43520906	43521406	0
20003	chr16	58509369	58509869	0
20004	chr16	76324998	76325498	0
20005	chr16	77022281	77022781	0
20006	chr17	4297151	4297651	0
20008	chr17	26971014	26971514	0
20009	chr17	32067262	32067762	0
20010	chr17	32108981	32109481	0
20011	chr17	32894759	32895259	0
20012	chr17	33635715	33636215	0
20013	chr17	35755285	35755785	0
20014	chr17	45783979	45784479	0
20015	chr17	46156259	46156759	0
20016	chr17	50083724	50084224	0
20017	chr17	51502835	51503335	0
20018	chr17	80556396	80556896	0
20019	chr18	4310850	4311350	0
20020	chr18	4570373	4570873	0
20021	chr18	6513074	6513574	0
20022	chr18	36452871	36453371	0
20023	chr18	53415877	53416377	0
20024	chr18	53904598	53905098	0
20025	chr18	56464661	56465161	0
20026	chr18	67573683	67574183	0
20027	chr18	69735973	69736473	0
20028	chr18	89158258	89158758	0
20029	chr19	21640830	21641330	0
20030	chr19	32848268	32848768	0
20031	chr19	40375833	40376333	0
20032	chr19	41493474	41493974	0
20033	chr19	42177279	42177779	0
20034	chr19	55555886	55556386	0
20035	chr19	56765603	56766103	0
20037	chrX	9995806	9996306	0
20038	chrX	37141534	37142034	0
20039	chrX	42194515	42195015	0
20040	chrX	71226770	71227270	0
20041	chrX	74370808	74371308	0
20042	chrX	101433296	101433796	0
20043	chrX	104375775	104376275	0
20044	chrX	107223516	107224016	0
20045	chrX	130432932	130433432	0
20046	chrX	159535462	159535962	0
20047	chr1	37031448	37031948	0
20048	chr1	37326912	37327412	0
20049	chr1	43101033	43101533	0
20050	chr1	53900059	53900559	0
20051	chr1	59314316	59314816	0
20052	chr1	65231956	65232456	0
20053	chr1	74582740	74583240	0
20054	chr1	91409518	91410018	0
20055	chr1	105660456	105660956	0
20056	chr1	138542556	138543056	0
20057	chr1	161790043	161790543	0
20058	chr2	26736445	26736945	0
20059	chr2	28955377	28955877	0
20060	chr2	35173760	35174260	0
20061	chr2	91980226	91980726	0
20062	chr2	94143469	94143969	0
20063	chr2	102394656	102395156	0
20064	chr2	112834329	112834829	0
20065	chr2	126464897	126465397	0
20066	chr2	150874927	150875427	0
20067	chr2	165207893	165208393	0
20068	chr2	165232938	165233438	0
20069	chr2	165271014	165271514	0
20070	chr2	166640928	166641428	0
20071	chr3	10260617	10261117	0
20072	chr3	31016498	31016998	0
20073	chr3	31055318	31055818	0
20074	chr3	37603676	37604176	0
20076	chr3	87901005	87901505	0
20077	chr3	88109333	88109833	0
20078	chr3	96683392	96683892	0
20079	chr3	103524702	103525202	0
20080	chr3	105307172	105307672	0
20081	chr3	110388552	110389052	0
20082	chr3	126653306	126653806	0
20083	chr3	133538277	133538777	0
20084	chr3	137820215	137820715	0
20085	chr3	152400590	152401090	0
20086	chr4	3647196	3647696	0
20087	chr4	8550140	8550640	0
20088	chr4	11702497	11702997	0
20089	chr4	20072734	20073234	0
20090	chr4	53682183	53682683	0
20091	chr4	118703622	118704122	0
20092	chr4	129494325	129494825	0
20093	chr5	21212739	21213239	0
20094	chr5	23453790	23454290	0
20095	chr5	27304584	27305084	0
20096	chr5	36980617	36981117	0
20097	chr5	41884474	41884974	0
20098	chr5	66801727	66802227	0
20099	chr5	73297355	73297855	0
20100	chr5	105873269	105873769	0
20101	chr5	110650731	110651231	0
20102	chr5	119632697	119633197	0
20103	chr6	4604088	4604588	0
20104	chr6	17589590	17590090	0
20105	chr6	39395610	39396110	0
20106	chr6	54915627	54916127	0
20107	chr6	85326405	85326905	0
20108	chr6	86993823	86994323	0
20109	chr6	88385720	88386220	0
20110	chr6	115062343	115062843	0
20111	chr6	127563330	127563830	0
20112	chr6	128961948	128962448	0
20113	chr6	140609736	140610236	0
20114	chr6	148937296	148937796	0
20115	chr7	74533728	74534228	0
20116	chr7	127294448	127294948	0
20117	chr7	142367573	142368073	0
20118	chr8	25330740	25331240	0
20119	chr8	34117109	34117609	0
20120	chr8	83178073	83178573	0
20121	chr8	83895815	83896315	0
20122	chr8	87660600	87661100	0
20123	chr8	123275324	123275824	0
20124	chr8	124868271	124868771	0
20125	chr9	15026151	15026651	0
20126	chr9	31284661	31285161	0
20127	chr9	48413734	48414234	0
20128	chr9	59459230	59459730	0
20129	chr9	100726213	100726713	0
20130	chr9	110985657	110986157	0
20131	chr10	7063622	7064122	0
20132	chr10	60205617	60206117	0
20133	chr10	82966969	82967469	0
20134	chr10	116911608	116912108	0
20135	chr11	3908636	3909136	0
20136	chr11	18284055	18284555	0
20137	chr11	21118748	21119248	0
20138	chr11	32651395	32651895	0
20139	chr11	67501270	67501770	0
20140	chr11	75261127	75261627	0
20141	chr11	100468763	100469263	0
20142	chr11	104669715	104670215	0
20143	chr11	107405925	107406425	0
20144	chr11	115876588	115877088	0
20145	chr11	117278571	117279071	0
20146	chr12	16898094	16898594	0
20147	chr12	28815506	28816006	0
20148	chr12	82080771	82081271	0
20149	chr12	100852773	100853273	0
20150	chr12	107640088	107640588	0
20151	chr13	15567165	15567665	0
20152	chr13	24083124	24083624	0
20153	chr13	58952329	58952829	0
20154	chr13	83650085	83650585	0
20155	chr14	25620683	25621183	0
20156	chr14	30718372	30718872	0
20157	chr14	73336763	73337263	0
20158	chr14	75237491	75237991	0
20159	chr14	79497923	79498423	0
20160	chr14	122015466	122015966	0
20161	chr15	7890140	7890640	0
20162	chr15	30686370	30686870	0
20163	chr15	35300825	35301325	0
20164	chr15	63655271	63655771	0
20165	chr15	67096608	67097108	0
20166	chr15	83145835	83146335	0
20167	chr15	83452567	83453067	0
20168	chr15	98675137	98675637	0
20169	chr16	45319158	45319658	0
20170	chr16	49820050	49820550	0
20171	chr16	50304761	50305261	0
20172	chr16	57340297	57340797	0
20173	chr16	76332288	76332788	0
20174	chr16	92017461	92017961	0
20175	chr16	92886179	92886679	0
20176	chr17	3220493	3220993	0
20177	chr17	52554063	52554563	0
20178	chr17	93759859	93760359	0
20179	chr18	5465851	5466351	0
20180	chr18	11841808	11842308	0
20181	chr18	33122675	33123175	0
20182	chr18	36421223	36421723	0
20183	chr18	65015891	65016391	0
20184	chr18	67364458	67364958	0
20185	chr18	79105716	79106216	0
20186	chr18	81383528	81384028	0
20187	chr19	37962947	37963447	0
20188	chr19	44316436	44316936	0
20189	chr19	47514220	47514720	0
20190	chrX	13636411	13636911	0
20191	chrX	53201487	53201987	0
20192	chrX	77577150	77577650	0
20193	chrX	104665034	104665534	0
20194	chrX	107159855	107160355	0
20195	chrX	113180766	113181266	0
20196	chrX	133463098	133463598	0
20197	chr1	69710768	69711268	0
20198	chr2	72963267	72963767	0
20199	chr4	33082885	33083385	0
20200	chr4	83944802	83945302	0
20201	chr5	25002688	25003188	0
20202	chr9	9985532	9986032	0
20203	chr9	69346209	69346709	0
20204	chr11	59526540	59527040	0
20205	chr13	113815900	113816400	0
20206	chr14	67903196	67903696	0
20207	chr16	32261422	32261922	0
20208	chr16	32732564	32733064	0
20209	chr16	33189167	33189667	0
20210	chr15	86178900	86179400	0
