0	chr1	80637019	80637967	0
1	chr10	127144984	127145872	0
2	chr10	128424209	128425007	0
3	chr12	70247351	70248111	0
4	chr3	79162143	79162899	0
5	chr4	6940809	6941665	0
6	chr8	127966738	127967238	0
7	chr2	26668794	26669294	0
8	chr5	111815182	111815682	0
9	chr8	125504787	125505287	0
10	chr19	21104490	21104990	0
11	chr2	167928465	167928965	0
12	chr2	173748869	173749369	0
13	chr18	53883592	53884284	0
14	chr7	45117639	45118299	0
15	chr8	88211018	88211518	0
16	chr14	75102591	75103091	0
17	chr16	51690903	51691403	0
18	chr7	141064481	141064981	0
19	chr9	110244792	110245292	0
20	chr4	123653937	123654629	0
21	chr4	155559722	155560222	0
22	chr8	68822678	68823178	0
23	chr10	108110185	108110685	0
24	chr7	84681113	84681613	0
25	chr7	126746324	126746824	0
26	chr5	107218795	107219295	0
27	chr6	70862897	70863397	0
28	chrX	11180949	11181449	0
29	chr10	78085036	78085536	0
30	chr11	100839000	100839500	0
31	chr11	115506796	115507296	0
32	chr14	55554355	55554855	0
33	chr16	52069477	52069977	0
34	chr4	129925504	129926004	0
35	chr7	110022443	110022943	0
36	chr8	114538730	114539230	0
37	chr9	122186891	122187391	0
38	chr17	80105968	80106468	0
39	chr1	151045710	151046210	0
40	chr4	89272528	89273028	0
41	chr8	82753953	82754453	0
42	chr9	38721423	38721923	0
43	chr10	82889499	82893277	0
44	chr15	64210187	64212513	0
45	chr7	132797845	132800267	0
46	chr17	31827976	31830760	0
47	chr1	127347761	127349407	0
48	chr1	165823966	165826506	0
49	chr12	26187206	26188896	0
50	chr4	145264178	145266144	0
51	chr11	5434606	5436184	0
52	chr3	31083884	31086564	0
53	chr2	59437865	59439325	0
54	chr16	11072772	11074256	0
55	chr17	50728887	50730391	0
56	chr5	147064198	147065182	0
57	chr8	95389929	95391081	0
58	chr15	53156960	53157898	0
59	chr9	32937174	32938476	0
60	chr6	91865096	91866312	0
61	chr7	34381764	34383886	0
62	chr16	78557085	78558575	0
63	chr3	79202741	79203971	0
64	chr11	83081162	83082722	0
65	chr14	66273705	66275065	0
66	chr2	165168303	165170281	0
67	chr7	102252359	102253645	0
68	chr14	67058835	67060057	0
69	chr15	100075680	100077104	0
70	chr16	23327158	23328554	0
71	chr11	5437273	5438301	0
72	chr5	96962523	96963745	0
73	chr16	75921058	75922136	0
74	chr6	34272290	34273374	0
75	chr8	3324200	3325620	0
76	chr1	106618190	106618926	0
77	chr3	95100441	95101943	0
78	chr17	28966552	28967578	0
79	chr2	151958803	151960027	0
80	chr11	90464062	90465008	0
81	chr13	13537716	13538692	0
82	chr9	13574260	13575488	0
83	chr17	87181362	87182846	0
84	chr1	39947667	39948937	0
85	chr7	132765982	132766806	0
86	chr9	114446334	114447558	0
87	chr4	8728230	8729060	0
88	chr13	35748669	35749617	0
89	chr17	87298954	87299454	0
90	chr17	27792485	27793257	0
91	chr17	34329262	34329890	0
92	chr19	36184043	36185335	0
93	chr1	85697203	85697997	0
94	chr1	89107738	89108670	0
95	chr5	64297102	64298312	0
96	chr15	5512864	5513670	0
97	chr17	46685195	46686245	0
98	chr10	118093386	118094018	0
99	chr13	17604902	17605402	0
100	chr13	85501657	85503115	0
101	chr17	28608416	28609568	0
102	chr1	135723830	135725452	0
103	chr4	148509718	148510594	0
104	chr6	29855954	29856892	0
105	chr6	122527251	122528089	0
106	chr7	78735406	78735906	0
107	chr11	46062673	46063895	0
108	chr14	21501763	21502263	0
109	chr17	73151752	73152734	0
110	chr3	153717685	153718651	0
111	chr13	30168939	30169439	0
112	chr17	12163139	12164247	0
113	chr1	40358891	40359755	0
114	chr4	63842068	63842778	0
115	chr4	145249131	145250091	0
116	chr4	156008797	156009711	0
117	chr5	105644691	105645643	0
118	chr8	61274257	61275319	0
119	chr8	85619037	85619977	0
120	chr10	118109804	118110764	0
121	chr10	118468821	118469609	0
122	chr11	34740997	34741937	0
123	chr11	54883228	54884000	0
124	chr12	79842751	79843377	0
125	chr2	128420920	128422336	0
126	chr7	58740651	58741407	0
127	chr10	21479637	21480309	0
128	chr11	96995531	96996477	0
129	chr12	25306011	25306919	0
130	chr13	52008316	52009088	0
131	chr14	27347951	27348615	0
132	chr2	31726619	31727375	0
133	chr4	44301957	44302457	0
134	chr4	136095534	136096034	0
135	chr7	67500563	67501457	0
136	chr7	80840916	80841416	0
137	chr9	114507850	114508350	0
138	chr10	51553373	51554139	0
139	chr12	69862873	69863775	0
140	chr13	114914949	114915857	0
141	chrX	71468217	71469389	0
142	chr1	161761396	161762034	0
143	chr12	86879248	86879876	0
144	chr15	28000718	28001636	0
145	chr15	74919765	74920523	0
146	chr17	31081181	31082085	0
147	chr5	134281471	134282137	0
148	chr6	34155698	34156198	0
149	chr10	6987639	6988139	0
150	chr10	93419728	93420490	0
151	chr11	4784595	4785095	0
152	chr12	69574395	69575035	0
153	chr13	97839578	97840358	0
154	chr17	32880387	32881139	0
155	chr17	84063287	84064075	0
156	chr2	35981113	35982229	0
157	chr7	30332163	30333281	0
158	chr8	122595169	122596093	0
159	chr9	117961758	117962588	0
160	chr11	118217105	118217755	0
161	chr11	119159401	119160265	0
162	chr14	73112176	73112814	0
163	chr3	95645600	95646100	0
164	chr4	32588205	32588705	0
165	chr5	107150834	107151746	0
166	chr7	123355962	123356586	0
167	chr9	45807188	45807850	0
168	chr13	51785968	51786730	0
169	chr17	29172408	29173038	0
170	chrX	50564988	50566620	0
171	chr2	117352373	117353267	0
172	chr3	135634421	135635213	0
173	chr5	117158337	117159437	0
174	chr7	84192300	84193058	0
175	chr7	102198190	102199170	0
176	chr9	45847362	45848424	0
177	chr11	11729329	11729955	0
178	chr12	73662478	73663348	0
179	chr12	99700794	99701578	0
180	chr12	107773111	107773911	0
181	chr13	112472872	112473694	0
182	chr16	30533260	30533886	0
183	chr18	67280162	67280934	0
184	chr1	36647832	36648744	0
185	chr1	127211748	127212506	0
186	chr2	59644578	59645612	0
187	chr2	167975758	167976710	0
188	chr2	168488949	168490449	0
189	chr3	138008217	138008987	0
190	chr4	136071277	136071777	0
191	chr4	147875531	147876783	0
192	chr8	81803677	81804457	0
193	chr9	15063548	15064370	0
194	chr12	76932179	76933073	0
195	chr12	107963310	107963810	0
196	chr13	3541787	3542667	0
197	chr15	59029670	59030450	0
198	chr17	27790207	27790707	0
199	chr17	29153027	29153807	0
200	chr18	54970047	54970843	0
201	chr1	36924066	36924834	0
202	chr1	159404480	159405442	0
203	chr2	128517285	128518403	0
204	chr3	21996156	21996968	0
205	chr3	97003797	97004639	0
206	chr4	32350186	32350818	0
207	chr6	38120529	38121695	0
208	chr7	132791598	132792370	0
209	chr8	46943468	46943968	0
210	chr9	118284096	118284810	0
211	chr10	30715756	30716536	0
212	chr11	54998644	54999468	0
213	chr12	103338692	103339620	0
214	chr14	18301491	18302119	0
215	chr15	36360446	36360946	0
216	chr15	77866367	77867239	0
217	chr16	23307675	23308413	0
218	chr17	49009714	49010622	0
219	chr18	34088971	34089663	0
220	chr3	131174896	131175794	0
221	chr4	102635169	102635905	0
222	chr4	155505029	155505529	0
223	chr5	124217226	124217922	0
224	chr6	142879118	142879618	0
225	chr8	88603801	88604869	0
226	chr10	34413466	34414650	0
227	chr11	23823229	23823729	0
228	chr12	79635357	79636147	0
229	chr12	80252324	80253022	0
230	chr14	8255144	8256024	0
231	chr14	61778701	61779815	0
232	chr15	36396645	36397271	0
233	chr16	33072765	33073523	0
234	chr19	12833336	12834334	0
235	chrX	142382833	142383805	0
236	chr2	157808051	157808881	0
237	chr3	115901332	115902008	0
238	chr5	125016130	125016764	0
239	chr7	25766453	25767083	0
240	chr9	57432877	57433377	0
241	chr10	19193384	19193884	0
242	chr11	54102083	54103205	0
243	chr11	97335993	97336839	0
244	chr12	21171890	21172520	0
245	chr15	9714063	9714563	0
246	chr15	77863793	77864417	0
247	chr1	69691795	69692295	0
248	chr1	131746489	131746989	0
249	chr2	46370414	46371164	0
250	chr2	121594257	121594887	0
251	chr3	130936074	130937036	0
252	chr4	59529692	59530594	0
253	chr4	108387875	108388509	0
254	chr5	64681381	64682007	0
255	chr5	118645578	118646078	0
256	chr5	143485258	143485894	0
257	chr6	47349720	47350348	0
258	chr9	40390181	40390963	0
259	chr9	110540771	110541397	0
260	chr11	54287752	54288252	0
261	chr11	121694877	121695377	0
262	chr14	15099273	15099773	0
263	chr14	122040761	122041261	0
264	chr17	48325465	48326103	0
265	chr2	59468163	59468663	0
266	chr2	79005036	79005536	0
267	chr2	79137227	79137903	0
268	chr2	129192952	129193752	0
269	chr2	165950054	165950554	0
270	chr3	135514887	135515705	0
271	chr4	155202919	155204197	0
272	chr5	107234502	107235156	0
273	chr5	120440131	120440631	0
274	chr5	121341449	121341949	0
275	chr6	65648397	65648897	0
276	chr7	58448881	58449567	0
277	chr7	64196255	64196883	0
278	chr8	110950592	110951092	0
279	chr9	77496987	77497487	0
280	chr9	122296139	122296897	0
281	chr11	97829855	97830493	0
282	chr13	32832822	32833322	0
283	chr13	93592759	93593259	0
284	chr14	74924599	74925587	0
285	chr15	9600154	9600824	0
286	chr15	77894943	77895605	0
287	chr15	99449342	99449970	0
288	chr17	27130692	27131192	0
289	chr1	39123253	39123753	0
290	chr1	79683826	79684636	0
291	chr1	127214087	127214717	0
292	chr2	76219468	76219968	0
293	chr3	21949223	21950101	0
294	chr6	125338757	125339403	0
295	chr9	41149074	41149788	0
296	chr10	13865496	13866312	0
297	chr10	120377069	120377967	0
298	chr12	114612142	114612642	0
299	chr13	95974031	95974531	0
300	chr14	54522348	54522978	0
301	chr14	120352286	120352786	0
302	chr15	60100872	60101372	0
303	chr16	24092683	24093183	0
304	chr1	21288393	21289039	0
305	chr1	51501486	51502112	0
306	chr1	60857899	60858399	0
307	chr1	92235962	92236462	0
308	chr1	128547735	128548367	0
309	chr1	138304005	138304505	0
310	chr1	184006812	184007440	0
311	chr2	53088309	53088933	0
312	chr2	75689433	75689933	0
313	chr2	117433212	117433712	0
314	chr2	144245861	144246361	0
315	chr3	51511120	51511620	0
316	chr3	69224140	69224768	0
317	chr3	90621178	90621822	0
318	chr3	131169004	131169504	0
319	chr3	157575050	157575696	0
320	chr6	15729782	15730508	0
321	chr6	87654160	87654660	0
322	chr6	142887298	142887798	0
323	chr6	145378801	145379301	0
324	chr7	28677302	28677930	0
325	chr7	125510842	125511490	0
326	chr8	119490063	119490905	0
327	chr9	20948374	20949208	0
328	chr9	122245709	122246497	0
329	chr12	80060751	80061641	0
330	chr13	24682295	24682795	0
331	chr13	55431748	55432398	0
332	chr15	81126790	81127290	0
333	chr16	24221135	24221885	0
334	chr16	27350079	27351139	0
335	chr17	27611645	27612145	0
336	chr17	47177564	47178322	0
337	chr19	34197864	34198364	0
338	chr1	80326373	80326873	0
339	chr2	76203074	76203700	0
340	chr3	52170469	52171097	0
341	chr3	107852538	107853380	0
342	chr4	102697747	102698575	0
343	chr5	136500302	136501082	0
344	chr5	149599100	149599732	0
345	chr7	25385053	25385681	0
346	chr7	140194337	140195141	0
347	chr8	64764356	64764856	0
348	chr9	33060171	33060671	0
349	chr9	69349818	69350484	0
350	chr11	52332333	52332833	0
351	chr11	74558129	74559101	0
352	chr11	86625529	86626029	0
353	chr11	114876289	114876789	0
354	chr12	36134943	36135443	0
355	chr12	75563610	75564404	0
356	chr12	78299285	78300069	0
357	chr13	24442467	24443103	0
358	chr13	44484698	44485198	0
359	chr13	112061682	112062182	0
360	chr15	80901683	80902457	0
361	chr16	34248202	34248840	0
362	chr16	45007184	45007684	0
363	chr18	64929479	64930111	0
364	chr18	82684295	82685033	0
365	chr19	8518570	8519070	0
366	chr1	182151873	182152641	0
367	chr1	184004790	184005290	0
368	chr2	122632655	122633155	0
369	chr2	125776540	125777040	0
370	chr2	127137220	127137720	0
371	chr3	37280729	37281229	0
372	chr3	135636713	135637345	0
373	chr3	146062744	146063244	0
374	chr4	95199943	95200443	0
375	chr4	150745898	150746524	0
376	chr5	142786040	142787014	0
377	chr6	100269584	100270340	0
378	chr7	44826177	44826677	0
379	chr8	3248699	3249199	0
380	chr8	22711910	22712410	0
381	chr9	109041023	109041785	0
382	chr9	110542355	110542855	0
383	chr10	19192402	19192902	0
384	chr10	21238740	21239492	0
385	chr10	75105487	75105987	0
386	chr11	45873592	45874274	0
387	chr11	54154593	54155461	0
388	chr11	74568529	74569157	0
389	chr11	103381928	103382428	0
390	chr11	113331802	113332440	0
391	chr13	74768710	74769352	0
392	chr14	56241126	56241804	0
393	chr15	36564749	36565249	0
394	chr15	73618274	73619100	0
395	chr15	78489609	78490485	0
396	chr16	48801135	48801635	0
397	chr18	81366757	81367381	0
398	chr19	37178192	37178692	0
399	chr19	41341263	41342427	0
400	chr19	56757375	56758291	0
401	chr2	27378248	27379164	0
402	chr2	58146556	58147192	0
403	chr3	107097009	107097509	0
404	chr3	131150926	131151704	0
405	chr4	32277817	32278597	0
406	chr4	45451744	45452674	0
407	chr4	137347360	137348002	0
408	chr4	149761759	149762607	0
409	chr5	28242254	28242754	0
410	chr5	34207235	34207735	0
411	chr5	77130241	77131101	0
412	chr5	125172751	125173725	0
413	chr6	120029394	120030186	0
414	chr7	122924148	122924796	0
415	chr7	132888550	132889206	0
416	chr8	81517128	81517628	0
417	chr8	81806382	81807012	0
418	chr10	123193639	123194407	0
419	chr11	44504404	44504904	0
420	chr11	118133227	118134431	0
421	chr12	11228900	11229682	0
422	chr12	21480507	21481135	0
423	chr12	77034768	77035566	0
424	chr14	30028475	30029153	0
425	chr14	53135315	53135957	0
426	chr15	63657629	63658129	0
427	chr15	86361203	86361703	0
428	chr17	5897810	5898310	0
429	chr19	7037082	7037582	0
430	chrX	50572305	50572933	0
431	chr1	40268812	40269626	0
432	chr1	85743840	85744340	0
433	chr1	171761608	171762108	0
434	chr2	93955032	93955668	0
435	chr2	129202127	129202627	0
436	chr3	126758095	126758595	0
437	chr3	148844360	148844860	0
438	chr3	152791946	152792572	0
439	chr4	45678760	45679392	0
440	chr4	139205754	139206544	0
441	chr4	150931674	150932174	0
442	chr5	21367893	21368393	0
443	chr5	120669158	120669658	0
444	chr5	141062508	141063008	0
445	chr6	101359527	101360443	0
446	chr7	27601358	27602326	0
447	chr7	83670748	83671380	0
448	chr10	41813182	41813682	0
449	chr10	78345092	78345886	0
450	chr11	109478969	109479749	0
451	chr12	73764755	73765625	0
452	chr12	77136350	77137186	0
453	chr13	13609280	13609910	0
454	chr13	20536690	20537356	0
455	chr15	81068886	81069386	0
456	chr19	16128600	16129100	0
457	chr19	16204942	16205618	0
458	chr19	18747346	18747846	0
459	chr1	179553532	179554032	0
460	chr2	60714321	60715073	0
461	chr2	120503664	120504164	0
462	chr2	163740254	163740754	0
463	chr3	60111080	60111580	0
464	chr3	131093374	131093874	0
465	chr4	63704131	63704631	0
466	chr4	137854058	137854746	0
467	chr4	148437529	148438029	0
468	chr5	115058581	115059235	0
469	chr6	121239043	121239543	0
470	chr6	126812467	126813095	0
471	chr7	63952127	63952627	0
472	chr7	114577043	114577543	0
473	chr7	126497035	126497677	0
474	chr7	139781279	139782103	0
475	chr8	13740787	13741287	0
476	chr9	21126468	21127262	0
477	chr9	21183829	21184329	0
478	chr10	21241003	21241951	0
479	chr10	71398459	71399281	0
480	chr10	93194142	93194770	0
481	chr10	93442137	93442637	0
482	chr10	115245816	115246316	0
483	chr11	57677513	57678013	0
484	chr12	21368647	21369421	0
485	chr12	51818336	51818836	0
486	chr12	77536975	77537475	0
487	chr12	98998745	98999245	0
488	chr13	5704916	5705416	0
489	chr13	36144942	36145588	0
490	chr13	44359706	44360206	0
491	chr14	27317924	27318686	0
492	chr14	31524717	31525217	0
493	chr14	56291121	56292071	0
494	chr14	122110313	122110973	0
495	chr15	64102952	64103452	0
496	chr15	68345078	68345894	0
497	chr16	92939174	92939808	0
498	chr17	32340823	32341323	0
499	chr17	47269696	47270196	0
500	chr18	60728419	60729077	0
501	chr19	29157546	29158318	0
502	chr1	36132693	36133193	0
503	chr1	39949101	39949601	0
504	chr1	57944738	57945524	0
505	chr1	59665736	59666550	0
506	chr1	144282399	144282899	0
507	chr1	171631465	171632207	0
508	chr2	65193328	65193828	0
509	chr2	72453568	72454204	0
510	chr2	73000995	73001847	0
511	chr2	154800481	154801113	0
512	chr3	16210181	16210995	0
513	chr3	146030654	146031286	0
514	chr4	108987340	108987840	0
515	chr4	129580105	129580605	0
516	chr5	43824288	43824914	0
517	chr5	140162930	140163430	0
518	chr6	41530366	41530866	0
519	chr7	114099617	114100273	0
520	chr7	127290217	127290717	0
521	chr8	114778319	114778819	0
522	chr9	45329913	45330537	0
523	chr9	46066831	46067331	0
524	chr9	107719108	107719608	0
525	chr10	4393177	4393677	0
526	chr10	8759008	8759508	0
527	chr10	18983284	18983784	0
528	chr10	39339927	39340427	0
529	chr11	5518130	5519032	0
530	chr11	22756028	22756690	0
531	chr11	69269028	69269652	0
532	chr11	74954976	74955476	0
533	chr11	107411332	107411958	0
534	chr12	25233069	25233569	0
535	chr12	64955238	64955922	0
536	chr12	79646423	79646923	0
537	chr12	82175442	82175942	0
538	chr12	107565856	107566356	0
539	chr13	49303756	49304256	0
540	chr13	56476253	56476753	0
541	chr13	100866590	100867090	0
542	chr14	118920222	118920722	0
543	chr15	27793131	27793905	0
544	chr15	52752879	52753379	0
545	chr15	74963090	74963716	0
546	chr15	80520863	80521363	0
547	chr16	78217074	78217574	0
548	chr17	32023784	32024284	0
549	chr17	35926415	35927077	0
550	chr17	63493243	63493743	0
551	chr18	4314096	4314596	0
552	chr18	6480197	6480697	0
553	chr18	32564754	32565384	0
554	chr19	21615163	21615663	0
555	chr19	56264435	56265257	0
556	chr19	59337216	59337716	0
557	chr1	36275842	36276342	0
558	chr1	51592541	51593041	0
559	chr1	64300206	64300998	0
560	chr1	86395039	86395663	0
561	chr1	136606592	136607092	0
562	chr1	136709196	136709696	0
563	chr1	138592327	138592953	0
564	chr1	160006147	160006647	0
565	chr1	165723083	165723583	0
566	chr2	70802528	70803394	0
567	chr2	154454725	154455557	0
568	chr2	163725913	163726541	0
569	chr2	168200601	168201239	0
570	chr3	69179594	69180094	0
571	chr3	101670638	101671138	0
572	chr4	32126731	32127231	0
573	chr4	59324818	59325318	0
574	chr4	134772934	134773434	0
575	chr5	25092615	25093115	0
576	chr5	147072464	147073268	0
577	chr5	148378374	148379000	0
578	chr5	148699980	148700628	0
579	chr6	29842382	29843068	0
580	chr6	143174390	143174890	0
581	chr6	146514105	146514605	0
582	chr7	24618140	24618778	0
583	chr7	64064317	64064991	0
584	chr7	105778359	105778859	0
585	chr7	125613771	125614271	0
586	chr7	139969396	139970032	0
587	chr8	70104446	70104946	0
588	chr9	14967468	14967968	0
589	chr9	35264529	35265451	0
590	chr9	56107182	56107682	0
591	chr9	95315012	95315512	0
592	chr9	108445155	108445655	0
593	chr9	124066867	124067495	0
594	chr10	59594376	59595196	0
595	chr10	93305036	93305536	0
596	chr10	111715069	111715695	0
597	chr11	23765066	23765566	0
598	chr11	32708812	32709446	0
599	chr11	49706946	49707742	0
600	chr11	51935694	51936350	0
601	chr11	95827443	95827943	0
602	chr11	97836857	97837357	0
603	chr11	114699414	114699914	0
604	chr12	40253522	40254022	0
605	chr12	107731061	107731721	0
606	chr12	114597485	114597985	0
607	chr12	118293821	118294321	0
608	chr13	24646734	24647234	0
609	chr14	27316563	27317063	0
610	chr14	47518869	47519369	0
611	chr14	47740366	47740866	0
612	chr14	79499037	79499537	0
613	chr15	12445001	12445501	0
614	chr15	38634821	38635321	0
615	chr15	60118640	60119140	0
616	chr15	66973492	66973992	0
617	chr15	82152033	82152533	0
618	chr15	99105476	99106120	0
619	chr16	22444704	22445490	0
620	chr16	31172553	31173053	0
621	chr16	48758840	48759496	0
622	chr16	92808299	92808953	0
623	chr17	42911752	42912252	0
624	chr17	53582113	53582613	0
625	chr18	82522081	82522771	0
626	chr19	8980666	8981296	0
627	chr19	18607301	18607801	0
628	chr19	29264659	29265159	0
629	chr19	32185865	32186365	0
630	chr1	40327384	40328016	0
631	chr1	40436784	40437284	0
632	chr1	94047052	94047906	0
633	chr1	136858596	136859358	0
634	chr1	160031846	160032346	0
635	chr2	93438725	93439367	0
636	chr2	132379622	132380476	0
637	chr2	166561767	166562267	0
638	chr3	89316354	89316854	0
639	chr4	98020554	98021054	0
640	chr4	98101574	98102204	0
641	chr4	117356195	117356833	0
642	chr4	132199088	132199588	0
643	chr5	21213210	21213710	0
644	chr5	23717647	23718299	0
645	chr5	34822499	34822999	0
646	chr5	65912178	65912678	0
647	chr5	118458312	118458812	0
648	chr6	88768978	88769752	0
649	chr7	19214050	19214858	0
650	chr7	90348846	90349494	0
651	chr7	135597755	135598389	0
652	chr8	34325824	34326598	0
653	chr8	84567569	84568069	0
654	chr8	120097366	120098106	0
655	chr9	69302914	69303672	0
656	chr10	12842918	12843418	0
657	chr10	67488048	67488548	0
658	chr10	75942339	75943049	0
659	chr11	31725553	31726053	0
660	chr11	49981674	49982174	0
661	chr11	88579383	88579883	0
662	chr11	104362857	104363357	0
663	chr11	108156643	108157143	0
664	chr11	116380947	116381447	0
665	chr12	85955868	85956504	0
666	chr13	37704937	37705437	0
667	chr13	44483132	44483780	0
668	chr13	63561693	63562193	0
669	chr13	95605955	95606605	0
670	chr15	67152967	67153467	0
671	chr16	49878383	49878883	0
672	chr17	27999397	28000157	0
673	chr17	37273863	37274363	0
674	chr17	45216801	45217301	0
675	chr17	74259037	74259855	0
676	chr18	34923065	34923789	0
677	chr19	34176210	34176710	0
678	chr19	46640968	46641468	0
679	chr19	57106390	57106890	0
680	chr1	64486945	64487445	0
681	chr1	89603430	89604164	0
682	chr1	137221103	137221891	0
683	chr1	138584220	138584720	0
684	chr1	151097458	151097958	0
685	chr1	172510148	172510934	0
686	chr2	37931675	37932429	0
687	chr2	48470309	48470809	0
688	chr2	167331731	167332231	0
689	chr3	28255989	28256489	0
690	chr3	35772147	35772647	0
691	chr3	60484574	60485074	0
692	chr3	106491226	106491726	0
693	chr3	121407848	121408348	0
694	chr3	139061669	139062169	0
695	chr3	142534397	142535061	0
696	chr3	149484941	149485441	0
697	chr4	7602274	7602774	0
698	chr4	8695723	8696479	0
699	chr4	132388099	132388731	0
700	chr4	150059575	150060075	0
701	chr5	3382905	3383405	0
702	chr5	122059161	122059787	0
703	chr6	8647873	8648373	0
704	chr6	34507511	34508011	0
705	chr6	41177488	41177988	0
706	chr6	85295242	85295878	0
707	chr6	120077505	120078005	0
708	chr6	134060238	134060738	0
709	chr7	58685569	58686069	0
710	chr7	101051648	101052334	0
711	chr7	127279275	127279775	0
712	chr8	34054338	34054986	0
713	chr9	56466423	56466923	0
714	chr9	57341460	57342158	0
715	chr9	61963463	61964097	0
716	chr10	13446970	13447470	0
717	chr10	96629018	96629518	0
718	chr10	96871913	96872413	0
719	chr11	5339313	5339813	0
720	chr11	16977972	16978472	0
721	chr11	22818147	22819077	0
722	chr11	23806378	23806878	0
723	chr11	74554647	74555329	0
724	chr11	99045158	99045914	0
725	chr11	106679663	106680163	0
726	chr12	16171473	16171973	0
727	chr12	21479145	21479645	0
728	chr12	25317717	25318491	0
729	chr12	40433298	40434100	0
730	chr12	52718166	52718666	0
731	chr12	99390520	99391208	0
732	chr12	111899284	111899910	0
733	chr13	30113936	30114436	0
734	chr14	21537366	21537866	0
735	chr15	36562200	36562700	0
736	chr15	37435402	37435902	0
737	chr15	80461207	80462025	0
738	chr16	50381076	50381722	0
739	chr16	55747725	55748225	0
740	chr17	50568946	50569446	0
741	chr17	52217202	52217702	0
742	chr17	52456108	52456848	0
743	chr17	53580787	53581459	0
744	chr17	64249940	64250622	0
745	chr17	64315433	64316073	0
746	chr18	3931896	3932396	0
747	chr18	4873178	4873678	0
748	chr19	55667926	55668426	0
749	chr1	13368277	13368913	0
750	chr1	58857502	58858002	0
751	chr1	60960710	60961210	0
752	chr1	80667905	80668405	0
753	chr1	135143256	135143964	0
754	chr1	135788659	135789159	0
755	chr1	193350797	193351297	0
756	chr2	44528947	44529447	0
757	chr2	70498247	70498747	0
758	chr2	102893304	102894026	0
759	chr2	152620867	152621367	0
760	chr2	164960551	164961051	0
761	chr2	166412589	166413233	0
762	chr3	60320632	60321132	0
763	chr3	68778192	68778692	0
764	chr3	84835560	84836350	0
765	chr3	97965106	97965740	0
766	chr3	136729591	136730091	0
767	chr4	7457953	7458453	0
768	chr4	63947996	63948496	0
769	chr4	88000669	88001169	0
770	chr4	102624693	102625193	0
771	chr4	109080296	109080796	0
772	chr4	126114037	126114537	0
773	chr5	31606054	31606554	0
774	chr5	35877862	35878536	0
775	chr5	38367254	38367754	0
776	chr5	44707456	44708308	0
777	chr5	105626034	105626666	0
778	chr5	107092372	107093008	0
779	chr5	115056608	115057108	0
780	chr6	88105993	88106493	0
781	chr6	88923829	88924329	0
782	chr6	136475824	136476324	0
783	chr7	28430003	28430639	0
784	chr7	72299919	72300419	0
785	chr7	80735899	80736585	0
786	chr7	84196244	84196744	0
787	chr7	101471675	101472175	0
788	chr8	25614348	25614848	0
789	chr8	35680163	35680663	0
790	chr8	61580511	61581011	0
791	chr8	72412174	72412840	0
792	chr8	79162186	79162686	0
793	chr8	105907398	105907898	0
794	chr8	122969609	122970109	0
795	chr9	100725086	100725586	0
796	chr9	114416906	114417406	0
797	chr10	12798560	12799060	0
798	chr10	41635458	41635958	0
799	chr10	41880912	41881412	0
800	chr10	78578216	78578900	0
801	chr10	95066708	95067208	0
802	chr10	108189330	108189830	0
803	chr10	127230365	127230865	0
804	chr11	46314168	46314972	0
805	chr11	59425842	59426342	0
806	chr11	106722855	106723483	0
807	chr11	116441022	116441726	0
808	chr11	118350619	118351251	0
809	chr11	119606817	119607471	0
810	chr12	52524696	52525196	0
811	chr12	79959676	79960318	0
812	chr13	80932431	80932931	0
813	chr13	112508947	112509447	0
814	chr14	62798365	62798865	0
815	chr15	10722634	10723346	0
816	chr15	25693381	25693881	0
817	chr15	35961697	35962357	0
818	chr15	83027688	83028322	0
819	chr15	93751922	93752552	0
820	chr15	101275761	101276261	0
821	chr16	8834588	8835088	0
822	chr16	23543675	23544301	0
823	chr16	24164168	24164794	0
824	chr16	45166071	45166705	0
825	chr16	94628718	94629218	0
826	chr17	10308378	10308878	0
827	chr17	12780921	12781421	0
828	chr17	31219950	31220592	0
829	chr17	34053763	34054395	0
830	chr17	46388530	46389030	0
831	chr17	83301567	83302233	0
832	chr17	84329740	84330240	0
833	chr17	88537071	88537571	0
834	chr18	80198266	80198890	0
835	chr19	31913952	31914452	0
836	chrX	11803569	11804203	0
837	chr1	63119680	63120180	0
838	chr1	64045258	64045758	0
839	chr1	88624793	88625293	0
840	chr1	92003967	92004467	0
841	chr1	138541539	138542039	0
842	chr1	173451236	173451736	0
843	chr2	11623203	11623703	0
844	chr2	18591933	18592433	0
845	chr2	26487241	26487741	0
846	chr2	27702944	27703444	0
847	chr2	101810204	101810842	0
848	chr2	127925894	127926394	0
849	chr2	131888532	131889032	0
850	chr2	153748198	153748840	0
851	chr2	167533197	167533901	0
852	chr2	170321591	170322091	0
853	chr2	174518025	174518525	0
854	chr2	179948775	179949275	0
855	chr3	19296225	19296849	0
856	chr3	59205570	59206070	0
857	chr3	60954517	60955017	0
858	chr3	96547298	96547798	0
859	chr3	105751837	105752337	0
860	chr4	63424039	63424539	0
861	chr4	102521256	102521756	0
862	chr4	107783575	107784331	0
863	chr4	128740674	128741302	0
864	chr4	134353455	134354217	0
865	chr4	135859626	135860126	0
866	chr5	43668118	43668618	0
867	chr5	53613960	53614660	0
868	chr5	106640634	106641134	0
869	chr5	112437523	112438023	0
870	chr5	115035131	115035631	0
871	chr5	143511659	143512159	0
872	chr5	147448682	147449182	0
873	chr5	149334504	149335004	0
874	chr6	13583917	13584417	0
875	chr6	22406399	22406899	0
876	chr6	43618974	43619474	0
877	chr6	83660743	83661243	0
878	chr6	125524267	125524767	0
879	chr7	6139467	6139967	0
880	chr7	72280341	72280841	0
881	chr7	82027883	82028383	0
882	chr7	84173733	84174233	0
883	chr7	84657640	84658140	0
884	chr7	109954986	109955486	0
885	chr7	117463066	117463566	0
886	chr7	122352614	122353114	0
887	chr8	22793646	22794380	0
888	chr8	34782160	34782660	0
889	chr8	85515770	85516270	0
890	chr8	113656085	113656585	0
891	chr8	114788551	114789327	0
892	chr8	125726551	125727181	0
893	chr9	7553550	7554050	0
894	chr9	21318168	21318668	0
895	chr9	25174690	25175190	0
896	chr9	107331579	107332239	0
897	chr10	6995854	6996354	0
898	chr10	17574607	17575107	0
899	chr10	18058437	18058937	0
900	chr10	76801805	76802739	0
901	chr10	78587113	78587747	0
902	chr10	93125729	93126229	0
903	chr10	96706984	96707484	0
904	chr10	111476130	111476630	0
905	chr10	118086465	118086965	0
906	chr10	120197230	120197730	0
907	chr11	7145100	7145600	0
908	chr11	19938504	19939004	0
909	chr11	20736997	20737497	0
910	chr11	51602031	51602725	0
911	chr11	60129696	60130196	0
912	chr11	75335606	75336106	0
913	chr11	100393768	100394268	0
914	chr11	104637558	104638058	0
915	chr11	117081829	117082601	0
916	chr12	25293999	25294499	0
917	chr12	25326821	25327447	0
918	chr12	25993564	25994064	0
919	chr12	91661557	91662289	0
920	chr12	99326553	99327053	0
921	chr12	102303616	102304116	0
922	chr12	115191889	115192389	0
923	chr13	24509371	24509871	0
924	chr13	30726782	30727282	0
925	chr13	44501418	44502074	0
926	chr13	107619635	107620135	0
927	chr14	25603617	25604117	0
928	chr14	27192696	27193196	0
929	chr14	27358513	27359013	0
930	chr14	67045084	67045584	0
931	chr15	10467116	10467824	0
932	chr15	38636450	38636950	0
933	chr15	80592922	80593422	0
934	chr16	10794583	10795083	0
935	chr16	23152355	23152855	0
936	chr16	24519134	24519634	0
937	chr16	36669137	36669637	0
938	chr16	45690472	45690972	0
939	chr17	29838252	29838936	0
940	chr17	51732078	51732578	0
941	chr17	51789207	51790001	0
942	chr17	51884451	51884951	0
943	chr17	84327429	84328065	0
944	chr17	86876877	86877377	0
945	chr18	6469229	6469729	0
946	chr18	44607845	44608521	0
947	chr18	65302499	65303147	0
948	chr18	75682602	75683102	0
949	chr19	18599568	18600068	0
950	chr19	20901107	20901607	0
951	chr19	21896895	21897395	0
952	chr19	29182470	29183204	0
953	chr19	46390942	46391442	0
954	chr1	75227121	75227819	0
955	chr1	87631693	87632193	0
956	chr1	91253859	91254359	0
957	chr1	106604260	106604760	0
958	chr1	156931947	156932447	0
959	chr2	11142728	11143360	0
960	chr2	21234959	21235593	0
961	chr2	71131721	71132221	0
962	chr2	73548347	73548847	0
963	chr2	90635218	90635718	0
964	chr2	128468463	128468963	0
965	chr2	153210188	153210688	0
966	chr2	160335736	160336236	0
967	chr3	95761226	95761860	0
968	chr3	97948456	97948956	0
969	chr3	121295534	121296162	0
970	chr4	56942830	56943330	0
971	chr4	122950752	122951252	0
972	chr5	37158224	37158926	0
973	chr5	53604865	53605365	0
974	chr5	66121572	66122210	0
975	chr5	89090268	89090768	0
976	chr5	110594493	110594993	0
977	chr5	122298388	122298888	0
978	chr6	18851978	18852758	0
979	chr6	54117873	54118373	0
980	chr6	99625447	99625947	0
981	chr6	106787796	106788296	0
982	chr6	120016581	120017081	0
983	chr6	129704812	129705312	0
984	chr7	17030243	17030743	0
985	chr7	56131048	56131780	0
986	chr7	79578644	79579328	0
987	chr7	97598092	97598728	0
988	chr7	114441138	114441822	0
989	chr7	123349900	123350544	0
990	chr7	139411650	139412150	0
991	chr8	34457962	34458462	0
992	chr8	36041843	36042343	0
993	chr8	70551509	70552307	0
994	chr8	81485987	81486487	0
995	chr8	94215889	94216595	0
996	chr8	94778861	94779495	0
997	chr8	116630428	116631158	0
998	chr8	122349492	122350120	0
999	chr9	7862171	7862671	0
1000	chr9	37236505	37237005	0
1001	chr9	61456620	61457272	0
1002	chr9	70691151	70691651	0
1003	chr9	75554158	75554658	0
1004	chr9	90236668	90237168	0
1005	chr9	123755853	123756353	0
1006	chr10	22726023	22726523	0
1007	chr10	69254029	69254529	0
1008	chr10	86785442	86786066	0
1009	chr10	117958252	117958920	0
1010	chr10	121466603	121467259	0
1011	chr11	17002353	17002853	0
1012	chr11	32698067	32698567	0
1013	chr11	34032784	34033284	0
1014	chr11	51629625	51630125	0
1015	chr11	79663231	79663731	0
1016	chr11	83558565	83559199	0
1017	chr11	94169181	94169681	0
1018	chr11	97978014	97978514	0
1019	chr11	114703107	114703607	0
1020	chr12	35885489	35885989	0
1021	chr12	79352416	79353068	0
1022	chr12	79647939	79648617	0
1023	chr12	99379481	99380137	0
1024	chr12	106774516	106775322	0
1025	chr12	112993932	112994432	0
1026	chr13	37106423	37106923	0
1027	chr13	44753538	44754166	0
1028	chr13	63530513	63531013	0
1029	chr13	101740396	101740896	0
1030	chr14	27367971	27368795	0
1031	chr14	30196178	30196678	0
1032	chr14	30428615	30429115	0
1033	chr14	33723078	33723578	0
1034	chr14	79543588	79544088	0
1035	chr14	120291212	120291712	0
1036	chr15	62167186	62167686	0
1037	chr15	75797092	75797592	0
1038	chr15	82826486	82826986	0
1039	chr16	24641571	24642071	0
1040	chr16	32642017	32642517	0
1041	chr16	52088933	52089583	0
1042	chr16	52107673	52108305	0
1043	chr16	55789949	55790579	0
1044	chr16	94583402	94583902	0
1045	chr17	24129324	24129824	0
1046	chr17	84330875	84331375	0
1047	chr18	65329588	65330088	0
1048	chr19	11391120	11391820	0
1049	chr19	53818985	53819615	0
1050	chr19	53868309	53868809	0
1051	chrX	48456784	48457468	0
1052	chrX	48493996	48494496	0
1053	chrX	96020675	96021337	0
1054	chr1	36753850	36754350	0
1055	chr1	38499163	38499663	0
1056	chr1	63110347	63110847	0
1057	chr1	82995790	82996290	0
1058	chr1	93071479	93071979	0
1059	chr1	130850788	130851288	0
1060	chr1	132032991	132033657	0
1061	chr1	136253819	136254319	0
1062	chr1	166121608	166122232	0
1063	chr2	29676090	29676794	0
1064	chr2	30112618	30113118	0
1065	chr2	35831183	35831683	0
1066	chr2	79546092	79546592	0
1067	chr2	167054790	167055290	0
1068	chr3	9625107	9625607	0
1069	chr3	30609240	30609740	0
1070	chr3	75548570	75549278	0
1071	chr3	107185906	107186406	0
1072	chr3	108439336	108439990	0
1073	chr3	129590288	129590788	0
1074	chr4	47234777	47235277	0
1075	chr4	126053380	126054160	0
1076	chr4	144978817	144979317	0
1077	chr4	155251957	155252457	0
1078	chr5	21248178	21248836	0
1079	chr6	33618285	33618785	0
1080	chr6	50394139	50394769	0
1081	chr6	87732503	87733003	0
1082	chr6	113487778	113488278	0
1083	chr6	120953910	120954410	0
1084	chr6	135227954	135228454	0
1085	chr7	45110843	45111343	0
1086	chr7	126416548	126417254	0
1087	chr7	130863863	130864363	0
1088	chr7	142349116	142349616	0
1089	chr8	11182223	11182935	0
1090	chr8	81609213	81609713	0
1091	chr8	81827986	81828486	0
1092	chr8	105920234	105920860	0
1093	chr8	106293232	106293732	0
1094	chr8	107576804	107577574	0
1095	chr9	40460991	40461491	0
1096	chr9	52052545	52053201	0
1097	chr9	56498044	56498544	0
1098	chr9	66562735	66563365	0
1099	chr9	97311526	97312026	0
1100	chr9	116292847	116293347	0
1101	chr9	116367309	116367809	0
1102	chr9	119724240	119724740	0
1103	chr10	13059682	13060182	0
1104	chr10	14114680	14115180	0
1105	chr10	19360742	19361242	0
1106	chr10	42032861	42033537	0
1107	chr10	61447982	61448482	0
1108	chr10	98926671	98927171	0
1109	chr10	128041400	128041900	0
1110	chr11	20914807	20915307	0
1111	chr11	32363481	32363981	0
1112	chr11	45869951	45870451	0
1113	chr11	55208143	55208801	0
1114	chr11	61042783	61043413	0
1115	chr11	87723748	87724396	0
1116	chr11	94310644	94311290	0
1117	chr11	95777643	95778143	0
1118	chr11	100891792	100892292	0
1119	chr11	111687397	111687897	0
1120	chr12	24599525	24600167	0
1121	chr12	28667303	28667949	0
1122	chr12	54600620	54601244	0
1123	chr12	75559818	75560446	0
1124	chr12	104237644	104238414	0
1125	chr12	107170690	107171190	0
1126	chr12	111224027	111224683	0
1127	chr12	118392234	118392734	0
1128	chr13	24652433	24653093	0
1129	chr13	43793964	43794464	0
1130	chr13	48525456	48525956	0
1131	chr13	64299772	64300272	0
1132	chr13	101661677	101662177	0
1133	chr13	114848737	114849237	0
1134	chr14	62311263	62311763	0
1135	chr14	70323496	70323996	0
1136	chr14	118823787	118824457	0
1137	chr14	121710687	121711321	0
1138	chr15	5740784	5741284	0
1139	chr15	25917622	25918122	0
1140	chr15	27733766	27734392	0
1141	chr15	31413008	31413654	0
1142	chr15	35918075	35918575	0
1143	chr15	61545054	61545554	0
1144	chr15	64052504	64053004	0
1145	chr15	64107101	64107601	0
1146	chr15	64255132	64255632	0
1147	chr15	65731019	65731519	0
1148	chr15	76273652	76274152	0
1149	chr15	85444020	85444670	0
1150	chr15	98626115	98626615	0
1151	chr16	4184710	4185210	0
1152	chr16	37650309	37650955	0
1153	chr16	50030546	50031046	0
1154	chr16	51674225	51674853	0
1155	chr17	32258589	32259089	0
1156	chr17	44458971	44459471	0
1157	chr17	50181013	50181513	0
1158	chr17	57185197	57185857	0
1159	chr18	11927866	11928366	0
1160	chr18	46059980	46060480	0
1161	chr19	29382447	29382947	0
1162	chr1	10325769	10326269	0
1163	chr1	38902836	38903336	0
1164	chr1	52708759	52709259	0
1165	chr1	55055675	55056347	0
1166	chr1	72227489	72227989	0
1167	chr1	72871919	72872419	0
1168	chr1	88505648	88506148	0
1169	chr1	156044614	156045114	0
1170	chr1	171937675	171938175	0
1171	chr1	177467311	177467811	0
1172	chr1	189916986	189917486	0
1173	chr2	9579155	9579655	0
1174	chr2	32931488	32931988	0
1175	chr2	35406107	35406769	0
1176	chr2	131420713	131421345	0
1177	chr2	152790926	152791426	0
1178	chr2	154797641	154798141	0
1179	chr2	165031361	165031861	0
1180	chr3	27616998	27617670	0
1181	chr3	96732746	96733246	0
1182	chr3	103391042	103391542	0
1183	chr3	106827794	106828294	0
1184	chr3	115875461	115876095	0
1185	chr3	126600255	126600899	0
1186	chr3	130883684	130884184	0
1187	chr3	139062851	139063351	0
1188	chr3	152951008	152951508	0
1189	chr4	56120078	56120578	0
1190	chr4	85669116	85669766	0
1191	chr4	88300886	88301386	0
1192	chr4	116688189	116688689	0
1193	chr4	119896804	119897304	0
1194	chr4	149651109	149651785	0
1195	chr5	35006572	35007072	0
1196	chr5	54099519	54100019	0
1197	chr5	62745809	62746309	0
1198	chr5	63966538	63967038	0
1199	chr5	74166610	74167110	0
1200	chr5	86808488	86808988	0
1201	chr5	100879480	100879980	0
1202	chr5	101937684	101938184	0
1203	chr5	103745481	103745981	0
1204	chr5	107971720	107972466	0
1205	chr5	108246417	108246917	0
1206	chr5	134678644	134679144	0
1207	chr5	135138808	135139308	0
1208	chr5	139395605	139396105	0
1209	chr5	142429623	142430257	0
1210	chr6	71747101	71747601	0
1211	chr6	86479580	86480206	0
1212	chr6	98113537	98114037	0
1213	chr6	100277637	100278137	0
1214	chr6	134713179	134713679	0
1215	chr6	135595688	135596188	0
1216	chr6	137156802	137157302	0
1217	chr7	24428196	24428696	0
1218	chr7	63981177	63981833	0
1219	chr7	84146802	84147302	0
1220	chr7	84682859	84683359	0
1221	chr7	99314255	99314917	0
1222	chr7	102203065	102203565	0
1223	chr7	120698251	120698751	0
1224	chr8	11202825	11203325	0
1225	chr8	88295906	88296406	0
1226	chr8	126880275	126880775	0
1227	chr9	22017490	22018166	0
1228	chr9	32760458	32760958	0
1229	chr9	41123057	41123557	0
1230	chr9	61391502	61392002	0
1231	chr9	115621189	115621689	0
1232	chr9	116191411	116191911	0
1233	chr9	118646340	118646840	0
1234	chr9	119898339	119898839	0
1235	chr9	120973447	120973947	0
1236	chr10	28592774	28593274	0
1237	chr10	54091758	54092258	0
1238	chr10	59933715	59934353	0
1239	chr10	60741024	60741524	0
1240	chr10	70060401	70060901	0
1241	chr10	80211658	80212158	0
1242	chr10	84554723	84555223	0
1243	chr10	86936128	86936628	0
1244	chr10	96239018	96239518	0
1245	chr10	96574417	96574917	0
1246	chr10	96655434	96655934	0
1247	chr10	99441261	99441761	0
1248	chr10	118090307	118090993	0
1249	chr10	121189313	121189813	0
1250	chr10	126869182	126869682	0
1251	chr11	4465310	4465936	0
1252	chr11	6692519	6693019	0
1253	chr11	6698513	6699013	0
1254	chr11	32648701	32649201	0
1255	chr11	51844779	51845279	0
1256	chr11	65751222	65751722	0
1257	chr11	79057682	79058182	0
1258	chr11	102210365	102210865	0
1259	chr11	113520154	113520654	0
1260	chr11	115337177	115337677	0
1261	chr11	115459701	115460331	0
1262	chr11	118142535	118143035	0
1263	chr12	12350828	12351328	0
1264	chr12	32285299	32285799	0
1265	chr12	54820433	54820933	0
1266	chr12	64974400	64974900	0
1267	chr12	71852425	71852925	0
1268	chr12	76943627	76944127	0
1269	chr12	102250703	102251203	0
1270	chr12	111946721	111947221	0
1271	chr13	23898434	23898934	0
1272	chr13	30153785	30154285	0
1273	chr13	37705382	37705882	0
1274	chr13	46355715	46356347	0
1275	chr13	101732780	101733474	0
1276	chr14	19713287	19713787	0
1277	chr14	30394862	30395362	0
1278	chr14	59442915	59443415	0
1279	chr14	62016445	62016945	0
1280	chr14	64639577	64640077	0
1281	chr14	72850095	72850849	0
1282	chr14	73234323	73234823	0
1283	chr15	36268031	36268531	0
1284	chr15	57877857	57878357	0
1285	chr15	74909057	74909557	0
1286	chr15	78500199	78500839	0
1287	chr15	95906670	95907170	0
1288	chr15	96184526	96185156	0
1289	chr15	96694814	96695314	0
1290	chr15	98969828	98970328	0
1291	chr16	33693919	33694419	0
1292	chr16	76358529	76359029	0
1293	chr17	5066355	5066855	0
1294	chr17	17603173	17603673	0
1295	chr17	28700198	28700698	0
1296	chr17	28899252	28899994	0
1297	chr17	28926347	28926847	0
1298	chr17	29744871	29745525	0
1299	chr17	33470715	33471215	0
1300	chr17	50514545	50515045	0
1301	chr17	69422227	69422727	0
1302	chr17	73893207	73893707	0
1303	chr17	86313339	86313977	0
1304	chr17	86709035	86709535	0
1305	chr18	50055607	50056107	0
1306	chr18	62173030	62173530	0
1307	chr18	79090082	79090582	0
1308	chr19	6302921	6303421	0
1309	chr19	21603035	21603535	0
1310	chr19	41900302	41900802	0
1311	chr19	58389767	58390267	0
1312	chr19	60895109	60895609	0
1313	chr1	13342652	13343152	0
1314	chr1	38770178	38770678	0
1315	chr1	39867733	39868233	0
1316	chr1	72141759	72142259	0
1317	chr1	87757971	87758471	0
1318	chr1	106580144	106580792	0
1319	chr1	136122552	136123052	0
1320	chr1	143466481	143466981	0
1321	chr1	156454828	156455328	0
1322	chr1	182225125	182225625	0
1323	chr1	184467326	184467826	0
1324	chr1	189819707	189820207	0
1325	chr2	27697331	27697971	0
1326	chr2	28506460	28506960	0
1327	chr2	32879779	32880279	0
1328	chr2	33821575	33822075	0
1329	chr2	43804893	43805393	0
1330	chr2	68350321	68350821	0
1331	chr2	73584485	73584985	0
1332	chr2	73889985	73890485	0
1333	chr2	103941467	103941967	0
1334	chr2	127723221	127723721	0
1335	chr2	128395507	128396007	0
1336	chr2	150308627	150309127	0
1337	chr2	156278610	156279110	0
1338	chr2	160665328	160665828	0
1339	chr2	170216255	170216755	0
1340	chr2	174564576	174565076	0
1341	chr3	9815854	9816354	0
1342	chr3	37155405	37155905	0
1343	chr3	51422557	51423057	0
1344	chr3	52308076	52308576	0
1345	chr3	96340342	96340842	0
1346	chr3	106725008	106725508	0
1347	chr3	142311273	142311773	0
1348	chr4	8907358	8907858	0
1349	chr4	11488525	11489025	0
1350	chr4	15930690	15931190	0
1351	chr4	32100563	32101063	0
1352	chr4	62593033	62593533	0
1353	chr4	84977191	84977691	0
1354	chr4	102681268	102681768	0
1355	chr4	102688794	102689294	0
1356	chr4	121196168	121196668	0
1357	chr4	122891774	122892274	0
1358	chr4	129791187	129791687	0
1359	chr4	131880461	131880961	0
1360	chr4	132505190	132505690	0
1361	chr4	135390658	135391158	0
1362	chr4	141898428	141899058	0
1363	chr5	23102588	23103088	0
1364	chr5	32849982	32850608	0
1365	chr5	34184101	34184601	0
1366	chr5	37058871	37059505	0
1367	chr5	43854872	43855372	0
1368	chr5	63837070	63837570	0
1369	chr5	72793070	72793570	0
1370	chr5	91946460	91947108	0
1371	chr5	121740219	121740719	0
1372	chr5	123230278	123230778	0
1373	chr5	123417253	123417753	0
1374	chr5	123487455	123487955	0
1375	chr5	135997418	135997918	0
1376	chr5	139208101	139208601	0
1377	chr6	22374396	22374896	0
1378	chr6	41062199	41062699	0
1379	chr6	47460375	47460875	0
1380	chr6	48837099	48837849	0
1381	chr6	67340173	67340673	0
1382	chr6	88785257	88785757	0
1383	chr6	100238062	100238562	0
1384	chr6	119523609	119524109	0
1385	chr6	125510719	125511219	0
1386	chr6	129261358	129261858	0
1387	chr6	134094896	134095396	0
1388	chr6	142886867	142887367	0
1389	chr6	145020154	145020654	0
1390	chr6	146004131	146004631	0
1391	chr7	19558374	19558874	0
1392	chr7	58714577	58715077	0
1393	chr7	75489460	75489960	0
1394	chr7	78953900	78954400	0
1395	chr7	98563161	98563661	0
1396	chr7	98913773	98914273	0
1397	chr7	99532682	99533182	0
1398	chr7	110285958	110286458	0
1399	chr7	114454964	114455464	0
1400	chr7	125704665	125705165	0
1401	chr7	139441273	139441773	0
1402	chr8	22877550	22878050	0
1403	chr8	35677434	35677934	0
1404	chr8	36140235	36140735	0
1405	chr8	61570719	61571219	0
1406	chr8	72133709	72134209	0
1407	chr8	81618023	81618523	0
1408	chr8	83914659	83915339	0
1409	chr8	84056305	84056805	0
1410	chr8	84239454	84239954	0
1411	chr8	106153370	106153870	0
1412	chr8	119553886	119554386	0
1413	chr8	123718963	123719463	0
1414	chr8	128589818	128590318	0
1415	chr9	14925111	14925611	0
1416	chr9	42463350	42463850	0
1417	chr9	44718425	44718925	0
1418	chr9	45289873	45290373	0
1419	chr9	64563571	64564071	0
1420	chr9	66603578	66604078	0
1421	chr9	67814635	67815135	0
1422	chr9	69111873	69112373	0
1423	chr9	72106203	72106703	0
1424	chr9	77472107	77472607	0
1425	chr9	77959020	77959520	0
1426	chr9	79809900	79810400	0
1427	chr9	80073647	80074147	0
1428	chr9	96858660	96859160	0
1429	chr9	96911722	96912222	0
1430	chr9	104409212	104409712	0
1431	chr9	115489713	115490213	0
1432	chr9	117873201	117873701	0
1433	chr10	18967966	18968606	0
1434	chr10	22271702	22272202	0
1435	chr10	28541668	28542168	0
1436	chr10	40072086	40072586	0
1437	chr10	40295756	40296452	0
1438	chr10	42510265	42510765	0
1439	chr10	53959152	53959652	0
1440	chr10	75365951	75366451	0
1441	chr10	111159674	111160174	0
1442	chr10	117111335	117111835	0
1443	chr10	117277495	117278143	0
1444	chr11	19955716	19956468	0
1445	chr11	26576310	26576810	0
1446	chr11	44869651	44870151	0
1447	chr11	54058620	54059250	0
1448	chr11	54201888	54202388	0
1449	chr11	57689316	57689816	0
1450	chr11	75209108	75209608	0
1451	chr11	75996147	75996647	0
1452	chr11	77699580	77700248	0
1453	chr11	88950919	88951571	0
1454	chr11	98878195	98878695	0
1455	chr11	100916279	100916779	0
1456	chr11	118461480	118461980	0
1457	chr12	25347753	25348253	0
1458	chr12	36077997	36078497	0
1459	chr12	73642544	73643044	0
1460	chr12	77124128	77124628	0
1461	chr12	83554759	83555259	0
1462	chr12	99469577	99470077	0
1463	chr12	107379888	107380388	0
1464	chr12	108173573	108174073	0
1465	chr12	116170422	116171050	0
1466	chr12	118220836	118221336	0
1467	chr13	24645264	24645764	0
1468	chr13	32997931	32998431	0
1469	chr13	37628279	37628779	0
1470	chr13	37830863	37831363	0
1471	chr13	44794485	44794985	0
1472	chr13	91827027	91827527	0
1473	chr13	96555621	96556121	0
1474	chr13	109901096	109901596	0
1475	chr13	117260777	117261277	0
1476	chr14	19965666	19966290	0
1477	chr14	25505940	25506440	0
1478	chr14	27375049	27375549	0
1479	chr14	30429270	30429770	0
1480	chr14	53901275	53901775	0
1481	chr14	60049117	60049617	0
1482	chr14	70281436	70281936	0
1483	chr14	70992993	70993493	0
1484	chr14	76566768	76567460	0
1485	chr14	122006201	122006701	0
1486	chr15	5516400	5516900	0
1487	chr15	41914713	41915213	0
1488	chr15	55855193	55855693	0
1489	chr15	76219441	76219941	0
1490	chr15	81094548	81095048	0
1491	chr15	81603981	81604629	0
1492	chr15	86020060	86020560	0
1493	chr15	93094851	93095351	0
1494	chr15	97576797	97577297	0
1495	chr15	103268693	103269193	0
1496	chr16	5411775	5412275	0
1497	chr16	14365941	14366441	0
1498	chr16	84638441	84639101	0
1499	chr16	89833557	89834181	0
1500	chr16	90489551	90490051	0
1501	chr16	91475094	91475594	0
1502	chr16	94631377	94631877	0
1503	chr16	97468242	97468742	0
1504	chr17	24116733	24117539	0
1505	chr17	30608909	30609409	0
1506	chr17	51885381	51885881	0
1507	chr17	73871170	73871670	0
1508	chr17	73970794	73971294	0
1509	chr18	4344620	4345120	0
1510	chr18	6468208	6468708	0
1511	chr18	34224013	34224513	0
1512	chr18	54300723	54301353	0
1513	chr18	55107202	55107702	0
1514	chr18	65369583	65370083	0
1515	chr18	65809330	65809830	0
1516	chr18	73642984	73643484	0
1517	chr18	74787257	74787757	0
1518	chr18	80179571	80180071	0
1519	chr19	9929251	9929751	0
1520	chr19	17264200	17264700	0
1521	chr19	40475914	40476578	0
1522	chr19	42522696	42523458	0
1523	chr19	45628696	45629196	0
1524	chr19	53435952	53436452	0
1525	chrX	101329110	101329734	0
1526	chrX	102038600	102039100	0
1527	chrX	164318320	164318820	0
1528	chr1	52649360	52649860	0
1529	chr1	74296118	74296618	0
1530	chr1	86437471	86437971	0
1531	chr1	91337392	91337892	0
1532	chr1	92171951	92172451	0
1533	chr1	132265372	132265872	0
1534	chr1	134071251	134071751	0
1535	chr2	26783476	26783976	0
1536	chr2	27715316	27715816	0
1537	chr2	28144986	28145486	0
1538	chr2	45172800	45173426	0
1539	chr2	68429072	68429572	0
1540	chr2	103667724	103668224	0
1541	chr2	118486906	118487406	0
1542	chr2	129177167	129177667	0
1543	chr2	132646571	132647071	0
1544	chr2	179937536	179938036	0
1545	chr2	179958808	179959308	0
1546	chr3	115735021	115735521	0
1547	chr4	45947900	45948400	0
1548	chr4	47775767	47776267	0
1549	chr4	132881032	132881662	0
1550	chr4	134036178	134036678	0
1551	chr4	134109707	134110207	0
1552	chr4	151152394	151152894	0
1553	chr5	35778687	35779187	0
1554	chr5	112121774	112122274	0
1555	chr5	118045974	118046614	0
1556	chr5	118577865	118578365	0
1557	chr5	136166890	136167390	0
1558	chr5	143423932	143424432	0
1559	chr6	90599316	90599816	0
1560	chr6	90743837	90744337	0
1561	chr6	137795620	137796120	0
1562	chr6	142834671	142835171	0
1563	chr6	144270472	144270972	0
1564	chr7	24267362	24267862	0
1565	chr7	30607849	30608349	0
1566	chr7	45362592	45363092	0
1567	chr7	45770734	45771234	0
1568	chr7	66243081	66243581	0
1569	chr7	82234951	82235451	0
1570	chr7	132324024	132324682	0
1571	chr7	133711224	133711724	0
1572	chr7	138843820	138844320	0
1573	chr7	143287859	143288359	0
1574	chr8	72414902	72415402	0
1575	chr8	72417303	72417803	0
1576	chr8	79059108	79059608	0
1577	chr8	83903827	83904521	0
1578	chr8	111964842	111965342	0
1579	chr9	44008981	44009481	0
1580	chr9	64703518	64704018	0
1581	chr9	65810205	65810705	0
1582	chr9	77970075	77970575	0
1583	chr9	108793704	108794204	0
1584	chr9	112225188	112225688	0
1585	chr9	113857039	113857539	0
1586	chr9	114050232	114050732	0
1587	chr9	115854132	115854632	0
1588	chr9	118654634	118655134	0
1589	chr9	121398108	121398608	0
1590	chr10	19994715	19995215	0
1591	chr10	30635313	30635813	0
1592	chr10	42200342	42200978	0
1593	chr10	60367976	60368476	0
1594	chr10	61980853	61981353	0
1595	chr10	77517321	77517821	0
1596	chr10	78117202	78117702	0
1597	chr10	111181201	111181701	0
1598	chr10	111194412	111194912	0
1599	chr11	8701493	8701993	0
1600	chr11	45917340	45917840	0
1601	chr11	49764467	49764967	0
1602	chr11	53113266	53113766	0
1603	chr11	53821935	53822435	0
1604	chr11	77591246	77591746	0
1605	chr11	85230958	85231458	0
1606	chr11	99180784	99181284	0
1607	chr11	100422698	100423198	0
1608	chr11	121725593	121726093	0
1609	chr12	8689200	8689700	0
1610	chr12	15986405	15986905	0
1611	chr12	17765074	17765574	0
1612	chr12	26268348	26268848	0
1613	chr12	73589856	73590488	0
1614	chr12	73850452	73850952	0
1615	chr12	75825442	75825942	0
1616	chr12	105110923	105111423	0
1617	chr12	113466326	113466826	0
1618	chr12	117679500	117680000	0
1619	chr13	41783525	41784025	0
1620	chr13	52106432	52107074	0
1621	chr13	59745446	59745946	0
1622	chr13	91505700	91506200	0
1623	chr13	97290819	97291319	0
1624	chr13	113603162	113603662	0
1625	chr14	20168580	20169080	0
1626	chr14	31440270	31440770	0
1627	chr14	62878229	62878729	0
1628	chr14	66201098	66201598	0
1629	chr15	5777335	5777835	0
1630	chr15	27340147	27340777	0
1631	chr15	58163424	58163924	0
1632	chr15	67048381	67048881	0
1633	chr15	77876969	77877469	0
1634	chr15	98002102	98002602	0
1635	chr15	99154760	99155260	0
1636	chr16	5375233	5375733	0
1637	chr16	14197587	14198223	0
1638	chr16	19854458	19855096	0
1639	chr16	24435011	24435511	0
1640	chr16	30036761	30037261	0
1641	chr16	45383326	45383826	0
1642	chr17	5558310	5558810	0
1643	chr17	7238970	7239470	0
1644	chr17	33778667	33779167	0
1645	chr17	33923259	33923925	0
1646	chr17	45766856	45767356	0
1647	chr17	50504247	50504747	0
1648	chr17	74532865	74533365	0
1649	chr17	83393657	83394157	0
1650	chr18	4292807	4293307	0
1651	chr18	39582110	39582610	0
1652	chr19	5136715	5137215	0
1653	chr19	32169882	32170382	0
1654	chrX	11755463	11755963	0
1655	chrX	48480928	48481428	0
1656	chrX	77428387	77428887	0
1657	chrX	152212970	152213626	0
1658	chrX	157484451	157484951	0
1659	chr1	9825787	9826287	0
1660	chr1	20913818	20914458	0
1661	chr1	36987057	36987557	0
1662	chr1	52823133	52823633	0
1663	chr1	82292836	82293336	0
1664	chr1	91023562	91024062	0
1665	chr1	120207203	120207703	0
1666	chr1	127235971	127236471	0
1667	chr1	127353259	127353759	0
1668	chr1	130999560	131000060	0
1669	chr1	134565211	134565711	0
1670	chr1	136707798	136708298	0
1671	chr1	151431562	151432062	0
1672	chr1	152896496	152896996	0
1673	chr1	164144364	164144864	0
1674	chr1	170212231	170212731	0
1675	chr1	170535906	170536406	0
1676	chr2	27213458	27213958	0
1677	chr2	28145667	28146167	0
1678	chr2	29246482	29246982	0
1679	chr2	33303586	33304086	0
1680	chr2	59748003	59748645	0
1681	chr2	65550090	65550590	0
1682	chr2	79247078	79247578	0
1683	chr2	93204007	93204507	0
1684	chr2	93439947	93440447	0
1685	chr2	125014432	125014932	0
1686	chr2	132614273	132614773	0
1687	chr2	139732734	139733234	0
1688	chr2	154826869	154827369	0
1689	chr2	156442141	156442641	0
1690	chr2	156845838	156846338	0
1691	chr2	168189997	168190497	0
1692	chr2	174636847	174637347	0
1693	chr3	9195944	9196444	0
1694	chr3	58055533	58056033	0
1695	chr3	75544410	75544910	0
1696	chr3	79171656	79172156	0
1697	chr3	81989905	81990405	0
1698	chr3	85023026	85023526	0
1699	chr3	98033586	98034218	0
1700	chr3	100822810	100823310	0
1701	chr3	101150115	101150615	0
1702	chr3	104376497	104376997	0
1703	chr3	135621468	135621968	0
1704	chr4	8821397	8821897	0
1705	chr4	26340134	26340634	0
1706	chr4	32319021	32319657	0
1707	chr4	32961129	32961629	0
1708	chr4	34873639	34874139	0
1709	chr4	35136058	35136558	0
1710	chr4	46529764	46530264	0
1711	chr4	116563239	116563739	0
1712	chr4	116787680	116788180	0
1713	chr4	119614091	119614591	0
1714	chr4	135266425	135267061	0
1715	chr4	143152258	143152758	0
1716	chr4	149618750	149619250	0
1717	chr5	3477407	3477907	0
1718	chr5	21517223	21517723	0
1719	chr5	24319826	24320326	0
1720	chr5	31288427	31288927	0
1721	chr5	32746853	32747353	0
1722	chr5	36528921	36529421	0
1723	chr5	67842096	67842596	0
1724	chr5	103435868	103436368	0
1725	chr5	104958108	104958608	0
1726	chr5	111512036	111512664	0
1727	chr5	112082572	112083072	0
1728	chr5	118582123	118582623	0
1729	chr5	122179343	122179843	0
1730	chr5	131519057	131519557	0
1731	chr5	142414300	142414958	0
1732	chr5	144109520	144110020	0
1733	chr5	145118434	145118934	0
1734	chr6	57859642	57860142	0
1735	chr6	73267522	73268022	0
1736	chr6	90684213	90684883	0
1737	chr6	92101101	92101601	0
1738	chr6	108313003	108313503	0
1739	chr6	122599660	122600160	0
1740	chr6	129599767	129600267	0
1741	chr6	134086558	134087242	0
1742	chr7	16207591	16208091	0
1743	chr7	16676825	16677325	0
1744	chr7	30045147	30045647	0
1745	chr7	46546100	46546600	0
1746	chr7	49335692	49336192	0
1747	chr7	63887371	63887871	0
1748	chr7	65373591	65374221	0
1749	chr7	67995015	67995515	0
1750	chr7	74538771	74539477	0
1751	chr7	75708717	75709217	0
1752	chr7	81547437	81547937	0
1753	chr7	97339340	97339840	0
1754	chr7	98555350	98555850	0
1755	chr7	100859119	100859619	0
1756	chr7	106520219	106520719	0
1757	chr7	110063373	110063873	0
1758	chr7	125478166	125478666	0
1759	chr7	128104972	128105472	0
1760	chr7	132940737	132941237	0
1761	chr7	132942001	132942501	0
1762	chr7	133003218	133003718	0
1763	chr7	135557307	135557807	0
1764	chr8	3766297	3766797	0
1765	chr8	4496966	4497466	0
1766	chr8	12801479	12801979	0
1767	chr8	33797196	33797696	0
1768	chr8	33973581	33974081	0
1769	chr8	46928542	46929042	0
1770	chr8	72109730	72110230	0
1771	chr8	77209293	77209793	0
1772	chr8	108722956	108723456	0
1773	chr8	111297566	111298066	0
1774	chr8	116618716	116619216	0
1775	chr8	123191534	123192034	0
1776	chr9	13442067	13442567	0
1777	chr9	13716268	13716768	0
1778	chr9	14063166	14063666	0
1779	chr9	66492247	66492747	0
1780	chr9	71975314	71975940	0
1781	chr9	99090314	99090814	0
1782	chr9	110676649	110677287	0
1783	chr10	13382791	13383291	0
1784	chr10	17990323	17990823	0
1785	chr10	20316444	20316944	0
1786	chr10	78305846	78306346	0
1787	chr10	80094489	80094989	0
1788	chr10	85651434	85651934	0
1789	chr10	96351338	96351838	0
1790	chr10	96540535	96541035	0
1791	chr10	98976852	98977352	0
1792	chr10	118466599	118467099	0
1793	chr11	5732803	5733303	0
1794	chr11	6130441	6130941	0
1795	chr11	21127691	21128191	0
1796	chr11	31747403	31747903	0
1797	chr11	32028808	32029308	0
1798	chr11	46120276	46120776	0
1799	chr11	52257590	52258090	0
1800	chr11	52365886	52366386	0
1801	chr11	54885495	54885995	0
1802	chr11	71733584	71734084	0
1803	chr11	75841513	75842013	0
1804	chr11	86246958	86247458	0
1805	chr11	94313705	94314205	0
1806	chr11	110458397	110458897	0
1807	chr11	115424751	115425251	0
1808	chr11	115702325	115702825	0
1809	chr11	115838178	115838678	0
1810	chr11	117087890	117088390	0
1811	chr12	15979216	15979716	0
1812	chr12	28741006	28741506	0
1813	chr12	76859810	76860310	0
1814	chr12	80835545	80836045	0
1815	chr12	102360743	102361243	0
1816	chr12	102607903	102608403	0
1817	chr13	13785556	13786056	0
1818	chr13	30041299	30041799	0
1819	chr13	30197096	30197596	0
1820	chr13	113047852	113048352	0
1821	chr14	30035339	30035839	0
1822	chr14	32168194	32168694	0
1823	chr14	52451940	52452440	0
1824	chr14	54435750	54436250	0
1825	chr14	62022146	62022646	0
1826	chr14	62990913	62991413	0
1827	chr14	66272494	66272994	0
1828	chr14	73041896	73042396	0
1829	chr14	73170141	73170641	0
1830	chr14	76825425	76825925	0
1831	chr15	25536438	25536938	0
1832	chr15	53128810	53129310	0
1833	chr15	61417256	61417756	0
1834	chr15	72852246	72852948	0
1835	chr15	79752222	79752722	0
1836	chr15	80834005	80834505	0
1837	chr15	86012814	86013314	0
1838	chr15	101160810	101161310	0
1839	chr16	8727081	8727713	0
1840	chr16	10905405	10905905	0
1841	chr16	23597800	23598300	0
1842	chr16	30708942	30709442	0
1843	chr16	45004883	45005383	0
1844	chr16	49846917	49847417	0
1845	chr16	75917639	75918139	0
1846	chr17	28829083	28829765	0
1847	chr17	29585523	29586023	0
1848	chr17	83901673	83902173	0
1849	chr17	84391040	84391540	0
1850	chr18	14678953	14679453	0
1851	chr18	32568876	32569376	0
1852	chr18	39558929	39559429	0
1853	chr18	44586146	44586646	0
1854	chr18	60731740	60732240	0
1855	chr18	89253911	89254411	0
1856	chr19	3359297	3359797	0
1857	chr19	3561863	3562363	0
1858	chr19	6269732	6270232	0
1859	chr19	6855139	6855639	0
1860	chr19	7331178	7331678	0
1861	chr19	7471644	7472144	0
1862	chr19	9100850	9101350	0
1863	chr19	18590266	18590766	0
1864	chr19	18786927	18787427	0
1865	chrX	37128032	37128532	0
1866	chrX	52754623	52755123	0
1867	chrX	75108749	75109405	0
1868	chrX	77797536	77798190	0
1869	chrX	159672411	159672911	0
1870	chrX	167198696	167199342	0
1871	chr1	6224252	6224752	0
1872	chr1	34826365	34826865	0
1873	chr1	39487740	39488240	0
1874	chr1	54836821	54837321	0
1875	chr1	60485202	60485702	0
1876	chr1	64193952	64194452	0
1877	chr1	74368163	74368663	0
1878	chr1	84833344	84833844	0
1879	chr1	91083231	91083731	0
1880	chr1	92121838	92122338	0
1881	chr1	106228961	106229461	0
1882	chr1	128597801	128598301	0
1883	chr1	131747746	131748246	0
1884	chr1	136688067	136688567	0
1885	chr1	136703823	136704323	0
1886	chr1	138384671	138385171	0
1887	chr1	151690205	151690705	0
1888	chr1	159235878	159236378	0
1889	chr1	162748501	162749001	0
1890	chr1	165676709	165677209	0
1891	chr1	172046854	172047354	0
1892	chr2	4562301	4562801	0
1893	chr2	15065036	15065536	0
1894	chr2	24608656	24609156	0
1895	chr2	27518487	27518987	0
1896	chr2	35239986	35240486	0
1897	chr2	35729025	35729525	0
1898	chr2	52390654	52391154	0
1899	chr2	58456705	58457205	0
1900	chr2	69128209	69128709	0
1901	chr2	85002644	85003310	0
1902	chr2	102392957	102393457	0
1903	chr2	103626717	103627217	0
1904	chr2	115667643	115668143	0
1905	chr2	154674951	154675451	0
1906	chr2	165793678	165794178	0
1907	chr2	166967097	166967597	0
1908	chr2	167585110	167585610	0
1909	chr2	173337370	173337998	0
1910	chr3	9247947	9248447	0
1911	chr3	9844222	9844722	0
1912	chr3	20307865	20308365	0
1913	chr3	28422057	28422557	0
1914	chr3	55440727	55441227	0
1915	chr3	86201505	86202005	0
1916	chr3	88966921	88967421	0
1917	chr3	89451886	89452386	0
1918	chr3	89735935	89736435	0
1919	chr3	89770463	89770963	0
1920	chr3	90614176	90614676	0
1921	chr3	97980511	97981011	0
1922	chr3	104752853	104753353	0
1923	chr3	109591366	109591866	0
1924	chr4	8770438	8770938	0
1925	chr4	33242820	33243320	0
1926	chr4	44938207	44938707	0
1927	chr4	88029146	88029646	0
1928	chr4	89092501	89093001	0
1929	chr4	95209483	95209983	0
1930	chr4	98281683	98282183	0
1931	chr4	102604138	102604638	0
1932	chr4	130670748	130671248	0
1933	chr4	133153583	133154083	0
1934	chr4	139219572	139220198	0
1935	chr4	141714767	141715267	0
1936	chr4	143148422	143148922	0
1937	chr4	148069777	148070277	0
1938	chr4	150941071	150941571	0
1939	chr4	155083172	155083672	0
1940	chr5	29740855	29741355	0
1941	chr5	31514320	31514820	0
1942	chr5	54020143	54020643	0
1943	chr5	65487201	65487701	0
1944	chr5	65991430	65991930	0
1945	chr5	72175723	72176223	0
1946	chr5	105686087	105686587	0
1947	chr5	113664083	113664583	0
1948	chr5	122062425	122062925	0
1949	chr5	122638681	122639181	0
1950	chr5	135990556	135991056	0
1951	chr5	136529034	136529534	0
1952	chr5	140838244	140838744	0
1953	chr5	146787640	146788140	0
1954	chr5	151248611	151249111	0
1955	chr6	34277644	34278144	0
1956	chr6	38202401	38202901	0
1957	chr6	38814562	38815062	0
1958	chr6	48567067	48567567	0
1959	chr6	48761924	48762424	0
1960	chr6	51729090	51729590	0
1961	chr6	53958375	53958875	0
1962	chr6	65603203	65603703	0
1963	chr6	67105153	67105653	0
1964	chr6	72878365	72878865	0
1965	chr6	83323104	83323740	0
1966	chr6	95098274	95098774	0
1967	chr6	100253731	100254231	0
1968	chr6	112333913	112334413	0
1969	chr6	114882161	114882661	0
1970	chr6	114887399	114887899	0
1971	chr6	130311860	130312360	0
1972	chr6	131277082	131277582	0
1973	chr6	134122998	134123498	0
1974	chr6	140441191	140441691	0
1975	chr6	146461139	146461639	0
1976	chr7	16246267	16246767	0
1977	chr7	19216882	19217382	0
1978	chr7	19804489	19804989	0
1979	chr7	25275844	25276344	0
1980	chr7	29431983	29432483	0
1981	chr7	42493957	42494457	0
1982	chr7	66128225	66128725	0
1983	chr7	68236547	68237047	0
1984	chr7	73518339	73518839	0
1985	chr7	75480250	75480750	0
1986	chr7	101066556	101067056	0
1987	chr7	110203561	110204061	0
1988	chr7	130184347	130184847	0
1989	chr7	132954040	132954540	0
1990	chr7	139406224	139406724	0
1991	chr8	4495809	4496309	0
1992	chr8	57593819	57594319	0
1993	chr8	61236537	61237037	0
1994	chr8	68121462	68122116	0
1995	chr8	70563958	70564458	0
1996	chr8	79225548	79226048	0
1997	chr8	83718395	83718895	0
1998	chr8	88210005	88210505	0
1999	chr8	91369545	91370045	0
2000	chr8	105642011	105642511	0
2001	chr8	105650725	105651225	0
2002	chr8	105687641	105688141	0
2003	chr8	108392756	108393256	0
2004	chr8	111255360	111255860	0
2005	chr8	115018688	115019188	0
2006	chr8	116102215	116102715	0
2007	chr8	121568718	121569218	0
2008	chr8	121967880	121968380	0
2009	chr8	126655966	126656466	0
2010	chr8	126864832	126865332	0
2011	chr9	25484275	25484775	0
2012	chr9	31039316	31039816	0
2013	chr9	32607267	32607767	0
2014	chr9	37357296	37357796	0
2015	chr9	41086104	41086604	0
2016	chr9	42142074	42142574	0
2017	chr9	45254703	45255203	0
2018	chr9	46092380	46092880	0
2019	chr9	59462798	59463298	0
2020	chr9	61923904	61924404	0
2021	chr9	62944762	62945262	0
2022	chr9	63167159	63167659	0
2023	chr9	95834239	95834739	0
2024	chr9	109968260	109968760	0
2025	chr9	114455469	114455969	0
2026	chr9	118759220	118759720	0
2027	chr9	119745756	119746256	0
2028	chr10	7731691	7732191	0
2029	chr10	12836746	12837246	0
2030	chr10	13055873	13056373	0
2031	chr10	13057001	13057501	0
2032	chr10	21027500	21028000	0
2033	chr10	60808516	60809016	0
2034	chr10	70148501	70149001	0
2035	chr10	70152335	70152835	0
2036	chr10	77371831	77372331	0
2037	chr10	108182243	108182743	0
2038	chr10	116159305	116159805	0
2039	chr11	3394246	3394746	0
2040	chr11	23260714	23261214	0
2041	chr11	29384363	29384863	0
2042	chr11	46073244	46073744	0
2043	chr11	51551203	51551703	0
2044	chr11	55214006	55214506	0
2045	chr11	74531431	74532061	0
2046	chr11	77496262	77496762	0
2047	chr11	88605481	88605981	0
2048	chr11	95392598	95393098	0
2049	chr11	95829457	95829957	0
2050	chr11	101700670	101701170	0
2051	chr11	103180841	103181341	0
2052	chr11	103320719	103321219	0
2053	chr11	104360198	104360698	0
2054	chr11	104420671	104421171	0
2055	chr11	119142050	119142550	0
2056	chr11	121530089	121530589	0
2057	chr12	17713775	17714275	0
2058	chr12	26086828	26087328	0
2059	chr12	34906403	34906903	0
2060	chr12	73446407	73446907	0
2061	chr12	79613880	79614380	0
2062	chr12	83594457	83594957	0
2063	chr12	85121514	85122014	0
2064	chr12	98452355	98452855	0
2065	chr12	102337427	102337927	0
2066	chr12	111143160	111143660	0
2067	chr12	115963493	115964139	0
2068	chr13	9190954	9191454	0
2069	chr13	29760317	29760817	0
2070	chr13	35811493	35811993	0
2071	chr13	38933211	38933711	0
2072	chr13	44637973	44638473	0
2073	chr13	46344455	46344955	0
2074	chr13	51114135	51114635	0
2075	chr13	52023766	52024266	0
2076	chr13	52893512	52894012	0
2077	chr13	55359660	55360160	0
2078	chr13	95533927	95534427	0
2079	chr13	99093284	99093784	0
2080	chr13	111249518	111250018	0
2081	chr13	112395977	112396477	0
2082	chr13	112422047	112422547	0
2083	chr14	21757131	21757631	0
2084	chr14	25156179	25156679	0
2085	chr14	25485603	25486237	0
2086	chr14	27427061	27427561	0
2087	chr14	31596639	31597139	0
2088	chr14	47077241	47077741	0
2089	chr14	50938614	50939114	0
2090	chr14	61691479	61691979	0
2091	chr15	27760877	27761377	0
2092	chr15	30977232	30977862	0
2093	chr15	57935722	57936222	0
2094	chr15	88754504	88755004	0
2095	chr15	97717765	97718265	0
2096	chr15	100897934	100898434	0
2097	chr16	4161158	4161658	0
2098	chr16	4162191	4162691	0
2099	chr16	4961772	4962272	0
2100	chr16	11091651	11092151	0
2101	chr16	11559097	11559597	0
2102	chr16	30536044	30536544	0
2103	chr16	30673476	30673976	0
2104	chr16	31196624	31197124	0
2105	chr16	32072961	32073461	0
2106	chr16	32170987	32171487	0
2107	chr16	44312726	44313226	0
2108	chr16	55946815	55947315	0
2109	chr16	64988031	64988531	0
2110	chr16	91449574	91450074	0
2111	chr16	91527453	91527953	0
2112	chr16	93042906	93043406	0
2113	chr16	95619351	95619851	0
2114	chr16	95707880	95708380	0
2115	chr17	29464973	29465473	0
2116	chr17	30348797	30349297	0
2117	chr17	32317757	32318257	0
2118	chr17	45692264	45692764	0
2119	chr17	48739020	48739520	0
2120	chr17	49432367	49432867	0
2121	chr17	50330205	50330705	0
2122	chr17	56580104	56580604	0
2123	chr17	57110868	57111368	0
2124	chr17	66058768	66059268	0
2125	chr17	80477106	80477606	0
2126	chr17	83378557	83379057	0
2127	chr17	84018601	84019101	0
2128	chr17	84965331	84965831	0
2129	chr18	4337666	4338166	0
2130	chr18	5687117	5687617	0
2131	chr18	11974890	11975390	0
2132	chr18	15205254	15205754	0
2133	chr18	36483195	36483695	0
2134	chr18	38713607	38714107	0
2135	chr18	39448933	39449433	0
2136	chr18	50062192	50062692	0
2137	chr18	56575692	56576322	0
2138	chr18	66436633	66437277	0
2139	chr18	78132508	78133008	0
2140	chr19	11376465	11376965	0
2141	chr19	29441159	29441659	0
2142	chr19	34560302	34560802	0
2143	chr19	36413424	36413924	0
2144	chr19	53152517	53153017	0
2145	chr19	56817797	56818297	0
2146	chr19	60946374	60946874	0
2147	chrX	7965805	7966305	0
2148	chrX	50932602	50933102	0
2149	chrX	57311692	57312192	0
2150	chrX	75059081	75059581	0
2151	chrX	77515120	77515620	0
2152	chrX	77581739	77582239	0
2153	chrX	94786606	94787106	0
2154	chrX	102041744	102042244	0
2155	chrX	105913323	105913997	0
2156	chrX	159702897	159703397	0
2157	chr1	13599100	13599600	0
2158	chr1	23896268	23896768	0
2159	chr1	30849188	30849688	0
2160	chr1	36888473	36888973	0
2161	chr1	36894008	36894508	0
2162	chr1	37497415	37497915	0
2163	chr1	43545208	43545708	0
2164	chr1	46892810	46893310	0
2165	chr1	52224810	52225310	0
2166	chr1	58734872	58735372	0
2167	chr1	84834822	84835322	0
2168	chr1	85762153	85762653	0
2169	chr1	91088750	91089250	0
2170	chr1	127210380	127210880	0
2171	chr1	131761221	131761721	0
2172	chr1	132030400	132030900	0
2173	chr1	134563410	134563910	0
2174	chr1	135740104	135740604	0
2175	chr1	138956849	138957349	0
2176	chr1	152746420	152746920	0
2177	chr1	156066182	156066682	0
2178	chr1	165666940	165667440	0
2179	chr1	170338146	170338646	0
2180	chr1	180426055	180426555	0
2181	chr1	189618656	189619156	0
2182	chr1	191578723	191579223	0
2183	chr1	191660668	191661168	0
2184	chr2	4887487	4887987	0
2185	chr2	26505527	26506027	0
2186	chr2	32639613	32640113	0
2187	chr2	32772230	32772730	0
2188	chr2	33169426	33169926	0
2189	chr2	35529865	35530365	0
2190	chr2	59716079	59716579	0
2191	chr2	68824424	68824924	0
2192	chr2	73203724	73204224	0
2193	chr2	90533706	90534206	0
2194	chr2	101780519	101781019	0
2195	chr2	103965549	103966049	0
2196	chr2	117331135	117331635	0
2197	chr2	118512672	118513172	0
2198	chr2	143081785	143082285	0
2199	chr2	148689819	148690319	0
2200	chr2	152232931	152233431	0
2201	chr2	152780283	152780783	0
2202	chr2	152799423	152799923	0
2203	chr2	154577043	154577543	0
2204	chr2	155685300	155685800	0
2205	chr2	156316757	156317257	0
2206	chr2	160361699	160362199	0
2207	chr2	162999093	162999593	0
2208	chr2	164010102	164010602	0
2209	chr2	164895590	164896090	0
2210	chr2	166689323	166689823	0
2211	chr2	170514465	170514965	0
2212	chr2	180734766	180735266	0
2213	chr3	9454971	9455471	0
2214	chr3	19277499	19277999	0
2215	chr3	22073524	22074024	0
2216	chr3	28807318	28807818	0
2217	chr3	32660522	32661022	0
2218	chr3	38854012	38854512	0
2219	chr3	51210491	51210991	0
2220	chr3	55816718	55817364	0
2221	chr3	65985226	65985726	0
2222	chr3	83706835	83707335	0
2223	chr3	84014330	84014830	0
2224	chr3	84715819	84716319	0
2225	chr3	88447705	88448205	0
2226	chr3	88500364	88500864	0
2227	chr3	95689747	95690247	0
2228	chr3	101046612	101047112	0
2229	chr3	106457522	106458022	0
2230	chr3	107312587	107313087	0
2231	chr3	109046029	109046529	0
2232	chr3	109439593	109440093	0
2233	chr3	129557838	129558338	0
2234	chr3	137795261	137795761	0
2235	chr3	144697481	144697981	0
2236	chr3	145742391	145742891	0
2237	chr3	149163469	149163969	0
2238	chr3	153276832	153277332	0
2239	chr4	8923287	8923787	0
2240	chr4	24610327	24610827	0
2241	chr4	34557865	34558365	0
2242	chr4	44906138	44906638	0
2243	chr4	46447842	46448342	0
2244	chr4	54853451	54853951	0
2245	chr4	59941029	59941529	0
2246	chr4	63971042	63971542	0
2247	chr4	87891609	87892109	0
2248	chr4	106983876	106984376	0
2249	chr4	125960420	125960920	0
2250	chr4	129063275	129063775	0
2251	chr4	130687258	130687758	0
2252	chr4	132729596	132730096	0
2253	chr4	135118630	135119130	0
2254	chr4	136014667	136015167	0
2255	chr4	136184791	136185437	0
2256	chr4	137188939	137189439	0
2257	chr4	139216363	139216863	0
2258	chr4	139308435	139308935	0
2259	chr4	141151721	141152221	0
2260	chr4	149709186	149709686	0
2261	chr4	150339287	150339787	0
2262	chr4	150601743	150602243	0
2263	chr4	154762491	154762991	0
2264	chr4	156193979	156194479	0
2265	chr5	3347122	3347622	0
2266	chr5	33467938	33468438	0
2267	chr5	36368888	36369388	0
2268	chr5	57841635	57842135	0
2269	chr5	64238602	64239102	0
2270	chr5	65089386	65089886	0
2271	chr5	65505495	65505995	0
2272	chr5	65560670	65561170	0
2273	chr5	72630510	72631010	0
2274	chr5	72926672	72927172	0
2275	chr5	77487378	77487878	0
2276	chr5	91341012	91341512	0
2277	chr5	96171552	96172052	0
2278	chr5	99221463	99221963	0
2279	chr5	113945221	113945721	0
2280	chr5	115726252	115726752	0
2281	chr5	121823390	121823890	0
2282	chr5	122184814	122185314	0
2283	chr5	127621132	127621632	0
2284	chr5	140266938	140267438	0
2285	chr5	140945569	140946069	0
2286	chr5	142412611	142413111	0
2287	chr5	143521863	143522363	0
2288	chr5	148534084	148534584	0
2289	chr6	28867117	28867617	0
2290	chr6	31208278	31208778	0
2291	chr6	37481446	37481946	0
2292	chr6	37735686	37736186	0
2293	chr6	38557629	38558129	0
2294	chr6	40433039	40433539	0
2295	chr6	41271679	41272179	0
2296	chr6	50519961	50520461	0
2297	chr6	54833118	54833618	0
2298	chr6	56896743	56897243	0
2299	chr6	85248132	85248632	0
2300	chr6	90586594	90587094	0
2301	chr6	94670005	94670505	0
2302	chr6	97246301	97246801	0
2303	chr6	99217745	99218245	0
2304	chr6	99253049	99253549	0
2305	chr6	99811865	99812365	0
2306	chr6	100278973	100279473	0
2307	chr6	108468852	108469352	0
2308	chr6	108592986	108593486	0
2309	chr6	108599780	108600280	0
2310	chr6	114857362	114857862	0
2311	chr6	114880403	114880903	0
2312	chr6	120052419	120052919	0
2313	chr6	120151310	120151810	0
2314	chr6	121070142	121070642	0
2315	chr6	121222951	121223451	0
2316	chr6	129217923	129218423	0
2317	chr6	129746101	129746601	0
2318	chr6	134236324	134236824	0
2319	chr6	142891357	142891857	0
2320	chr6	143842281	143842781	0
2321	chr6	149328656	149329156	0
2322	chr7	6146425	6146925	0
2323	chr7	16668213	16668713	0
2324	chr7	24394359	24394859	0
2325	chr7	35247680	35248180	0
2326	chr7	45537710	45538210	0
2327	chr7	67365510	67366010	0
2328	chr7	68758612	68759112	0
2329	chr7	74522231	74522731	0
2330	chr7	75583573	75584073	0
2331	chr7	80770631	80771131	0
2332	chr7	81048537	81049037	0
2333	chr7	84683593	84684093	0
2334	chr7	89711680	89712180	0
2335	chr7	90455264	90455764	0
2336	chr7	99967558	99968058	0
2337	chr7	101058387	101058887	0
2338	chr7	101365259	101365759	0
2339	chr7	104459467	104459967	0
2340	chr7	106490998	106491498	0
2341	chr7	107609587	107610087	0
2342	chr7	114321447	114321947	0
2343	chr7	114444452	114444952	0
2344	chr7	125496857	125497357	0
2345	chr7	130826315	130826815	0
2346	chr7	132568285	132568785	0
2347	chr7	142069037	142069537	0
2348	chr7	143596692	143597192	0
2349	chr7	144526337	144526837	0
2350	chr7	145281418	145281918	0
2351	chr8	3266094	3266594	0
2352	chr8	10367630	10368130	0
2353	chr8	14891874	14892374	0
2354	chr8	26717535	26718035	0
2355	chr8	35621979	35622479	0
2356	chr8	60979169	60979669	0
2357	chr8	69955537	69956037	0
2358	chr8	78511426	78511926	0
2359	chr8	81799802	81800302	0
2360	chr8	83905749	83906249	0
2361	chr8	84002776	84003276	0
2362	chr8	85509578	85510078	0
2363	chr8	86838648	86839148	0
2364	chr8	86890998	86891498	0
2365	chr8	88567473	88567973	0
2366	chr8	107421944	107422444	0
2367	chr8	110989885	110990385	0
2368	chr8	116314373	116314873	0
2369	chr8	117859738	117860238	0
2370	chr8	119792233	119792733	0
2371	chr8	121170725	121171225	0
2372	chr8	121247920	121248420	0
2373	chr8	126638802	126639302	0
2374	chr9	7336522	7337022	0
2375	chr9	20793888	20794388	0
2376	chr9	25260723	25261223	0
2377	chr9	32901186	32901686	0
2378	chr9	40505276	40505776	0
2379	chr9	44436782	44437282	0
2380	chr9	48389696	48390196	0
2381	chr9	49508010	49508510	0
2382	chr9	55102075	55102575	0
2383	chr9	56045085	56045585	0
2384	chr9	57912803	57913303	0
2385	chr9	61589993	61590493	0
2386	chr9	65492950	65493450	0
2387	chr9	65547157	65547657	0
2388	chr9	66340440	66340940	0
2389	chr9	69028904	69029404	0
2390	chr9	72545844	72546344	0
2391	chr9	78106177	78106677	0
2392	chr9	85689118	85689618	0
2393	chr9	92565962	92566462	0
2394	chr9	94674614	94675114	0
2395	chr9	96863828	96864328	0
2396	chr9	100494058	100494558	0
2397	chr9	114745127	114745627	0
2398	chr9	119974613	119975113	0
2399	chr9	122184732	122185232	0
2400	chr10	8131915	8132415	0
2401	chr10	14321371	14321871	0
2402	chr10	18988658	18989158	0
2403	chr10	20119593	20120093	0
2404	chr10	21228818	21229318	0
2405	chr10	39295539	39296039	0
2406	chr10	39432475	39432975	0
2407	chr10	42207563	42208063	0
2408	chr10	66927687	66928187	0
2409	chr10	80942848	80943348	0
2410	chr10	96115282	96115782	0
2411	chr10	111509303	111509803	0
2412	chr10	115394447	115394947	0
2413	chr10	120071717	120072217	0
2414	chr10	128045137	128045637	0
2415	chr11	4457979	4458479	0
2416	chr11	5736614	5737114	0
2417	chr11	11776517	11777017	0
2418	chr11	26128556	26129056	0
2419	chr11	48899034	48899534	0
2420	chr11	49461422	49461922	0
2421	chr11	52333944	52334444	0
2422	chr11	53053555	53054055	0
2423	chr11	54618888	54619388	0
2424	chr11	64058820	64059320	0
2425	chr11	68969592	68970092	0
2426	chr11	71015815	71016315	0
2427	chr11	75644149	75644649	0
2428	chr11	75849558	75850058	0
2429	chr11	78598914	78599414	0
2430	chr11	79050874	79051374	0
2431	chr11	79068951	79069451	0
2432	chr11	85228443	85228943	0
2433	chr11	88586325	88586825	0
2434	chr11	89089929	89090429	0
2435	chr11	90348309	90348809	0
2436	chr11	98534386	98534886	0
2437	chr11	103810926	103811426	0
2438	chr11	115836333	115836833	0
2439	chr11	116133068	116133568	0
2440	chr11	117476248	117476748	0
2441	chr11	118195469	118195969	0
2442	chr11	118258435	118258935	0
2443	chr11	119924804	119925304	0
2444	chr12	11302333	11302833	0
2445	chr12	24723907	24724407	0
2446	chr12	33202019	33202519	0
2447	chr12	34681004	34681504	0
2448	chr12	54198006	54198506	0
2449	chr12	54268588	54269088	0
2450	chr12	64971116	64971616	0
2451	chr12	73327523	73328023	0
2452	chr12	76649963	76650463	0
2453	chr12	76848099	76848599	0
2454	chr12	85563354	85563854	0
2455	chr12	90236230	90236730	0
2456	chr12	99264107	99264607	0
2457	chr12	100636084	100636584	0
2458	chr12	102760163	102760663	0
2459	chr12	107917309	107917809	0
2460	chr12	108041766	108042266	0
2461	chr12	110199609	110200109	0
2462	chr12	111158195	111158695	0
2463	chr12	111187148	111187648	0
2464	chr12	116306525	116307025	0
2465	chr13	4771589	4772089	0
2466	chr13	5789716	5790216	0
2467	chr13	24561785	24562285	0
2468	chr13	29659723	29660223	0
2469	chr13	30612266	30612766	0
2470	chr13	30911590	30912090	0
2471	chr13	37990978	37991478	0
2472	chr13	42883810	42884310	0
2473	chr13	43246990	43247490	0
2474	chr13	44773025	44773525	0
2475	chr13	45153912	45154412	0
2476	chr13	49364760	49365260	0
2477	chr13	51957325	51957825	0
2478	chr13	53363595	53364095	0
2479	chr13	54237040	54237540	0
2480	chr13	56400313	56400813	0
2481	chr13	60603620	60604120	0
2482	chr13	63421599	63422099	0
2483	chr13	63479641	63480141	0
2484	chr13	97551137	97551637	0
2485	chr13	97792309	97792809	0
2486	chr13	101528480	101528980	0
2487	chr13	101717152	101717652	0
2488	chr13	113855049	113855549	0
2489	chr13	114165648	114166148	0
2490	chr14	14699258	14699758	0
2491	chr14	20731221	20731721	0
2492	chr14	30637571	30638071	0
2493	chr14	32583091	32583591	0
2494	chr14	45005846	45006346	0
2495	chr14	47114640	47115140	0
2496	chr14	47279851	47280351	0
2497	chr14	47652221	47652721	0
2498	chr14	47654968	47655468	0
2499	chr14	52428765	52429265	0
2500	chr14	55945767	55946267	0
2501	chr14	57205036	57205536	0
2502	chr14	62862653	62863153	0
2503	chr14	69995041	69995541	0
2504	chr14	70011256	70011756	0
2505	chr14	70035507	70036007	0
2506	chr14	70051945	70052445	0
2507	chr14	73558392	73558892	0
2508	chr14	78299041	78299541	0
2509	chr14	87044110	87044610	0
2510	chr14	102943216	102943716	0
2511	chr14	103362513	103363013	0
2512	chr14	105269185	105269685	0
2513	chr14	122120383	122120883	0
2514	chr15	5157735	5158235	0
2515	chr15	8415215	8415715	0
2516	chr15	12502275	12502775	0
2517	chr15	36818752	36819252	0
2518	chr15	37137760	37138260	0
2519	chr15	59540977	59541477	0
2520	chr15	59693360	59693860	0
2521	chr15	59731394	59731894	0
2522	chr15	60105109	60105609	0
2523	chr15	62160278	62160778	0
2524	chr15	62191012	62191644	0
2525	chr15	62264657	62265157	0
2526	chr15	66468928	66469428	0
2527	chr15	67117294	67117794	0
2528	chr15	67180315	67180815	0
2529	chr15	67430739	67431239	0
2530	chr15	74668340	74668840	0
2531	chr15	74964635	74965135	0
2532	chr15	75022777	75023277	0
2533	chr15	77880767	77881267	0
2534	chr15	80497695	80498195	0
2535	chr15	83026681	83027181	0
2536	chr15	83447777	83448277	0
2537	chr15	84983730	84984230	0
2538	chr15	86000045	86000545	0
2539	chr15	99976764	99977264	0
2540	chr15	100714891	100715391	0
2541	chr16	4182415	4182915	0
2542	chr16	4413936	4414436	0
2543	chr16	5366377	5366877	0
2544	chr16	10427672	10428172	0
2545	chr16	11503452	11503952	0
2546	chr16	18628353	18628853	0
2547	chr16	22358664	22359164	0
2548	chr16	23231958	23232458	0
2549	chr16	31015376	31015876	0
2550	chr16	33456132	33456632	0
2551	chr16	38760357	38760857	0
2552	chr16	45403093	45403593	0
2553	chr16	52047434	52047934	0
2554	chr16	57393037	57393537	0
2555	chr16	76351839	76352339	0
2556	chr16	84698660	84699160	0
2557	chr16	95700117	95700617	0
2558	chr17	8560922	8561422	0
2559	chr17	11158257	11158757	0
2560	chr17	24130954	24131454	0
2561	chr17	24432612	24433112	0
2562	chr17	24674255	24674755	0
2563	chr17	24901501	24902001	0
2564	chr17	25990311	25990811	0
2565	chr17	26132886	26133386	0
2566	chr17	27318132	27318632	0
2567	chr17	28506138	28506638	0
2568	chr17	29165879	29166379	0
2569	chr17	30214448	30214948	0
2570	chr17	32243550	32244050	0
2571	chr17	33456036	33456536	0
2572	chr17	34292884	34293384	0
2573	chr17	35575301	35575801	0
2574	chr17	42856009	42856509	0
2575	chr17	43261684	43262184	0
2576	chr17	44661920	44662420	0
2577	chr17	47463192	47463692	0
2578	chr17	47765147	47765647	0
2579	chr17	49996975	49997475	0
2580	chr17	50551596	50552096	0
2581	chr17	52484934	52485434	0
2582	chr17	52593378	52593878	0
2583	chr17	65944384	65944884	0
2584	chr17	87203206	87203706	0
2585	chr17	87351597	87352097	0
2586	chr18	23845594	23846094	0
2587	chr18	32643550	32644050	0
2588	chr18	38409611	38410111	0
2589	chr18	39094851	39095351	0
2590	chr18	49323089	49323589	0
2591	chr18	55196991	55197491	0
2592	chr18	58668887	58669387	0
2593	chr18	61054276	61054776	0
2594	chr18	61056976	61057476	0
2595	chr18	74270595	74271095	0
2596	chr18	75210304	75210804	0
2597	chr18	78152215	78152715	0
2598	chr18	84870785	84871285	0
2599	chr18	89257812	89258312	0
2600	chr19	5814404	5814904	0
2601	chr19	8803589	8804089	0
2602	chr19	20330261	20330761	0
2603	chr19	28967000	28967500	0
2604	chr19	29244660	29245160	0
2605	chr19	36314134	36314634	0
2606	chr19	41517867	41518367	0
2607	chr19	42030693	42031193	0
2608	chr19	43646942	43647442	0
2609	chr19	45855106	45855606	0
2610	chr19	46487532	46488032	0
2611	chr19	47455549	47456049	0
2612	chr19	53284204	53284704	0
2613	chr19	58112335	58112835	0
2614	chrX	19154115	19154615	0
2615	chrX	36390335	36390971	0
2616	chrX	38179683	38180183	0
2617	chrX	48436764	48437264	0
2618	chrX	50594369	50594869	0
2619	chrX	57191817	57192317	0
2620	chrX	57335674	57336174	0
2621	chrX	73051040	73051540	0
2622	chrX	77437558	77438058	0
2623	chrX	101369519	101370019	0
2624	chrX	107261121	107261621	0
2625	chrX	140969248	140969748	0
2626	chrX	142439192	142439692	0
2627	chrX	167032755	167033255	0
2628	chrX	167038993	167039493	0
2629	chrX	167132244	167132744	0
2630	chrX	167148515	167149015	0
2631	chr1	36136515	36137015	0
2632	chr1	38001497	38001997	0
2633	chr1	43593040	43593540	0
2634	chr1	54805546	54806046	0
2635	chr1	82150444	82150944	0
2636	chr1	92807643	92808143	0
2637	chr1	131855108	131855608	0
2638	chr1	132028510	132029010	0
2639	chr1	172302077	172302577	0
2640	chr1	173905599	173906099	0
2641	chr2	11394521	11395021	0
2642	chr2	11529445	11529945	0
2643	chr2	17668302	17668802	0
2644	chr2	33570388	33570888	0
2645	chr2	38591920	38592420	0
2646	chr2	75101671	75102171	0
2647	chr2	91242463	91242963	0
2648	chr2	93758818	93759318	0
2649	chr2	101621503	101622003	0
2650	chr2	104387604	104388104	0
2651	chr2	104466667	104467167	0
2652	chr2	112217528	112218028	0
2653	chr2	119240271	119240771	0
2654	chr2	119676962	119677462	0
2655	chr2	124612019	124612519	0
2656	chr2	126710899	126711399	0
2657	chr2	150111043	150111543	0
2658	chr2	160607069	160607569	0
2659	chr2	161082608	161083108	0
2660	chr2	163859415	163859915	0
2661	chr2	173441066	173441566	0
2662	chr3	21983530	21984030	0
2663	chr3	55741479	55741979	0
2664	chr3	58551719	58552219	0
2665	chr3	75684045	75684545	0
2666	chr3	86275779	86276279	0
2667	chr3	89881205	89881705	0
2668	chr3	95635836	95636336	0
2669	chr3	97972808	97973308	0
2670	chr3	101016662	101017162	0
2671	chr3	101240433	101240933	0
2672	chr3	105077678	105078178	0
2673	chr3	106879687	106880187	0
2674	chr3	107616793	107617293	0
2675	chr3	123383401	123383901	0
2676	chr3	126648307	126648807	0
2677	chr3	127914461	127914961	0
2678	chr3	136940373	136940873	0
2679	chr4	6369991	6370491	0
2680	chr4	11660505	11661005	0
2681	chr4	31561243	31561743	0
2682	chr4	31971599	31972099	0
2683	chr4	47186195	47186695	0
2684	chr4	47359851	47360351	0
2685	chr4	82360419	82360919	0
2686	chr4	131882218	131882718	0
2687	chr4	135819859	135820359	0
2688	chr4	136560541	136561041	0
2689	chr4	150324675	150325175	0
2690	chr4	150933521	150934021	0
2691	chr4	152195480	152195980	0
2692	chr5	24832124	24832624	0
2693	chr5	28329047	28329547	0
2694	chr5	29683855	29684355	0
2695	chr5	36158683	36159183	0
2696	chr5	36690796	36691296	0
2697	chr5	54040672	54041172	0
2698	chr5	74528605	74529105	0
2699	chr5	90353697	90354197	0
2700	chr5	105557574	105558074	0
2701	chr5	115127165	115127665	0
2702	chr5	140588808	140589308	0
2703	chr5	143628633	143629133	0
2704	chr5	147277858	147278358	0
2705	chr5	147511312	147511812	0
2706	chr5	149160913	149161413	0
2707	chr6	31490424	31490924	0
2708	chr6	34716707	34717207	0
2709	chr6	52595288	52595788	0
2710	chr6	98997426	98997926	0
2711	chr6	112575291	112575791	0
2712	chr6	115440952	115441452	0
2713	chr6	122879540	122880040	0
2714	chr6	124709059	124709559	0
2715	chr6	125474863	125475363	0
2716	chr6	126769603	126770103	0
2717	chr7	3366570	3367070	0
2718	chr7	16610146	16610646	0
2719	chr7	18882054	18882554	0
2720	chr7	25211721	25212221	0
2721	chr7	27478551	27479051	0
2722	chr7	29273587	29274087	0
2723	chr7	30241875	30242375	0
2724	chr7	63948057	63948557	0
2725	chr7	64046672	64047172	0
2726	chr7	83881414	83881914	0
2727	chr7	99130141	99130641	0
2728	chr7	106639134	106639634	0
2729	chr7	126187344	126187844	0
2730	chr7	132749530	132750030	0
2731	chr7	139451420	139451920	0
2732	chr7	140989773	140990273	0
2733	chr7	141579983	141580483	0
2734	chr8	23195660	23196160	0
2735	chr8	46839166	46839666	0
2736	chr8	53641486	53641986	0
2737	chr8	83775465	83775965	0
2738	chr8	85557350	85557850	0
2739	chr8	95879299	95879799	0
2740	chr8	113970867	113971367	0
2741	chr8	115022819	115023319	0
2742	chr8	119824366	119824866	0
2743	chr8	120131151	120131651	0
2744	chr8	120427442	120427942	0
2745	chr8	124903768	124904268	0
2746	chr8	125044628	125045128	0
2747	chr9	4318909	4319409	0
2748	chr9	20490191	20490691	0
2749	chr9	43102213	43102713	0
2750	chr9	45216661	45217161	0
2751	chr9	54623982	54624482	0
2752	chr9	56265826	56266326	0
2753	chr9	60984646	60985146	0
2754	chr9	63895750	63896250	0
2755	chr9	65412459	65412959	0
2756	chr9	67404287	67404787	0
2757	chr9	96375794	96376294	0
2758	chr9	108108439	108108939	0
2759	chr9	108589056	108589556	0
2760	chr9	118103909	118104409	0
2761	chr9	121309648	121310148	0
2762	chr9	123594994	123595494	0
2763	chr10	7939961	7940461	0
2764	chr10	13470434	13470934	0
2765	chr10	19811731	19812231	0
2766	chr10	40363346	40363846	0
2767	chr10	42196163	42196663	0
2768	chr10	52378460	52378960	0
2769	chr10	67890938	67891438	0
2770	chr10	78429806	78430306	0
2771	chr10	84896027	84896527	0
2772	chr10	95767016	95767516	0
2773	chr10	111034138	111034638	0
2774	chr10	121824798	121825298	0
2775	chr11	4782999	4783499	0
2776	chr11	51107009	51107509	0
2777	chr11	55220737	55221237	0
2778	chr11	63220589	63221089	0
2779	chr11	64086129	64086629	0
2780	chr11	73113087	73113587	0
2781	chr11	74019865	74020365	0
2782	chr11	98770615	98771115	0
2783	chr11	99081409	99081909	0
2784	chr11	116809409	116809909	0
2785	chr11	119428020	119428520	0
2786	chr12	4157883	4158383	0
2787	chr12	21084976	21085476	0
2788	chr12	35418434	35418934	0
2789	chr12	36469376	36469876	0
2790	chr12	55083196	55083696	0
2791	chr12	59053483	59053983	0
2792	chr12	69255016	69255516	0
2793	chr12	75537918	75538418	0
2794	chr12	78853356	78853856	0
2795	chr12	80123664	80124164	0
2796	chr12	100319633	100320133	0
2797	chr12	105007273	105007773	0
2798	chr12	105791648	105792148	0
2799	chr12	110512703	110513203	0
2800	chr12	113221075	113221575	0
2801	chr13	28742041	28742541	0
2802	chr13	34991392	34991892	0
2803	chr13	37309110	37309610	0
2804	chr13	46975000	46975500	0
2805	chr13	93186507	93187007	0
2806	chr13	104684845	104685345	0
2807	chr13	112944585	112945085	0
2808	chr14	15984778	15985278	0
2809	chr14	18303139	18303639	0
2810	chr14	27261275	27261775	0
2811	chr14	32011824	32012324	0
2812	chr14	53902676	53903176	0
2813	chr14	53956465	53956965	0
2814	chr14	61948541	61949041	0
2815	chr14	76741280	76741780	0
2816	chr14	115177456	115177956	0
2817	chr14	121722999	121723499	0
2818	chr15	9531474	9531974	0
2819	chr15	38195510	38196010	0
2820	chr15	58656315	58656815	0
2821	chr15	81106956	81107456	0
2822	chr15	101150078	101150578	0
2823	chr15	102251724	102252224	0
2824	chr16	24452188	24452688	0
2825	chr16	29847988	29848488	0
2826	chr16	30741553	30742053	0
2827	chr16	30934849	30935349	0
2828	chr16	33059856	33060356	0
2829	chr16	33607560	33608060	0
2830	chr16	43520906	43521406	0
2831	chr16	58509369	58509869	0
2832	chr16	76324998	76325498	0
2833	chr16	77022281	77022781	0
2834	chr17	4297151	4297651	0
2835	chr17	26971014	26971514	0
2836	chr17	32067262	32067762	0
2837	chr17	32108981	32109481	0
2838	chr17	32894759	32895259	0
2839	chr17	33635715	33636215	0
2840	chr17	35755285	35755785	0
2841	chr17	45783979	45784479	0
2842	chr17	46156259	46156759	0
2843	chr17	50083724	50084224	0
2844	chr17	51502835	51503335	0
2845	chr17	80556396	80556896	0
2846	chr18	4310850	4311350	0
2847	chr18	4570373	4570873	0
2848	chr18	6513074	6513574	0
2849	chr18	36452871	36453371	0
2850	chr18	53415877	53416377	0
2851	chr18	53904598	53905098	0
2852	chr18	56464661	56465161	0
2853	chr18	67573683	67574183	0
2854	chr18	69735973	69736473	0
2855	chr18	89158258	89158758	0
2856	chr19	21640830	21641330	0
2857	chr19	32848268	32848768	0
2858	chr19	40375833	40376333	0
2859	chr19	41493474	41493974	0
2860	chr19	42177279	42177779	0
2861	chr19	55555886	55556386	0
2862	chr19	56765603	56766103	0
2863	chrX	9995806	9996306	0
2864	chrX	37141534	37142034	0
2865	chrX	42194515	42195015	0
2866	chrX	71226770	71227270	0
2867	chrX	74370808	74371308	0
2868	chrX	101433296	101433796	0
2869	chrX	104375775	104376275	0
2870	chrX	107223516	107224016	0
2871	chrX	130432932	130433432	0
2872	chrX	159535462	159535962	0
2873	chr1	37031448	37031948	0
2874	chr1	37326912	37327412	0
2875	chr1	43101033	43101533	0
2876	chr1	53900059	53900559	0
2877	chr1	59314316	59314816	0
2878	chr1	65231956	65232456	0
2879	chr1	74582740	74583240	0
2880	chr1	91409518	91410018	0
2881	chr1	105660456	105660956	0
2882	chr1	138542556	138543056	0
2883	chr1	161790043	161790543	0
2884	chr2	26736445	26736945	0
2885	chr2	28955377	28955877	0
2886	chr2	35173760	35174260	0
2887	chr2	91980226	91980726	0
2888	chr2	94143469	94143969	0
2889	chr2	102394656	102395156	0
2890	chr2	112834329	112834829	0
2891	chr2	126464897	126465397	0
2892	chr2	150874927	150875427	0
2893	chr2	165207893	165208393	0
2894	chr2	165232938	165233438	0
2895	chr2	165271014	165271514	0
2896	chr2	166640928	166641428	0
2897	chr3	10260617	10261117	0
2898	chr3	31016498	31016998	0
2899	chr3	31055318	31055818	0
2900	chr3	37603676	37604176	0
2901	chr3	66077827	66078327	0
2902	chr3	87901005	87901505	0
2903	chr3	88109333	88109833	0
2904	chr3	96683392	96683892	0
2905	chr3	103524702	103525202	0
2906	chr3	105307172	105307672	0
2907	chr3	110388552	110389052	0
2908	chr3	126653306	126653806	0
2909	chr3	133538277	133538777	0
2910	chr3	137820215	137820715	0
2911	chr3	152400590	152401090	0
2912	chr4	3647196	3647696	0
2913	chr4	8550140	8550640	0
2914	chr4	11702497	11702997	0
2915	chr4	20072734	20073234	0
2916	chr4	53682183	53682683	0
2917	chr4	118703622	118704122	0
2918	chr4	129494325	129494825	0
2919	chr5	21212739	21213239	0
2920	chr5	23453790	23454290	0
2921	chr5	27304584	27305084	0
2922	chr5	36980617	36981117	0
2923	chr5	41884474	41884974	0
2924	chr5	66801727	66802227	0
2925	chr5	73297355	73297855	0
2926	chr5	105873269	105873769	0
2927	chr5	110650731	110651231	0
2928	chr5	119632697	119633197	0
2929	chr6	4604088	4604588	0
2930	chr6	17589590	17590090	0
2931	chr6	39395610	39396110	0
2932	chr6	54915627	54916127	0
2933	chr6	85326405	85326905	0
2934	chr6	86993823	86994323	0
2935	chr6	88385720	88386220	0
2936	chr6	115062343	115062843	0
2937	chr6	127563330	127563830	0
2938	chr6	128961948	128962448	0
2939	chr6	140609736	140610236	0
2940	chr6	148937296	148937796	0
2941	chr7	74533728	74534228	0
2942	chr7	127294448	127294948	0
2943	chr7	142367573	142368073	0
2944	chr8	25330740	25331240	0
2945	chr8	34117109	34117609	0
2946	chr8	83178073	83178573	0
2947	chr8	83895815	83896315	0
2948	chr8	87660600	87661100	0
2949	chr8	123275324	123275824	0
2950	chr8	124868271	124868771	0
2951	chr9	15026151	15026651	0
2952	chr9	31284661	31285161	0
2953	chr9	48413734	48414234	0
2954	chr9	59459230	59459730	0
2955	chr9	100726213	100726713	0
2956	chr9	110985657	110986157	0
2957	chr10	7063622	7064122	0
2958	chr10	60205617	60206117	0
2959	chr10	82966969	82967469	0
2960	chr10	116911608	116912108	0
2961	chr11	3908636	3909136	0
2962	chr11	18284055	18284555	0
2963	chr11	21118748	21119248	0
2964	chr11	32651395	32651895	0
2965	chr11	67501270	67501770	0
2966	chr11	75261127	75261627	0
2967	chr11	100468763	100469263	0
2968	chr11	104669715	104670215	0
2969	chr11	107405925	107406425	0
2970	chr11	115876588	115877088	0
2971	chr11	117278571	117279071	0
2972	chr12	16898094	16898594	0
2973	chr12	28815506	28816006	0
2974	chr12	82080771	82081271	0
2975	chr12	100852773	100853273	0
2976	chr12	107640088	107640588	0
2977	chr13	15567165	15567665	0
2978	chr13	24083124	24083624	0
2979	chr13	58952329	58952829	0
2980	chr13	83650085	83650585	0
2981	chr14	25620683	25621183	0
2982	chr14	30718372	30718872	0
2983	chr14	73336763	73337263	0
2984	chr14	75237491	75237991	0
2985	chr14	79497923	79498423	0
2986	chr14	122015466	122015966	0
2987	chr15	7890140	7890640	0
2988	chr15	30686370	30686870	0
2989	chr15	35300825	35301325	0
2990	chr15	63655271	63655771	0
2991	chr15	67096608	67097108	0
2992	chr15	83145835	83146335	0
2993	chr15	83452567	83453067	0
2994	chr15	98675137	98675637	0
2995	chr16	45319158	45319658	0
2996	chr16	49820050	49820550	0
2997	chr16	50304761	50305261	0
2998	chr16	57340297	57340797	0
2999	chr16	76332288	76332788	0
3000	chr16	92017461	92017961	0
3001	chr16	92886179	92886679	0
3002	chr17	3220493	3220993	0
3003	chr17	52554063	52554563	0
3004	chr17	93759859	93760359	0
3005	chr18	5465851	5466351	0
3006	chr18	11841808	11842308	0
3007	chr18	33122675	33123175	0
3008	chr18	36421223	36421723	0
3009	chr18	65015891	65016391	0
3010	chr18	67364458	67364958	0
3011	chr18	79105716	79106216	0
3012	chr18	81383528	81384028	0
3013	chr19	37962947	37963447	0
3014	chr19	44316436	44316936	0
3015	chr19	47514220	47514720	0
3016	chrX	13636411	13636911	0
3017	chrX	53201487	53201987	0
3018	chrX	77577150	77577650	0
3019	chrX	104665034	104665534	0
3020	chrX	107159855	107160355	0
3021	chrX	113180766	113181266	0
3022	chrX	133463098	133463598	0
3023	chr1	69710768	69711268	0
3024	chr2	72963267	72963767	0
3025	chr4	33082885	33083385	0
3026	chr4	83944802	83945302	0
3027	chr5	25002688	25003188	0
3028	chr9	9985532	9986032	0
3029	chr9	69346209	69346709	0
3030	chr11	59526540	59527040	0
3031	chr13	113815900	113816400	0
3032	chr14	67903196	67903696	0
3033	chr16	32261422	32261922	0
3034	chr16	32732564	32733064	0
3035	chr16	33189167	33189667	0
3036	chr15	86178900	86179400	0
3037	chr10	99168474	99170136	0
3038	chr17	69264480	69265888	0
3039	chr7	82240386	82240886	0
3040	chr12	69853563	69854063	0
3041	chr6	82743719	82744219	0
3042	chr5	31595648	31602916	0
3043	chr11	97804275	97812939	0
3044	chr7	114092582	114096196	0
3045	chr1	180351744	180354778	0
3046	chr19	10756964	10761322	0
3047	chr4	106940637	106942953	0
3048	chr15	5508801	5511435	0
3049	chr6	124720716	124725112	0
3050	chr10	81537262	81539358	0
3051	chr1	136254253	136255963	0
3052	chr8	119594583	119595911	0
3053	chr5	143517097	143518669	0
3054	chr14	25442018	25443896	0
3055	chr3	135578489	135580185	0
3056	chr1	131073759	131076917	0
3057	chr13	112415662	112419228	0
3058	chr2	103624110	103625490	0
3059	chr1	180198592	180200010	0
3060	chr8	114972692	114975284	0
3061	chr5	24746801	24748497	0
3062	chr13	51936313	51937347	0
3063	chr10	76541630	76543936	0
3064	chr17	31824961	31825913	0
3065	chr16	24185250	24186996	0
3066	chrX	163878941	163880075	0
3067	chr11	94160158	94161134	0
3068	chr2	173379419	173380825	0
3069	chr7	119840897	119842503	0
3070	chr14	121340660	121343014	0
3071	chr8	124287679	124289195	0
3072	chr14	103341421	103342365	0
3073	chr9	37230155	37231413	0
3074	chr11	63977148	63977980	0
3075	chr13	52909705	52910797	0
3076	chr5	125444813	125445603	0
3077	chr15	73134819	73136239	0
3078	chr8	84192012	84193394	0
3079	chr11	97127224	97131134	0
3080	chr5	111439432	111440564	0
3081	chr2	158712269	158713441	0
3082	chrX	77432438	77433868	0
3083	chr6	136902008	136902866	0
3084	chr2	166683436	166684570	0
3085	chr3	100678330	100679558	0
3086	chr2	70811721	70812535	0
3087	chr16	23283771	23287319	0
3088	chr15	96770244	96771338	0
3089	chr18	4311553	4312735	0
3090	chr11	75254732	75256074	0
3091	chr16	95893966	95894596	0
3092	chr1	179130489	179131511	0
3093	chrX	113862302	113863080	0
3094	chr7	125186603	125187471	0
3095	chr14	50970547	50971597	0
3096	chr6	88423373	88424445	0
3097	chr3	142769939	142771075	0
3098	chr7	75509842	75511166	0
3099	chr13	43472313	43473419	0
3100	chr6	82824008	82824648	0
3101	chr7	128528488	128529358	0
3102	chr4	144903600	144904360	0
3103	chr11	11733399	11734157	0
3104	chr1	154793997	154795147	0
3105	chr6	91505867	91506617	0
3106	chr7	28573545	28574343	0
3107	chr2	150305675	150307455	0
3108	chr4	121003894	121005970	0
3109	chr1	128561012	128561842	0
3110	chr18	5693275	5693901	0
3111	chr14	102827186	102828760	0
3112	chr1	91085727	91087073	0
3113	chr11	117312974	117313884	0
3114	chr1	43502636	43503284	0
3115	chr19	32188497	32189231	0
3116	chr1	82442755	82443615	0
3117	chr6	88834465	88835805	0
3118	chr7	74663877	74664501	0
3119	chr1	40228335	40228981	0
3120	chr9	20982941	20983441	0
3121	chr8	107503619	107504497	0
3122	chr13	111656999	111657499	0
3123	chr18	24106335	24107071	0
3124	chr13	93782464	93783120	0
3125	chr13	41601330	41601990	0
3126	chr17	35763239	35764663	0
3127	chr8	95012206	95012706	0
3128	chr17	84969177	84970331	0
3129	chr8	125724843	125725941	0
3130	chrX	52929598	52930594	0
3131	chr15	66854642	66855270	0
3132	chr18	39666013	39667181	0
3133	chr7	121041085	121043475	0
3134	chr11	30179868	30180696	0
3135	chr15	35743761	35744407	0
3136	chr15	58175051	58175551	0
3137	chrX	159731577	159732955	0
3138	chr13	29963755	29964635	0
3139	chr12	25335110	25336076	0
3140	chr12	85208194	85208976	0
3141	chr1	88621514	88622496	0
3142	chr1	184019953	184021743	0
3143	chr4	119689764	119690460	0
3144	chr12	59250145	59250831	0
3145	chr19	8994537	8995201	0
3146	chr12	11275956	11276756	0
3147	chr8	83087035	83087663	0
3148	chr14	60273385	60274237	0
