480	chr7	63903380	63907036	0
791	chr14	64271083	64273681	0
880	chr2	32044164	32047774	0
1141	chr2	132691904	132693922	0
1428	chr16	32200349	32203095	0
1471	chr9	123756841	123759571	0
1853	chr1	51584333	51585877	0
2052	chr15	65726983	65728113	0
2061	chr1	171966066	171967126	0
2151	chr16	35764508	35766330	0
2153	chr17	51898797	51900483	0
2158	chr2	173229228	173230228	0
2164	chr5	105443213	105443975	0
2208	chr7	80918754	80920340	0
2360	chr8	111581642	111583460	0
2497	chr4	59339036	59340776	0
2662	chr11	117909035	117909963	0
2796	chr8	72276597	72277475	0
2833	chr5	122513651	122514467	0
2885	chr4	101174667	101176391	0
2887	chr5	24738855	24739785	0
2904	chr13	24401934	24402560	0
2915	chr17	46172540	46173640	0
2948	chr10	19522135	19523091	0
2950	chr11	11738655	11739819	0
3078	chr2	165854479	165856041	0
3168	chr11	46298475	46299869	0
3189	chr1	43450428	43451390	0
3202	chr5	143000333	143001323	0
3213	chr11	3344614	3345654	0
3225	chr13	112473982	112474790	0
3281	chr10	41605035	41605839	0
3374	chr18	64530590	64531728	0
3377	chr18	82513059	82513831	0
3385	chr2	25581176	25582356	0
3397	chr4	133050550	133051374	0
3404	chr7	132688945	132690375	0
3418	chr10	120616934	120617818	0
3421	chr11	100826747	100827505	0
3422	chr11	109553846	109555192	0
3455	chr4	45948886	45949778	0
3476	chr10	118407017	118407847	0
3497	chr15	74787692	74788594	0
3509	chr1	161156522	161157022	0
3520	chr5	33203465	33204089	0
3526	chr6	51767411	51768203	0
3546	chr11	51883600	51884244	0
3555	chr12	108600717	108601343	0
3557	chr13	117195820	117196580	0
3559	chr15	59003500	59004304	0
3590	chr5	136101919	136102747	0
3592	chr6	12037756	12038550	0
3670	chr6	142867280	142867908	0
3672	chr7	7188124	7188932	0
3680	chr8	22788046	22788844	0
3686	chr9	80318191	80318819	0
3691	chr10	110890746	110891374	0
3706	chr15	12284595	12285503	0
3711	chr16	31682927	31683679	0
3712	chr17	17601884	17602788	0
3741	chr6	145187386	145188036	0
3746	chr8	111600079	111600579	0
3759	chr10	119010733	119011689	0
3776	chr15	95713668	95714566	0
3806	chr4	145018876	145019928	0
3811	chr5	147062709	147063587	0
3812	chr6	135218685	135219185	0
3851	chr15	83399798	83400838	0
3855	chr16	33698197	33698957	0
3860	chr18	32993706	32994762	0
3873	chr2	129194249	129195023	0
3898	chr6	71920508	71921462	0
3901	chr6	142909070	142909702	0
3915	chr10	59569148	59569776	0
3917	chr10	67581983	67582741	0
3927	chr12	28807110	28808036	0
3933	chr13	43191304	43191980	0
3938	chr15	62067474	62068264	0
3960	chr2	13718705	13719331	0
3969	chr2	181659439	181659939	0
3998	chr7	117613737	117614237	0
4001	chr8	127815140	127815766	0
4002	chr9	48997078	48998196	0
4012	chr10	40499250	40500080	0
4015	chr11	34419274	34420094	0
4017	chr11	54088675	54089501	0
4018	chr11	59212204	59212854	0
4021	chr12	33118363	33119135	0
4026	chr13	21974028	21974678	0
4027	chr13	44821956	44823232	0
4028	chr14	60771167	60771667	0
4030	chr15	37561573	37562365	0
4034	chr15	96318911	96319757	0
4038	chr17	83906932	83907618	0
4061	chr5	65848838	65849594	0
4070	chr7	68133631	68134259	0
4076	chr8	115496000	115496500	0
4077	chr8	117224454	117225080	0
4079	chr9	44998084	44998584	0
4082	chr9	90251215	90252009	0
4085	chr9	117892150	117892780	0
4091	chr10	83634463	83635731	0
4098	chr11	19952507	19953363	0
4102	chr11	96982293	96982917	0
4114	chr14	55519701	55520755	0
4123	chr16	95198194	95198828	0
4154	chr3	37768410	37769284	0
4156	chr3	144252904	144253404	0
4164	chr5	121100204	121100830	0
4166	chr6	48073252	48074294	0
4181	chr9	69301364	69302206	0
4200	chr14	15769731	15770231	0
4207	chr16	51705021	51705521	0
4209	chr17	21463243	21464091	0
4215	chr18	82537260	82537888	0
4220	chr1	52649998	52650498	0
4224	chr2	30995598	30996778	0
4238	chr3	157571675	157572175	0
4253	chr6	99397768	99398268	0
4269	chr10	63258884	63259540	0
4276	chr11	54621630	54622488	0
4284	chr12	112914082	112915266	0
4289	chr13	73759994	73760618	0
4309	chr18	52909117	52909971	0
4313	chr19	34216799	34217577	0
4325	chr2	51982470	51982970	0
4327	chr2	128365622	128366440	0
4329	chr2	163575070	163575696	0
4349	chr5	150178823	150179323	0
4356	chr6	97429865	97430607	0
4358	chr6	146077128	146077628	0
4371	chr11	51950240	51950740	0
4381	chr12	40248715	40249215	0
4391	chr15	36855397	36856057	0
4403	chr19	47454484	47455496	0
4409	chr2	4872472	4872972	0
4417	chr2	155554610	155555110	0
4466	chr9	41181412	41181912	0
4478	chr11	32571654	32572470	0
4480	chr11	51931957	51932457	0
4486	chr12	35983445	35983945	0
4487	chr12	73578124	73578624	0
4493	chr13	44374600	44375100	0
4506	chr17	12363418	12363918	0
4511	chr17	62857536	62858036	0
4512	chr17	84336392	84337142	0
4514	chr18	35939658	35940158	0
4544	chr4	95214731	95215639	0
4546	chr4	106323220	106323868	0
4554	chr6	33260888	33261544	0
4558	chr7	64022349	64022987	0
4560	chr7	99017585	99018411	0
4561	chr7	110824081	110824861	0
4566	chr9	32608894	32609574	0
4570	chr9	77961465	77962127	0
4619	chr1	189609653	189610153	0
4621	chr2	22788008	22788508	0
4639	chr4	7364022	7364522	0
4653	chr5	112481693	112483067	0
4655	chr5	144925906	144926406	0
4656	chr6	33683415	33683915	0
4665	chr6	126807692	126808320	0
4667	chr6	145284106	145284884	0
4675	chr9	61764531	61765399	0
4702	chr13	54078986	54079892	0
4706	chr14	8518004	8518670	0
4712	chr15	89282343	89282989	0
4716	chr16	90044163	90044857	0
4730	chr1	127830425	127830925	0
4747	chr3	135594805	135595585	0
4749	chr4	53931554	53932180	0
4754	chr5	30662398	30663238	0
4757	chr5	112012319	112013089	0
4765	chr6	99658522	99659022	0
4766	chr7	12987027	12987663	0
4767	chr7	81928429	81929189	0
4768	chr7	101599793	101600601	0
4770	chr7	122296544	122297044	0
4771	chr7	122402684	122403328	0
4781	chr9	14921611	14922111	0
4783	chr9	123960484	123961108	0
4789	chr11	69055637	69056417	0
4791	chr11	76034025	76034829	0
4798	chr12	111905006	111905684	0
4807	chr13	109842952	109843578	0
4809	chr14	15099820	15100320	0
4810	chr14	21636454	21636954	0
4818	chr16	57434567	57435067	0
4820	chr17	47371184	47372060	0
4826	chr19	6895332	6896006	0
4834	chr1	36149020	36149520	0
4842	chr2	19316168	19316804	0
4850	chr2	166775921	166776715	0
4851	chr2	172927482	172928110	0
4854	chr3	52802424	52803052	0
4855	chr3	52829533	52830163	0
4856	chr3	81761001	81761759	0
4859	chr3	103990576	103991204	0
4869	chr5	64024559	64025059	0
4880	chr6	91979535	91980217	0
4881	chr6	92094787	92095499	0
4905	chr9	109046184	109046814	0
4910	chr10	96240183	96240849	0
4913	chr11	5429731	5430231	0
4914	chr11	17192582	17193206	0
4919	chr12	26184342	26184842	0
4922	chr12	108103027	108103527	0
4931	chr14	18507288	18508124	0
4944	chr16	76219002	76219502	0
4953	chr18	84804274	84804774	0
4954	chr19	4955983	4957257	0
4959	chr19	52979210	52979710	0
4967	chr1	165808195	165808695	0
4971	chr2	80324236	80324870	0
4978	chr3	130937408	130937908	0
4986	chr4	59231329	59231977	0
4991	chr5	28242930	28243578	0
4994	chr5	118644868	118645368	0
5001	chr6	99645977	99646477	0
5002	chr6	124478266	124478892	0
5006	chr6	144922598	144923356	0
5007	chr7	19830988	19831614	0
5010	chr7	75497761	75498261	0
5011	chr7	79314162	79314824	0
5013	chr7	117485577	117486077	0
5015	chr8	25520282	25521104	0
5016	chr8	36010394	36010894	0
5024	chr9	46153944	46154444	0
5025	chr9	46181449	46181949	0
5034	chr10	20036513	20037013	0
5038	chr10	117145465	117145965	0
5043	chr11	87259472	87259972	0
5047	chr11	117687542	117688186	0
5060	chr13	92986920	92987420	0
5061	chr13	95390109	95390609	0
5066	chr14	64309550	64310050	0
5075	chr16	11455861	11456707	0
5084	chr17	30961308	30961942	0
5092	chr1	53875829	53876329	0
5094	chr1	80418248	80418898	0
5096	chr1	126818179	126818679	0
5099	chr1	128766701	128767201	0
5102	chr1	138912399	138913023	0
5103	chr1	180824584	180825212	0
5106	chr2	92213647	92214273	0
5111	chr2	179938846	179940090	0
5115	chr3	100674734	100675362	0
5130	chr6	71221185	71221817	0
5134	chr6	100255182	100255682	0
5136	chr6	114968001	114968501	0
5137	chr6	116003356	116004102	0
5138	chr6	136516186	136516862	0
5148	chr8	106623070	106623570	0
5149	chr8	107163824	107164468	0
5150	chr8	111435400	111435900	0
5153	chr9	48267021	48267655	0
5154	chr9	85105548	85106220	0
5160	chr10	50897684	50898184	0
5165	chr10	123183327	123183827	0
5172	chr11	114702452	114703090	0
5174	chr12	32961145	32961839	0
5176	chr12	108622905	108623557	0
5179	chr13	41516120	41516620	0
5183	chr13	104139498	104139998	0
5185	chr14	45565404	45565904	0
5188	chr14	78733482	78734112	0
5190	chr14	118182315	118182941	0
5193	chr14	121894291	121895095	0
5195	chr14	122901569	122902069	0
5196	chr15	12424164	12424664	0
5197	chr15	93790537	93791307	0
5199	chr16	10905907	10906565	0
5203	chr16	95994119	95994845	0
5211	chr17	46033825	46034757	0
5221	chr19	53838602	53839102	0
5222	chr19	53855569	53856227	0
5231	chr1	39946837	39947337	0
5233	chr1	62829298	62829798	0
5240	chr1	164505082	164505582	0
5247	chr2	71338245	71338745	0
5254	chr3	135513615	135514115	0
5259	chr4	63823137	63823637	0
5265	chr5	25062440	25063218	0
5270	chr5	107279398	107279898	0
5281	chr6	114969602	114970226	0
5282	chr6	140559132	140559632	0
5283	chr7	35991058	35991692	0
5285	chr7	137288828	137289466	0
5286	chr7	139412582	139413288	0
5299	chr10	118085534	118086034	0
5300	chr11	11506366	11507042	0
5303	chr11	53810022	53810938	0
5304	chr11	54575957	54576457	0
5305	chr11	69043625	69044125	0
5306	chr11	80323422	80324096	0
5309	chr11	107409969	107410613	0
5322	chr14	121945551	121946051	0
5325	chr15	79265700	79266200	0
5326	chr15	85455672	85456304	0
5327	chr15	100089308	100089808	0
5330	chr16	23164593	23165315	0
5335	chr16	90265184	90265836	0
5337	chr16	92980234	92980734	0
5339	chr17	17600072	17600776	0
5341	chr17	72960472	72960972	0
5347	chr18	4313392	4313892	0
5367	chr1	171788599	171789099	0
5373	chr2	70989014	70989662	0
5375	chr2	84481331	84481831	0
5377	chr2	169609839	169610339	0
5378	chr3	9718380	9719008	0
5383	chr3	131176748	131177506	0
5386	chr4	45268262	45269026	0
5387	chr4	87881375	87881875	0
5390	chr4	132646982	132647482	0
5391	chr5	30774707	30775207	0
5394	chr5	73193850	73194614	0
5400	chr6	73314564	73315064	0
5408	chr8	22763945	22764607	0
5416	chr10	39600431	39600931	0
5430	chr12	59163403	59164057	0
5439	chr13	63552072	63552832	0
5442	chr14	20829813	20830313	0
5447	chr14	65102394	65102894	0
5457	chr15	76251254	76251978	0
5462	chr16	46108889	46109519	0
5463	chr16	58496508	58497138	0
5464	chr16	58690442	58690942	0
5467	chr17	12861927	12862427	0
5469	chr17	24133913	24134563	0
5472	chr17	73273299	73273799	0
5475	chr17	88190870	88191518	0
5482	chr19	34199413	34200043	0
5485	chr1	35971161	35971793	0
5486	chr1	39100397	39101181	0
5495	chr1	125518803	125519433	0
5496	chr1	131349211	131349711	0
5504	chr2	6324062	6324562	0
5506	chr2	13790024	13790524	0
5507	chr2	18963596	18964096	0
5509	chr2	31416941	31417593	0
5514	chr2	72139511	72140319	0
5517	chr2	92199461	92199961	0
5518	chr2	102146817	102147317	0
5522	chr2	179960464	179960964	0
5526	chr3	88376131	88376631	0
5527	chr3	130764427	130764927	0
5528	chr3	135376388	135377032	0
5529	chr3	137910130	137910630	0
5531	chr4	10752902	10753402	0
5535	chr4	62787782	62788452	0
5537	chr4	131860649	131861149	0
5538	chr4	143143512	143144012	0
5546	chr6	30498764	30499264	0
5550	chr6	83092236	83092872	0
5551	chr6	86822846	86823346	0
5552	chr6	99364177	99364677	0
5553	chr6	99660364	99660864	0
5560	chr7	63907324	63907824	0
5562	chr7	101089517	101090017	0
5571	chr9	15516336	15516964	0
5575	chr9	59551277	59551777	0
5577	chr9	61322474	61322974	0
5580	chr9	114948619	114949119	0
5581	chr9	115473866	115474496	0
5595	chr10	118418858	118419358	0
5596	chr10	126809613	126810245	0
5601	chr11	86370485	86370985	0
5608	chr12	3759121	3759621	0
5609	chr12	35690782	35691282	0
5610	chr12	84752853	84753477	0
5611	chr12	85468362	85468862	0
5617	chr13	30147612	30148112	0
5620	chr13	52577684	52578838	0
5621	chr13	54303654	54304154	0
5622	chr13	59778345	59779121	0
5626	chr13	112116390	112116890	0
5627	chr14	7913874	7914508	0
5628	chr14	16151679	16152303	0
5629	chr14	18665644	18666144	0
5631	chr14	36868784	36869284	0
5632	chr14	50826195	50827017	0
5635	chr14	74906072	74906718	0
5637	chr14	117625572	117626310	0
5638	chr14	121506500	121507000	0
5639	chr14	122747819	122748319	0
5642	chr15	79511310	79512076	0
5645	chr15	99847021	99847521	0
5652	chr16	49818901	49819545	0
5656	chr16	94592949	94593449	0
5658	chr17	23621307	23621953	0
5660	chr17	48318289	48318789	0
5662	chr17	83730297	83730797	0
5664	chr17	87246876	87247376	0
5670	chr18	80495473	80496191	0
5674	chr19	47905852	47906480	0
5678	chr1	6466843	6467343	0
5680	chr1	80719298	80719798	0
5690	chr2	49774885	49775591	0
5695	chr3	69464040	69464540	0
5697	chr3	100916995	100917495	0
5699	chr3	149380303	149380803	0
5712	chr6	41218133	41218765	0
5714	chr6	83008561	83009195	0
5716	chr6	99057174	99057674	0
5717	chr6	114869184	114870010	0
5718	chr6	134115433	134116337	0
5725	chr7	114346679	114347179	0
5727	chr8	77282328	77282828	0
5728	chr8	95058572	95059362	0
5732	chr8	123892259	123892759	0
5733	chr8	125293944	125294758	0
5734	chr8	128223249	128223749	0
5735	chr9	7917609	7918109	0
5737	chr9	50852627	50853269	0
5740	chr9	77941322	77941954	0
5744	chr9	114650479	114650979	0
5746	chr10	6956676	6957176	0
5752	chr10	94525753	94526503	0
5754	chr10	111912065	111912829	0
5757	chr11	61602728	61603228	0
5762	chr11	110918836	110919336	0
5769	chr13	114914160	114914792	0
5782	chr16	93453529	93454029	0
5785	chr17	29250129	29250781	0
5786	chr17	45663213	45663713	0
5787	chr17	84332371	84332871	0
5792	chr18	55680492	55680992	0
5795	chr18	63864154	63864782	0
5798	chr19	58119781	58120413	0
5803	chr1	7414233	7414895	0
5807	chr1	134865763	134866397	0
5808	chr1	151457373	151457873	0
5809	chr1	156045453	156046271	0
5814	chr2	11715697	11716197	0
5817	chr2	29052752	29053252	0
5819	chr2	57356417	57356917	0
5822	chr2	105037806	105038306	0
5827	chr2	173365455	173365955	0
5829	chr3	9942526	9943026	0
5831	chr3	55415215	55415843	0
5833	chr3	101541532	101542032	0
5834	chr3	119778991	119779685	0
5835	chr3	130012542	130013180	0
5836	chr3	148958772	148959272	0
5837	chr4	16071235	16071735	0
5838	chr4	102712154	102712654	0
5840	chr4	122824231	122825083	0
5841	chr4	127235927	127236427	0
5847	chr5	38556177	38556985	0
5848	chr5	89089758	89090258	0
5851	chr5	118578685	118579185	0
5855	chr6	41103677	41104177	0
5856	chr6	53986134	53986890	0
5860	chr6	126910283	126910941	0
5861	chr6	140357275	140357775	0
5862	chr7	58701389	58701889	0
5863	chr7	63753236	63753736	0
5864	chr7	72276061	72276697	0
5866	chr7	82191423	82192141	0
5867	chr7	83596868	83597500	0
5869	chr7	122247094	122247594	0
5870	chr7	122416372	122416872	0
5872	chr7	140324239	140324999	0
5876	chr8	83799861	83800489	0
5881	chr8	119786404	119786904	0
5882	chr9	15493170	15493670	0
5883	chr9	32923812	32924312	0
5886	chr9	54842468	54843106	0
5887	chr9	58537589	58538387	0
5888	chr9	69090198	69090698	0
5889	chr9	104339319	104339819	0
5890	chr9	106411104	106411734	0
5891	chr9	111002656	111003156	0
5892	chr10	4621171	4621671	0
5895	chr10	22291228	22291860	0
5897	chr10	53959897	53960667	0
5904	chr10	122748736	122749370	0
5905	chr11	20192996	20193496	0
5906	chr11	46126502	46127002	0
5908	chr11	62741420	62741920	0
5909	chr11	75573322	75573822	0
5911	chr11	113543870	113544370	0
5913	chr12	70074903	70075403	0
5914	chr12	75502877	75503511	0
5917	chr12	86942500	86943000	0
5920	chr13	24621783	24622633	0
5924	chr13	52138994	52139494	0
5928	chr13	117193360	117193994	0
5933	chr15	25915342	25915842	0
5936	chr15	53226941	53227571	0
5937	chr15	66453625	66454125	0
5943	chr15	93251098	93251724	0
5945	chr16	30227447	30228077	0
5946	chr16	50068807	50069307	0
5947	chr16	51719333	51719833	0
5948	chr16	91516178	91516678	0
5950	chr17	28994566	28995066	0
5951	chr17	44893121	44893621	0
5958	chr19	4864985	4865635	0
5959	chr19	32626770	32627270	0
5964	chr1	13360780	13361412	0
5968	chr1	61402599	61403099	0
5969	chr1	62872470	62872970	0
5970	chr1	64514095	64514731	0
5971	chr1	85997926	85998426	0
5973	chr1	88635490	88636218	0
5979	chr1	155173952	155174584	0
5988	chr2	91495127	91495879	0
5991	chr2	102999229	102999729	0
5997	chr2	172851502	172852312	0
6003	chr3	123091793	123092293	0
6004	chr3	123315326	123315826	0
6006	chr3	133509019	133509519	0
6007	chr3	138118906	138119550	0
6011	chr4	53187007	53187507	0
6012	chr4	59326284	59326784	0
6016	chr4	109273875	109274375	0
6019	chr4	129928390	129928890	0
6021	chr4	140964284	140964784	0
6023	chr5	23424604	23425104	0
6026	chr5	100483258	100483758	0
6028	chr5	119896630	119897130	0
6034	chr6	30227558	30228058	0
6037	chr6	72949848	72950530	0
6038	chr6	87129252	87129752	0
6041	chr6	119635908	119636408	0
6043	chr6	134883556	134884200	0
6045	chr6	149344168	149344668	0
6047	chr7	49364463	49364963	0
6051	chr7	74599580	74600080	0
6053	chr7	98523487	98523987	0
6056	chr7	114111812	114112312	0
6059	chr7	128358786	128359286	0
6064	chr8	70494360	70495162	0
6066	chr8	104435959	104436459	0
6071	chr8	125080510	125081010	0
6073	chr9	13973434	13974196	0
6075	chr9	41101103	41101603	0
6076	chr9	44016718	44017218	0
6079	chr9	90265353	90265853	0
6086	chr10	59511161	59511937	0
6089	chr10	93402916	93403416	0
6091	chr10	96393019	96393519	0
6092	chr10	123190509	123191009	0
6097	chr11	31732407	31732907	0
6099	chr11	62749280	62749906	0
6102	chr11	96475251	96475751	0
6103	chr11	118149019	118149889	0
6106	chr12	40568216	40568716	0
6109	chr12	82208345	82209017	0
6112	chr12	115952307	115952807	0
6113	chr13	23309641	23310141	0
6124	chr14	16181859	16182489	0
6125	chr14	27408117	27408617	0
6127	chr14	53361627	53362257	0
6129	chr14	57713350	57713850	0
6130	chr15	35302720	35303220	0
6133	chr15	76794724	76795224	0
6136	chr15	85990634	85991258	0
6142	chr16	34666952	34667452	0
6145	chr16	56063928	56064428	0
6146	chr16	57399704	57400204	0
6147	chr16	95283777	95284277	0
6150	chr17	12793554	12794054	0
6153	chr17	29167241	29167741	0
6154	chr17	47292769	47293269	0
6155	chr17	53580190	53580690	0
6160	chr18	9393889	9394527	0
6162	chr18	74760515	74761015	0
6163	chr19	3855800	3856426	0
6165	chr19	26991551	26992191	0
6172	chr1	37481231	37481731	0
6173	chr1	43310761	43311261	0
6175	chr1	85733345	85733845	0
6177	chr1	88681493	88682119	0
6179	chr1	132336944	132337444	0
6184	chr2	22997176	22997676	0
6185	chr2	27433040	27433726	0
6186	chr2	32169916	32170578	0
6192	chr2	120484057	120484557	0
6193	chr2	128008648	128009290	0
6194	chr2	129174631	129175131	0
6195	chr3	14915769	14916269	0
6199	chr3	90359128	90359628	0
6200	chr3	101232778	101233278	0
6202	chr3	107046249	107046749	0
6204	chr3	131195145	131195645	0
6213	chr5	33122209	33122839	0
6215	chr5	72349908	72350534	0
6219	chr5	136707845	136708647	0
6221	chr6	38833117	38833617	0
6233	chr7	68249588	68250226	0
6236	chr7	125339416	125340042	0
6237	chr7	132762803	132763303	0
6243	chr8	92772200	92772834	0
6245	chr8	116674273	116674773	0
6246	chr8	116876081	116876729	0
6252	chr9	48536004	48536628	0
6256	chr9	96957571	96958071	0
6257	chr9	100682273	100682773	0
6258	chr9	124126202	124126842	0
6261	chr10	40674182	40674818	0
6262	chr10	51454313	51454813	0
6265	chr10	95074954	95075652	0
6273	chr11	102496621	102497121	0
6275	chr11	110563489	110563989	0
6286	chr13	41930218	41930858	0
6288	chr13	44809587	44810087	0
6290	chr13	74846157	74846657	0
6297	chr15	72837367	72838091	0
6298	chr15	74667309	74667809	0
6299	chr15	78860137	78860637	0
6301	chr15	102981555	102982055	0
6303	chr16	24235001	24235501	0
6304	chr16	62940838	62941338	0
6306	chr17	5080543	5081181	0
6307	chr17	29152398	29152898	0
6312	chr17	51398817	51399317	0
6317	chr18	64599100	64599734	0
6318	chr18	76935191	76935691	0
6319	chr19	14641004	14641782	0
6320	chr19	36837757	36838383	0
6324	chr19	53156796	53157296	0
6325	chrX	13505532	13506214	0
6326	chrX	13607658	13608290	0
6328	chr1	46905311	46905811	0
6332	chr1	84799284	84799784	0
6336	chr1	151974610	151975110	0
6340	chr2	19715796	19716296	0
6348	chr2	70827325	70827825	0
6351	chr2	164389215	164389933	0
6353	chr2	174126967	174127467	0
6355	chr2	178565287	178565941	0
6356	chr2	179971837	179972477	0
6357	chr3	21597749	21598249	0
6358	chr3	38044292	38044792	0
6359	chr3	38115701	38116343	0
6367	chr4	8712541	8713041	0
6369	chr4	24556186	24556686	0
6372	chr4	55356057	55356557	0
6374	chr4	59527595	59528095	0
6375	chr4	75400475	75401107	0
6378	chr4	99199592	99200092	0
6381	chr4	132659099	132659599	0
6383	chr4	149439135	149439771	0
6384	chr5	30343153	30343653	0
6387	chr5	75031286	75032042	0
6392	chr5	147476929	147477429	0
6400	chr6	145030557	145031057	0
6401	chr7	16007448	16007948	0
6402	chr7	24628824	24629324	0
6405	chr7	35251795	35252295	0
6409	chr7	67369674	67370306	0
6415	chr7	122346611	122347111	0
6423	chr8	35250187	35250687	0
6424	chr8	83770493	83771117	0
6426	chr9	42423511	42424011	0
6428	chr9	63506796	63507296	0
6431	chr9	71888518	71889144	0
6432	chr9	97310335	97310835	0
6433	chr9	98339232	98339732	0
6438	chr10	19117507	19118007	0
6441	chr10	20915795	20916295	0
6442	chr10	22154237	22154737	0
6443	chr10	39382341	39382841	0
6446	chr10	80729556	80730408	0
6450	chr10	96324892	96325392	0
6452	chr10	118722156	118722656	0
6453	chr11	4427151	4427651	0
6454	chr11	11514959	11515459	0
6455	chr11	18014240	18014880	0
6456	chr11	25288194	25288694	0
6457	chr11	31726176	31726676	0
6458	chr11	45862715	45863215	0
6461	chr11	75970359	75970859	0
6462	chr11	76732578	76733216	0
6463	chr11	85447602	85448236	0
6464	chr11	86408825	86409325	0
6466	chr11	104647014	104647514	0
6467	chr11	106681500	106682000	0
6468	chr11	110463419	110463919	0
6469	chr11	111818322	111818822	0
6471	chr12	40427502	40428002	0
6472	chr12	41960673	41961173	0
6473	chr12	64954396	64954896	0
6476	chr12	80060233	80060733	0
6478	chr12	100508776	100509276	0
6479	chr12	101980461	101980961	0
6480	chr12	111035061	111035711	0
6483	chr13	37130912	37131412	0
6485	chr13	44320675	44321175	0
6487	chr13	55462724	55463224	0
6490	chr13	111781400	111782130	0
6491	chr13	112472325	112472825	0
6492	chr13	119436031	119436531	0
6493	chr14	18021736	18022236	0
6495	chr14	19712783	19713283	0
6502	chr15	3264536	3265036	0
6503	chr15	12857059	12857559	0
6505	chr15	27840033	27840669	0
6507	chr15	53312175	53312675	0
6509	chr15	63610889	63611389	0
6512	chr15	94187130	94187630	0
6515	chr15	100072328	100073144	0
6519	chr16	23997484	23997984	0
6521	chr16	76312564	76313064	0
6522	chr16	92575558	92576318	0
6523	chr16	93576661	93577161	0
6524	chr16	93721676	93722474	0
6526	chr17	10093196	10093696	0
6529	chr17	34087341	34087841	0
6530	chr17	37246552	37247052	0
6531	chr17	50993428	50994086	0
6532	chr17	51894225	51894725	0
6533	chr17	83273936	83274824	0
6535	chr18	11794144	11794772	0
6540	chr18	38996749	38997249	0
6541	chr18	61767086	61767586	0
6542	chr18	73810171	73810671	0
6544	chr18	82813734	82814234	0
6545	chr19	14562994	14563494	0
6549	chr19	46214544	46215198	0
6550	chrX	7821268	7822040	0
6552	chrX	75128354	75128854	0
6556	chrX	166688856	166689482	0
6557	chr1	4769794	4770294	0
6558	chr1	13308876	13309514	0
6559	chr1	21469666	21470166	0
6563	chr1	43486019	43486819	0
6565	chr1	61024361	61024861	0
6569	chr1	80646831	80647331	0
6571	chr1	86344735	86345235	0
6575	chr1	105880926	105881426	0
6576	chr1	106064039	106064539	0
6577	chr1	130508780	130509280	0
6580	chr1	151685025	151685525	0
6581	chr1	156024353	156024853	0
6585	chr1	184573490	184573990	0
6589	chr2	58144192	58144840	0
6591	chr2	61755149	61755649	0
6592	chr2	71667540	71668040	0
6593	chr2	71878070	71878702	0
6594	chr2	91137265	91137901	0
6595	chr2	91742419	91742919	0
6599	chr2	126602010	126602510	0
6602	chr2	153262293	153262793	0
6603	chr2	164873990	164874490	0
6605	chr2	166169459	166170161	0
6606	chr2	168281468	168282096	0
6607	chr2	169134087	169134587	0
6609	chr2	169702472	169702972	0
6610	chr2	173032717	173033461	0
6614	chr3	52755089	52755731	0
6621	chr3	153251929	153252631	0
6624	chr4	33892353	33892853	0
6628	chr4	59569478	59569978	0
6630	chr4	103007278	103007778	0
6631	chr4	119738598	119739098	0
6632	chr4	126206688	126207188	0
6634	chr4	133715155	133715655	0
6636	chr4	136801067	136801567	0
6640	chr4	156035293	156035927	0
6641	chr5	33436046	33436546	0
6642	chr5	33681850	33682350	0
6643	chr5	64801207	64801707	0
6644	chr5	73209799	73210299	0
6646	chr5	92466129	92466629	0
6647	chr5	107091586	107092272	0
6648	chr5	107524132	107524632	0
6652	chr5	115055969	115056469	0
6654	chr5	123877907	123878407	0
6658	chr6	33004579	33005079	0
6664	chr6	71431015	71431515	0
6665	chr6	72981994	72982494	0
6667	chr6	99013326	99013826	0
6668	chr6	99419114	99419746	0
6669	chr6	115697703	115698203	0
6670	chr6	129747353	129747853	0
6671	chr6	134105068	134105568	0
6672	chr6	142869283	142869921	0
6676	chr7	64061342	64061966	0
6678	chr7	68251333	68251833	0
6682	chr7	99531501	99532001	0
6684	chr7	110940525	110941025	0
6686	chr7	128151496	128152150	0
6687	chr7	132717545	132718045	0
6691	chr8	33594574	33595074	0
6692	chr8	45330995	45331495	0
6694	chr8	88701516	88702016	0
6696	chr8	105390481	105391109	0
6697	chr8	110988332	110988832	0
6700	chr8	121570159	121570823	0
6701	chr8	124344068	124344568	0
6703	chr9	7826971	7827471	0
6706	chr9	21261757	21262381	0
6707	chr9	37310590	37311090	0
6709	chr9	44533088	44533588	0
6710	chr9	45851656	45852156	0
6712	chr9	56305826	56306326	0
6713	chr9	61041890	61042608	0
6714	chr9	64244041	64244689	0
6715	chr9	69668698	69669198	0
6716	chr9	75269831	75270331	0
6717	chr9	85201387	85201887	0
6718	chr9	107869193	107869693	0
6719	chr9	108540811	108541311	0
6720	chr9	110449442	110449942	0
6723	chr9	118677603	118678103	0
6724	chr9	122092121	122092621	0
6727	chr10	43243473	43244225	0
6732	chr10	84516277	84516777	0
6733	chr10	85502134	85502634	0
6734	chr10	108089331	108089831	0
6737	chr11	5181214	5181714	0
6744	chr11	70280344	70280844	0
6745	chr11	75033061	75033561	0
6754	chr12	16137502	16138002	0
6756	chr12	40526163	40526663	0
6759	chr12	80803067	80803567	0
6761	chr12	84784446	84784946	0
6763	chr12	99955824	99956324	0
6764	chr12	103438665	103439165	0
6765	chr12	113362203	113362829	0
6766	chr12	115741999	115742499	0
6767	chr13	9277737	9278237	0
6772	chr13	41481907	41482407	0
6773	chr13	54973267	54973767	0
6774	chr13	58206885	58207511	0
6776	chr13	101739892	101740392	0
6777	chr13	104014402	104014902	0
6778	chr14	8641803	8642455	0
6781	chr14	64268862	64269362	0
6785	chr15	8413477	8413977	0
6787	chr15	31523601	31524101	0
6790	chr15	69078163	69078663	0
6791	chr15	81303832	81304332	0
6794	chr15	93301832	93302332	0
6795	chr15	98755074	98755574	0
6797	chr16	8847010	8847510	0
6800	chr16	22517360	22517860	0
6804	chr16	92762742	92763242	0
6806	chr17	5097549	5098049	0
6807	chr17	24211891	24212391	0
6808	chr17	28876525	28877025	0
6810	chr17	31184575	31185075	0
6813	chr17	51873204	51873704	0
6814	chr17	52278288	52278788	0
6819	chr17	83457215	83457715	0
6820	chr17	83962333	83962833	0
6823	chr18	5389894	5390528	0
6824	chr18	14669334	14669834	0
6827	chr18	64894480	64894980	0
6830	chr19	3545294	3545794	0
6831	chr19	5751565	5752203	0
6832	chr19	9911319	9911819	0
6836	chr19	32345069	32345569	0
6844	chr1	10325203	10325703	0
6845	chr1	60460526	60461026	0
6846	chr1	61055085	61055585	0
6848	chr1	130472757	130473257	0
6850	chr1	160908885	160909385	0
6854	chr1	193195170	193195888	0
6855	chr2	3744743	3745381	0
6856	chr2	17702624	17703124	0
6857	chr2	28075207	28075833	0
6860	chr2	101600093	101600593	0
6861	chr2	112656086	112656744	0
6865	chr2	174517479	174517979	0
6868	chr3	52478848	52479476	0
6870	chr3	84771953	84772453	0
6871	chr3	96194807	96195441	0
6874	chr3	122378265	122378909	0
6875	chr3	129560897	129561397	0
6877	chr3	152884090	152884590	0
6879	chr4	6375686	6376186	0
6883	chr4	106590041	106590679	0
6888	chr4	149849798	149850298	0
6890	chr5	114627593	114628093	0
6891	chr5	121519686	121520186	0
6892	chr5	134342033	134342533	0
6893	chr5	139912860	139913360	0
6894	chr6	30246241	30246741	0
6896	chr6	39226770	39227394	0
6897	chr6	50560649	50561149	0
6899	chr6	55331540	55332174	0
6901	chr6	83716620	83717120	0
6906	chr6	100238708	100239208	0
6907	chr6	115671889	115672525	0
6908	chr6	116455751	116456377	0
6910	chr6	143684167	143684667	0
6912	chr7	16460495	16461151	0
6913	chr7	17058263	17058763	0
6915	chr7	67494104	67494756	0
6917	chr7	78794006	78794506	0
6918	chr7	82601706	82602206	0
6925	chr8	27166385	27166885	0
6926	chr8	70552410	70553118	0
6930	chr8	126603347	126603983	0
6932	chr9	44093762	44094262	0
6934	chr9	63678569	63679069	0
6938	chr9	77512602	77513238	0
6947	chr10	93069822	93070322	0
6949	chr11	53799716	53800216	0
6951	chr11	60333913	60334413	0
6953	chr11	65739491	65740125	0
6957	chr11	103382492	103383134	0
6958	chr11	106026636	106027292	0
6959	chr11	108291560	108292060	0
6962	chr11	121544708	121545208	0
6963	chr12	25011122	25011622	0
6964	chr12	25455527	25456027	0
6965	chr12	31532144	31532644	0
6966	chr12	92884050	92884550	0
6968	chr12	106291757	106292257	0
6971	chr13	19139055	19139555	0
6973	chr13	28942112	28942748	0
6975	chr13	41489352	41489992	0
6976	chr13	42986073	42986573	0
6979	chr13	98691469	98691969	0
6980	chr13	101763269	101763769	0
6983	chr14	25184830	25185330	0
6986	chr14	67050647	67051147	0
6987	chr14	70395243	70395743	0
6989	chr14	76702190	76702690	0
6992	chr14	122186625	122187125	0
6996	chr15	59591998	59592498	0
6999	chr15	76506450	76506950	0
7007	chr16	31136606	31137106	0
7010	chr16	76002497	76002997	0
7014	chr17	28268750	28269250	0
7019	chr18	7555692	7556192	0
7021	chr18	33947213	33947857	0
7023	chr18	81555329	81555829	0
7026	chr19	18608638	18609138	0
7028	chr19	43722429	43722929	0
7029	chr19	55507898	55508398	0
7033	chrX	166514240	166514740	0
7037	chr1	43879588	43880088	0
7039	chr1	62705943	62706617	0
7043	chr1	85800187	85800687	0
7045	chr1	126737951	126738451	0
7046	chr1	131447354	131447978	0
7048	chr1	161019107	161019607	0
7049	chr1	161614013	161614513	0
7051	chr1	164957110	164957610	0
7057	chr2	22781030	22781530	0
7060	chr2	27126124	27126760	0
7062	chr2	29684186	29684686	0
7063	chr2	35660897	35661397	0
7064	chr2	50943359	50943859	0
7065	chr2	51130561	51131231	0
7066	chr2	70788964	70789464	0
7067	chr2	92422578	92423078	0
7069	chr2	118711112	118711612	0
7070	chr2	120578272	120578772	0
7072	chr2	151605269	151605769	0
7073	chr2	153608468	153608968	0
7074	chr2	154675647	154676147	0
7077	chr2	170050256	170050756	0
7080	chr3	69118497	69118997	0
7081	chr3	69402410	69402910	0
7082	chr3	84563250	84563750	0
7084	chr3	89866913	89867413	0
7085	chr3	89903424	89903924	0
7086	chr3	98084258	98084758	0
7089	chr3	103400917	103401417	0
7090	chr3	108997830	108998330	0
7091	chr3	115667286	115667786	0
7093	chr3	123083470	123083970	0
7094	chr4	6688542	6689042	0
7095	chr4	15285637	15286137	0
7099	chr4	89273227	89273727	0
7100	chr4	97590360	97590860	0
7101	chr4	106837817	106838317	0
7102	chr4	116013505	116014141	0
7103	chr4	126237686	126238186	0
7107	chr5	34589713	34590375	0
7109	chr5	75153496	75153996	0
7110	chr5	77167029	77167529	0
7112	chr5	98032381	98032881	0
7113	chr5	104025189	104025823	0
7116	chr5	113430784	113431284	0
7117	chr5	113844199	113844699	0
7118	chr5	118247999	118248721	0
7119	chr5	119633343	119633843	0
7120	chr5	120439474	120439974	0
7123	chr5	123435872	123436372	0
7124	chr5	124223464	124224132	0
7127	chr6	51533001	51533501	0
7128	chr6	52110946	52111446	0
7129	chr6	52473447	52473947	0
7130	chr6	54778352	54778852	0
7133	chr6	112968095	112968595	0
7134	chr6	130342076	130342576	0
7135	chr6	143179286	143179786	0
7136	chr6	147380320	147381128	0
7137	chr7	3421867	3422493	0
7138	chr7	16204917	16205417	0
7140	chr7	19545799	19546299	0
7142	chr7	36167233	36167733	0
7144	chr7	46402218	46402718	0
7149	chr7	83609166	83609858	0
7152	chr7	110270152	110270652	0
7153	chr7	117612682	117613182	0
7155	chr7	140312279	140312779	0
7156	chr7	140766472	140766972	0
7157	chr8	11205931	11206557	0
7158	chr8	13656048	13656698	0
7160	chr8	25304493	25305125	0
7161	chr8	25448231	25448731	0
7168	chr8	85452356	85452856	0
7170	chr8	111619961	111620461	0
7173	chr8	120513879	120514521	0
7174	chr8	122709817	122710317	0
7179	chr8	128645267	128645903	0
7180	chr9	43038247	43038895	0
7181	chr9	47727277	47727777	0
7183	chr9	66502155	66502655	0
7185	chr9	95835571	95836253	0
7187	chr9	117923232	117923732	0
7189	chr9	122137922	122138422	0
7190	chr10	6967358	6968110	0
7191	chr10	17827817	17828317	0
7192	chr10	19239954	19240454	0
7194	chr10	40232165	40232665	0
7195	chr10	44327071	44327571	0
7197	chr10	80072396	80072896	0
7198	chr10	91300340	91300840	0
7200	chr10	118413097	118413597	0
7201	chr10	127755919	127756571	0
7202	chr11	4458699	4459199	0
7205	chr11	49997574	49998074	0
7206	chr11	52180386	52181050	0
7211	chr11	96300702	96301372	0
7215	chr11	121485720	121486220	0
7216	chr12	24980211	24980711	0
7217	chr12	25830459	25830959	0
7218	chr12	54221282	54221782	0
7219	chr12	69733985	69734485	0
7221	chr12	86621622	86622122	0
7222	chr12	100634342	100634842	0
7224	chr12	105027632	105028132	0
7228	chr13	34154843	34155343	0
7230	chr13	44089615	44090115	0
7231	chr13	47286754	47287254	0
7233	chr13	91468844	91469564	0
7234	chr13	97869735	97870235	0
7235	chr13	98807350	98807850	0
7236	chr13	108169704	108170204	0
7241	chr14	51172662	51173162	0
7243	chr14	76674296	76674796	0
7244	chr14	101469949	101470449	0
7245	chr14	118173675	118174175	0
7246	chr15	5561532	5562160	0
7251	chr15	59977938	59978572	0
7255	chr15	83079884	83080384	0
7256	chr15	85961864	85962364	0
7258	chr15	100105024	100105524	0
7259	chr16	11552579	11553079	0
7261	chr16	23604234	23604734	0
7263	chr16	43377359	43377859	0
7266	chr16	96158310	96158810	0
7267	chr17	4945605	4946105	0
7270	chr17	17614537	17615037	0
7271	chr17	21492466	21492966	0
7272	chr17	28642105	28642605	0
7274	chr17	30028872	30029372	0
7275	chr17	30343737	30344237	0
7279	chr17	53594735	53595235	0
7280	chr17	58932564	58933064	0
7283	chr17	73053287	73053787	0
7284	chr18	11946992	11947492	0
7286	chr18	46511581	46512081	0
7287	chr18	54295031	54295531	0
7288	chr18	56508781	56509281	0
7289	chr18	67478545	67479045	0
7292	chr19	32179207	32179707	0
7295	chr19	53204468	53204968	0
7298	chrX	7859155	7859655	0
7299	chrX	77569860	77570486	0
7300	chrX	106704535	106705165	0
7301	chr1	11229468	11229968	0
7302	chr1	37345529	37346029	0
7303	chr1	39868362	39868862	0
7305	chr1	52127095	52127595	0
7307	chr1	64018234	64018734	0
7308	chr1	87417655	87418155	0
7309	chr1	128793865	128794365	0
7310	chr1	130514693	130515193	0
7313	chr1	138955550	138956050	0
7314	chr1	152034638	152035138	0
7317	chr1	155062025	155062525	0
7318	chr1	164118909	164119409	0
7320	chr1	171119173	171119673	0
7321	chr1	176852765	176853409	0
7322	chr1	178350978	178351478	0
7323	chr1	183439014	183439514	0
7324	chr1	184468001	184468501	0
7325	chr1	191724533	191725033	0
7326	chr1	191803243	191803889	0
7327	chr2	11135934	11136434	0
7328	chr2	18980237	18980737	0
7329	chr2	22817479	22817979	0
7331	chr2	27732919	27733419	0
7332	chr2	29388392	29388892	0
7333	chr2	29418530	29419030	0
7336	chr2	36213982	36214482	0
7337	chr2	49472869	49473369	0
7340	chr2	70628624	70629124	0
7341	chr2	71051806	71052306	0
7342	chr2	72478682	72479182	0
7343	chr2	84836999	84837499	0
7345	chr2	117945249	117945749	0
7346	chr2	118764418	118764918	0
7348	chr2	154806660	154807160	0
7349	chr2	155674024	155674524	0
7350	chr2	168196977	168197477	0
7353	chr2	179947262	179947762	0
7354	chr3	9556529	9557029	0
7357	chr3	58502150	58502808	0
7358	chr3	60571005	60571505	0
7360	chr3	82176932	82177432	0
7361	chr3	84046437	84046937	0
7362	chr3	121200672	121201172	0
7363	chr3	130879044	130879544	0
7364	chr3	138400128	138400628	0
7365	chr3	145101608	145102108	0
7366	chr4	6984147	6984647	0
7367	chr4	8722426	8722926	0
7368	chr4	8741395	8741895	0
7371	chr4	34859088	34859588	0
7372	chr4	35004205	35004705	0
7373	chr4	45336414	45336914	0
7374	chr4	49626314	49626814	0
7378	chr4	101224087	101224587	0
7379	chr4	107829383	107830007	0
7383	chr4	134307696	134308196	0
7384	chr4	136816227	136816727	0
7385	chr4	137713945	137714445	0
7386	chr4	139109431	139109931	0
7388	chr4	141295998	141296498	0
7389	chr4	151005992	151006492	0
7394	chr5	5378022	5378664	0
7395	chr5	21203271	21203771	0
7396	chr5	23523948	23524708	0
7397	chr5	24728934	24729434	0
7399	chr5	44206006	44206506	0
7401	chr5	65878014	65878514	0
7402	chr5	73208315	73208815	0
7403	chr5	73233756	73234256	0
7406	chr5	104979504	104980004	0
7407	chr5	113888030	113888530	0
7408	chr5	115192664	115193164	0
7409	chr5	115471126	115471626	0
7410	chr5	118686924	118687424	0
7411	chr5	120124343	120124843	0
7413	chr5	125054501	125055001	0
7415	chr5	134612089	134612589	0
7416	chr5	135669869	135670369	0
7420	chr5	144958689	144959189	0
7421	chr5	146676615	146677115	0
7422	chr6	8352135	8352635	0
7424	chr6	29796298	29796798	0
7425	chr6	30657277	30657777	0
7426	chr6	39526852	39527352	0
7427	chr6	48763249	48763749	0
7428	chr6	50552982	50553482	0
7429	chr6	57531652	57532152	0
7430	chr6	59423969	59424469	0
7432	chr6	71154937	71155437	0
7433	chr6	72995432	72995932	0
7434	chr6	87582672	87583172	0
7436	chr6	129587404	129587904	0
7438	chr6	149323220	149323720	0
7439	chr7	16838223	16838723	0
7441	chr7	30430112	30430612	0
7442	chr7	30993511	30994011	0
7443	chr7	38163183	38163683	0
7444	chr7	55889930	55890430	0
7445	chr7	63899799	63900299	0
7447	chr7	67425543	67426043	0
7450	chr7	79464218	79464718	0
7452	chr7	80102305	80102971	0
7454	chr7	83644436	83644936	0
7455	chr7	99555796	99556296	0
7457	chr7	99962224	99962724	0
7458	chr7	101064868	101065368	0
7459	chr7	101617343	101617843	0
7463	chr7	139156264	139156764	0
7466	chr8	22651063	22651563	0
7467	chr8	25575059	25575559	0
7468	chr8	27161786	27162286	0
7470	chr8	35184844	35185344	0
7471	chr8	69170147	69170647	0
7473	chr8	72017182	72017682	0
7474	chr8	80916444	80916944	0
7475	chr8	81804751	81805251	0
7480	chr8	91358765	91359265	0
7481	chr8	91376432	91376932	0
7483	chr8	94361871	94362371	0
7484	chr8	94429214	94429714	0
7485	chr8	95037072	95037572	0
7487	chr8	106651541	106652041	0
7488	chr8	114869153	114869653	0
7489	chr8	115618330	115618830	0
7490	chr8	116912024	116912524	0
7491	chr8	124306489	124306989	0
7492	chr8	128489632	128490132	0
7494	chr9	32909758	32910258	0
7499	chr9	62753911	62754611	0
7500	chr9	64829723	64830223	0
7501	chr9	66720430	66720930	0
7504	chr9	77429625	77430125	0
7505	chr9	77517243	77517743	0
7507	chr9	108788103	108788603	0
7508	chr9	122145808	122146308	0
7509	chr9	123772375	123772875	0
7511	chr10	8837551	8838187	0
7512	chr10	14185906	14186406	0
7514	chr10	19668595	19669095	0
7517	chr10	22294154	22294654	0
7518	chr10	39379924	39380424	0
7519	chr10	39521636	39522136	0
7521	chr10	42874107	42874607	0
7522	chr10	69320781	69321281	0
7523	chr10	75224679	75225321	0
7525	chr10	89708365	89708865	0
7526	chr10	96699138	96699638	0
7527	chr10	108239832	108240332	0
7529	chr10	117602705	117603205	0
7530	chr10	118012081	118012581	0
7532	chr10	118663049	118663549	0
7533	chr10	118893289	118893789	0
7536	chr10	127230878	127231378	0
7537	chr10	127893755	127894255	0
7539	chr11	20615015	20615515	0
7542	chr11	40743368	40743868	0
7543	chr11	43376178	43376678	0
7544	chr11	49632388	49632888	0
7546	chr11	54755532	54756032	0
7547	chr11	58187902	58188402	0
7548	chr11	60034540	60035040	0
7551	chr11	79706520	79707020	0
7553	chr11	100290760	100291452	0
7555	chr11	106680236	106680736	0
7557	chr11	115235637	115236275	0
7559	chr11	119875954	119876454	0
7560	chr12	11178713	11179213	0
7561	chr12	21207911	21208547	0
7563	chr12	24632694	24633194	0
7564	chr12	25366560	25367060	0
7565	chr12	32203153	32203653	0
7566	chr12	59213158	59213658	0
7568	chr12	76925465	76925965	0
7571	chr12	85181497	85181997	0
7572	chr12	85569344	85569844	0
7573	chr12	85647070	85647570	0
7574	chr12	86974572	86975072	0
7576	chr12	112743106	112743606	0
7578	chr13	19475304	19475804	0
7579	chr13	20206924	20207424	0
7581	chr13	30913007	30913507	0
7583	chr13	37594851	37595351	0
7585	chr13	46008915	46009415	0
7586	chr13	46345044	46345544	0
7587	chr13	49344475	49344975	0
7588	chr13	51110133	51110633	0
7589	chr13	52616933	52617433	0
7590	chr13	54501765	54502265	0
7592	chr13	73682819	73683319	0
7593	chr13	81347945	81348445	0
7594	chr13	83729648	83730148	0
7598	chr13	94399406	94399906	0
7599	chr13	95881132	95881632	0
7602	chr13	111397117	111397617	0
7606	chr14	25612404	25612904	0
7608	chr14	27198732	27199232	0
7609	chr14	27241566	27242066	0
7610	chr14	33213620	33214120	0
7612	chr14	56905325	56905965	0
7614	chr14	78533513	78534013	0
7615	chr14	87568287	87568787	0
7617	chr14	101661784	101662284	0
7618	chr14	103785317	103785817	0
7622	chr14	122027629	122028129	0
7624	chr15	5262957	5263457	0
7626	chr15	9677977	9678477	0
7628	chr15	31336351	31336983	0
7630	chr15	37783792	37784292	0
7632	chr15	58893499	58893999	0
7633	chr15	64013620	64014120	0
7634	chr15	66820048	66820548	0
7636	chr15	67185521	67186145	0
7639	chr15	79395165	79395665	0
7641	chr15	80006247	80006747	0
7642	chr15	80137560	80138060	0
7643	chr15	80488432	80488932	0
7645	chr15	85909148	85909648	0
7646	chr15	96728355	96728855	0
7655	chr16	31030957	31031457	0
7660	chr16	55931071	55931571	0
7663	chr16	76603984	76604484	0
7664	chr16	94413853	94414353	0
7666	chr17	24288312	24288812	0
7667	chr17	26033173	26033673	0
7668	chr17	33572558	33573254	0
7669	chr17	34173877	34174377	0
7670	chr17	45217424	45217924	0
7672	chr17	48319743	48320243	0
7678	chr17	79444681	79445181	0
7680	chr17	84022268	84022768	0
7681	chr17	84293118	84293618	0
7682	chr17	86249706	86250206	0
7683	chr17	86976956	86977456	0
7684	chr17	88598838	88599338	0
7685	chr18	14675597	14676097	0
7687	chr18	33059923	33060423	0
7690	chr18	66437805	66438305	0
7697	chr19	31975356	31975856	0
7698	chr19	37378408	37378908	0
7699	chr19	46698193	46698839	0
7702	chrX	12491655	12492155	0
7704	chrX	130505253	130505909	0
7705	chrX	130565579	130566207	0
7706	chrX	162884619	162885249	0
7707	chrX	166470025	166470525	0
7708	chr1	15791859	15792359	0
7711	chr1	55436460	55436960	0
7713	chr1	64044081	64044581	0
7716	chr1	105543033	105543533	0
7717	chr1	120032968	120033468	0
7719	chr1	132310996	132311496	0
7721	chr1	144500453	144500953	0
7722	chr1	153852388	153852888	0
7725	chr1	160842215	160842715	0
7726	chr1	161921569	161922069	0
7727	chr1	166099970	166100470	0
7728	chr1	170800634	170801134	0
7729	chr1	171466808	171467308	0
7731	chr1	180302294	180302794	0
7733	chr2	3770060	3770560	0
7734	chr2	3924722	3925222	0
7737	chr2	31929583	31930083	0
7738	chr2	32088339	32088839	0
7743	chr2	74699202	74699702	0
7744	chr2	75839276	75839776	0
7745	chr2	128166381	128166881	0
7747	chr2	129821088	129821588	0
7753	chr2	167145913	167146413	0
7758	chr3	82050035	82050535	0
7761	chr3	149845971	149846605	0
7762	chr4	34990903	34991403	0
7763	chr4	101147206	101147706	0
7765	chr4	110019959	110020459	0
7766	chr4	117099572	117100072	0
7767	chr4	120614060	120614560	0
7768	chr4	124690962	124691462	0
7772	chr4	133166667	133167167	0
7773	chr4	133744220	133744720	0
7776	chr4	137458665	137459165	0
7777	chr4	140920107	140920607	0
7780	chr4	150626262	150626762	0
7781	chr4	152360428	152361078	0
7782	chr4	154390803	154391303	0
7785	chr5	52889604	52890104	0
7786	chr5	54032058	54032558	0
7787	chr5	65692591	65693091	0
7790	chr5	129455287	129455787	0
7791	chr5	135472405	135472905	0
7793	chr5	142212265	142212765	0
7794	chr5	142784048	142784548	0
7796	chr6	17073827	17074327	0
7797	chr6	17675326	17675826	0
7799	chr6	31132251	31132751	0
7800	chr6	39325696	39326196	0
7801	chr6	50503679	50504179	0
7802	chr6	50521776	50522276	0
7804	chr6	71076369	71076869	0
7806	chr6	87517160	87517660	0
7807	chr6	94858154	94858654	0
7809	chr6	99392063	99392563	0
7810	chr6	113072366	113072866	0
7811	chr6	135373552	135374052	0
7814	chr7	16332657	16333157	0
7815	chr7	19256556	19257056	0
7816	chr7	19369805	19370305	0
7821	chr7	80422659	80423159	0
7823	chr7	83201130	83201630	0
7824	chr7	100851557	100852057	0
7825	chr7	101470241	101470741	0
7826	chr7	114450551	114451051	0
7829	chr7	123397139	123397639	0
7831	chr8	8847189	8847689	0
7832	chr8	12937427	12938085	0
7833	chr8	35359169	35359669	0
7834	chr8	69952618	69953118	0
7839	chr8	105609053	105609553	0
7840	chr8	106038507	106039007	0
7843	chr8	120716532	120717032	0
7846	chr9	15431339	15431839	0
7847	chr9	46184064	46184564	0
7848	chr9	66277848	66278498	0
7849	chr9	66584433	66584933	0
7851	chr9	73083713	73084213	0
7852	chr9	75221269	75221769	0
7856	chr9	108182308	108182808	0
7859	chr10	4091876	4092376	0
7862	chr10	39338919	39339419	0
7863	chr10	60687464	60687964	0
7864	chr10	62858893	62859393	0
7865	chr10	75568217	75568717	0
7867	chr10	80305098	80305598	0
7868	chr10	111179575	111180075	0
7870	chr10	127146841	127147533	0
7873	chr11	17165990	17166490	0
7874	chr11	44527357	44528013	0
7875	chr11	49837481	49837981	0
7876	chr11	54884949	54885449	0
7879	chr11	87677969	87678469	0
7880	chr11	106627407	106627907	0
7883	chr11	117475410	117475910	0
7885	chr11	121712656	121713156	0
7886	chr12	16910181	16910681	0
7889	chr12	73701833	73702333	0
7892	chr12	80895176	80895676	0
7896	chr12	106025140	106025640	0
7901	chr13	51121772	51122272	0
7902	chr13	55115067	55115567	0
7903	chr13	56216068	56216568	0
7907	chr13	93553384	93553884	0
7908	chr13	112196303	112196803	0
7909	chr13	114832863	114833363	0
7914	chr14	36316563	36317063	0
7916	chr14	48274057	48274557	0
7918	chr14	53763824	53764324	0
7921	chr14	64932291	64932791	0
7923	chr14	79546327	79546827	0
7924	chr14	118124774	118125274	0
7925	chr15	4032708	4033208	0
7926	chr15	5147512	5148012	0
7927	chr15	9577757	9578257	0
7928	chr15	27794189	27794689	0
7931	chr15	64037955	64038455	0
7932	chr15	78656197	78656849	0
7933	chr15	79390560	79391060	0
7934	chr15	80544030	80544530	0
7936	chr15	97337720	97338220	0
7937	chr15	99271830	99272330	0
7939	chr15	103101480	103101980	0
7942	chr16	4319573	4320073	0
7943	chr16	10974950	10975450	0
7944	chr16	10996372	10996872	0
7949	chr17	5015983	5016483	0
7950	chr17	6763237	6763737	0
7952	chr17	23587109	23587609	0
7954	chr17	27797637	27798137	0
7955	chr17	28735330	28736040	0
7956	chr17	32418998	32419498	0
7958	chr17	42883606	42884106	0
7959	chr17	43249691	43250191	0
7962	chr17	63285234	63285734	0
7964	chr17	83775983	83776483	0
7965	chr17	83799691	83800191	0
7968	chr18	11941235	11941735	0
7970	chr18	38151429	38151929	0
7973	chr18	39802278	39802778	0
7974	chr18	46380620	46381120	0
7975	chr18	49746715	49747215	0
7976	chr18	61658850	61659350	0
7977	chr18	79758743	79759243	0
7978	chr19	6299931	6300431	0
7980	chr19	16026492	16026992	0
7981	chr19	32316978	32317478	0
7982	chr19	41496391	41496891	0
7984	chr19	56815966	56816602	0
7985	chrX	13431650	13432150	0
7990	chrX	101241423	101241923	0
7991	chrX	103566295	103566795	0
7992	chrX	143058461	143058961	0
7993	chrX	159261757	159262401	0
7995	chr1	39345000	39345500	0
7996	chr1	50962740	50963240	0
7999	chr1	95593777	95594277	0
8001	chr1	119469299	119469799	0
8002	chr1	144001084	144001584	0
8004	chr1	191410754	191411254	0
8007	chr2	33978220	33978720	0
8008	chr2	34476509	34477009	0
8009	chr2	36217264	36217984	0
8014	chr2	129315751	129316251	0
8016	chr2	153046472	153046972	0
8018	chr2	165366697	165367197	0
8019	chr2	166561127	166561627	0
8020	chr2	169360230	169360730	0
8021	chr2	177925421	177925921	0
8023	chr3	22121824	22122324	0
8024	chr3	38008497	38008997	0
8026	chr3	87552032	87552532	0
8030	chr3	149497504	149498004	0
8032	chr4	55651206	55651706	0
8036	chr4	135122391	135122891	0
8037	chr4	152072128	152072628	0
8038	chr5	24456577	24457077	0
8039	chr5	29209586	29210086	0
8040	chr5	36362143	36362789	0
8042	chr5	113090356	113090856	0
8043	chr5	118647957	118648457	0
8044	chr5	125127329	125127829	0
8045	chr5	130227978	130228478	0
8047	chr5	136091527	136092027	0
8049	chr5	151341415	151341915	0
8051	chr6	87494297	87494797	0
8053	chr6	125086803	125087303	0
8056	chr7	25708106	25708606	0
8059	chr7	29317277	29317777	0
8060	chr7	38000073	38000573	0
8061	chr7	73741728	73742228	0
8063	chr7	92180319	92180819	0
8064	chr7	96476538	96477038	0
8065	chr7	112204029	112204529	0
8066	chr7	114445400	114445900	0
8067	chr7	128049587	128050087	0
8068	chr7	140198181	140198681	0
8070	chr8	69771820	69772320	0
8072	chr8	85514220	85514850	0
8075	chr8	117531922	117532422	0
8076	chr8	121968503	121969003	0
8079	chr9	20901414	20901914	0
8081	chr9	40876868	40877368	0
8082	chr9	44258292	44258946	0
8083	chr9	45439450	45439950	0
8085	chr9	80307193	80307693	0
8086	chr9	110667486	110667986	0
8087	chr9	113984971	113985471	0
8088	chr9	114761503	114762003	0
8089	chr9	115583222	115583722	0
8090	chr10	7155447	7155947	0
8091	chr10	9908331	9908831	0
8092	chr10	12535388	12535888	0
8093	chr10	39463066	39463566	0
8097	chr10	53373636	53374136	0
8101	chr10	118079104	118079604	0
8102	chr10	118097669	118098169	0
8103	chr10	118665660	118666160	0
8104	chr10	128132416	128132916	0
8106	chr11	31809629	31810129	0
8107	chr11	44525991	44526491	0
8108	chr11	52316332	52316832	0
8109	chr11	54770730	54771230	0
8111	chr11	96558294	96558794	0
8115	chr12	5119836	5120336	0
8116	chr12	28747059	28747559	0
8118	chr12	102290499	102290999	0
8119	chr12	102342579	102343079	0
8120	chr12	107006104	107006604	0
8121	chr12	117639043	117639543	0
8123	chr13	91915482	91915982	0
8124	chr13	92828457	92828957	0
8126	chr14	25847183	25847683	0
8127	chr14	40894601	40895101	0
8130	chr14	61339191	61339691	0
8133	chr14	71298281	71298781	0
8135	chr14	87712319	87712819	0
8136	chr14	99300046	99300546	0
8139	chr14	118635559	118636059	0
8142	chr15	58618741	58619241	0
8143	chr15	63982954	63983454	0
8144	chr15	66766348	66766848	0
8149	chr16	24877325	24877825	0
8153	chr17	31087373	31087873	0
8155	chr17	51181950	51182450	0
8156	chr17	57226363	57226863	0
8157	chr17	62354340	62354840	0
8160	chr17	83735662	83736162	0
8161	chr18	14659020	14659520	0
8167	chr19	6906746	6907400	0
8168	chr19	24656536	24657036	0
8169	chr19	41726508	41727008	0
8172	chrX	59311815	59312315	0
8173	chrX	73876661	73877287	0
8176	chrX	75107990	75108490	0
8178	chrX	159753895	159754395	0
8179	chr1	7113115	7113615	0
8180	chr1	23188025	23188525	0
8181	chr1	34462700	34463200	0
8182	chr1	40380023	40380523	0
8184	chr1	65237101	65237601	0
8185	chr1	80211496	80211996	0
8186	chr1	91371601	91372229	0
8189	chr1	141898037	141898537	0
8193	chr1	165282254	165282754	0
8194	chr1	167247529	167248029	0
8195	chr1	184729492	184729992	0
8197	chr1	192661959	192662459	0
8198	chr1	193365549	193366049	0
8200	chr2	19383603	19384103	0
8201	chr2	26360658	26361158	0
8204	chr2	37932834	37933334	0
8205	chr2	38279522	38280022	0
8206	chr2	43722641	43723141	0
8207	chr2	61032629	61033129	0
8208	chr2	70118082	70118582	0
8210	chr2	73403720	73404220	0
8211	chr2	73561074	73561574	0
8213	chr2	102103613	102104113	0
8214	chr2	103670224	103670848	0
8215	chr2	103691043	103691543	0
8216	chr2	117314824	117315324	0
8217	chr2	117951414	117951914	0
8220	chr2	152329251	152329751	0
8222	chr2	156107649	156108149	0
8223	chr2	158424017	158424517	0
8224	chr2	160860306	160860806	0
8225	chr2	163590375	163590875	0
8229	chr2	167534212	167534712	0
8230	chr2	181675129	181675769	0
8231	chr3	9334366	9334866	0
8232	chr3	10151817	10152317	0
8233	chr3	22132771	22133271	0
8237	chr3	98030511	98031011	0
8239	chr3	116434389	116434889	0
8240	chr3	132947441	132947941	0
8242	chr3	143914719	143915219	0
8243	chr4	9858574	9859074	0
8244	chr4	26339419	26339919	0
8245	chr4	48053041	48053541	0
8247	chr4	53116470	53116970	0
8248	chr4	62695271	62695771	0
8250	chr4	88716291	88716791	0
8252	chr4	149465462	149465962	0
8253	chr4	152217808	152218308	0
8255	chr5	64174444	64174944	0
8256	chr5	64212058	64212558	0
8260	chr5	103807744	103808244	0
8261	chr5	105284907	105285407	0
8263	chr5	108658676	108659176	0
8264	chr5	111218914	111219414	0
8265	chr5	118688341	118688841	0
8268	chr5	123660742	123661242	0
8269	chr5	123984207	123984707	0
8270	chr5	129002403	129002903	0
8271	chr5	136167743	136168243	0
8272	chr5	136413824	136414324	0
8275	chr5	139394999	139395499	0
8276	chr5	140581546	140582046	0
8277	chr5	144945964	144946464	0
8278	chr5	147721109	147721609	0
8279	chr5	148525318	148525818	0
8280	chr6	5294384	5294884	0
8281	chr6	8770697	8771197	0
8284	chr6	30070535	30071035	0
8285	chr6	31174151	31174651	0
8286	chr6	50373264	50373764	0
8288	chr6	54555494	54555994	0
8291	chr6	97283842	97284342	0
8292	chr6	100619137	100619637	0
8293	chr6	108795872	108796372	0
8295	chr6	127221863	127222363	0
8298	chr6	142939412	142939912	0
8299	chr7	12792411	12792911	0
8300	chr7	16903710	16904210	0
8303	chr7	27311241	27311741	0
8305	chr7	35120836	35121336	0
8306	chr7	47516116	47516616	0
8308	chr7	74726633	74727133	0
8309	chr7	75461152	75461652	0
8310	chr7	75939920	75940420	0
8311	chr7	78452358	78452858	0
8314	chr7	110998084	110998584	0
8319	chr7	119912980	119913480	0
8320	chr7	126188194	126188694	0
8321	chr7	131372514	131373014	0
8322	chr7	133124779	133125279	0
8324	chr7	142025794	142026294	0
8325	chr7	142032027	142032527	0
8326	chr7	144987768	144988268	0
8328	chr8	11854523	11855023	0
8329	chr8	26749865	26750365	0
8330	chr8	33378707	33379207	0
8333	chr8	72211294	72211794	0
8334	chr8	81561366	81561866	0
8335	chr8	94581884	94582384	0
8337	chr8	111020123	111020623	0
8338	chr8	111955974	111956474	0
8340	chr8	120106156	120106656	0
8341	chr8	120607885	120608385	0
8342	chr8	122007584	122008084	0
8343	chr8	122927617	122928117	0
8345	chr9	54646051	54646551	0
8349	chr9	67633878	67634378	0
8353	chr9	115454046	115454546	0
8354	chr9	118991450	118991950	0
8355	chr9	119115999	119116499	0
8356	chr9	121352623	121353123	0
8357	chr9	122287551	122288051	0
8358	chr10	6965823	6966323	0
8361	chr10	25383423	25383923	0
8363	chr10	78285633	78286133	0
8364	chr10	86167129	86167629	0
8367	chr10	95246451	95246951	0
8368	chr10	105535662	105536162	0
8370	chr11	45621393	45622017	0
8371	chr11	59672495	59672995	0
8372	chr11	62467186	62467686	0
8373	chr11	69267905	69268405	0
8374	chr11	71774889	71775389	0
8376	chr11	77467384	77467884	0
8377	chr11	79662182	79662682	0
8379	chr11	83528208	83528708	0
8380	chr11	88538326	88538826	0
8381	chr11	94945277	94945777	0
8384	chr11	103182201	103182701	0
8385	chr11	114127027	114127527	0
8386	chr11	119637935	119638435	0
8387	chr11	120257225	120257725	0
8390	chr12	35531147	35531647	0
8391	chr12	75507834	75508334	0
8393	chr12	83621220	83621720	0
8395	chr12	99274979	99275479	0
8397	chr12	103103812	103104312	0
8399	chr12	111184194	111184694	0
8400	chr13	9051509	9052009	0
8401	chr13	12279008	12279508	0
8402	chr13	17082487	17082987	0
8403	chr13	19433113	19433613	0
8405	chr13	34667339	34667839	0
8407	chr13	51568190	51568690	0
8408	chr13	59025816	59026316	0
8412	chr13	96508936	96509436	0
8413	chr13	100824441	100824941	0
8415	chr13	112516398	112516898	0
8416	chr14	6757046	6757546	0
8418	chr14	45308095	45308595	0
8419	chr14	45646932	45647432	0
8420	chr14	60707253	60707753	0
8421	chr14	61175781	61176281	0
8422	chr14	63904618	63905118	0
8423	chr14	64435307	64435807	0
8425	chr14	86861577	86862077	0
8426	chr15	25590516	25591016	0
8429	chr15	44322724	44323438	0
8430	chr15	64363393	64363893	0
8431	chr15	75797878	75798378	0
8433	chr15	78521520	78522020	0
8434	chr15	80596654	80597154	0
8437	chr15	83455110	83455740	0
8440	chr15	85666960	85667460	0
8441	chr15	96317683	96318183	0
8442	chr15	97914364	97914864	0
8443	chr16	30384088	30384588	0
8446	chr16	84814645	84815145	0
8448	chr16	93921230	93921730	0
8449	chr17	6564077	6564577	0
8450	chr17	10303972	10304472	0
8451	chr17	24468397	24468897	0
8452	chr17	25282391	25282891	0
8454	chr17	29565181	29565681	0
8455	chr17	29875529	29876029	0
8457	chr17	57339223	57339723	0
8461	chr17	78428114	78428614	0
8462	chr17	87437529	87438029	0
8464	chr18	5630397	5630897	0
8465	chr18	13122794	13123294	0
8466	chr18	14677988	14678618	0
8467	chr18	32407106	32407606	0
8469	chr18	42585197	42585697	0
8470	chr18	47015948	47016448	0
8471	chr18	48654445	48654945	0
8473	chr18	90585273	90585773	0
8474	chr19	3564343	3564843	0
8475	chr19	6346457	6346957	0
8477	chr19	11418805	11419305	0
8478	chr19	11766680	11767180	0
8479	chr19	34636476	34636976	0
8480	chr19	41552536	41553036	0
8482	chr19	43679777	43680277	0
8484	chrX	36952978	36953646	0
8485	chrX	37074476	37074976	0
8488	chrX	73917871	73918371	0
8489	chrX	95709767	95710267	0
8491	chrX	102064613	102065113	0
8495	chr1	10225750	10226250	0
8498	chr1	60078943	60079443	0
8499	chr1	74947995	74948495	0
8500	chr1	126873987	126874487	0
8501	chr1	132035479	132035979	0
8502	chr1	134196363	134196863	0
8503	chr1	134223733	134224233	0
8504	chr1	157597099	157597599	0
8505	chr1	182288375	182288875	0
8506	chr1	189346703	189347203	0
8507	chr2	3238262	3238762	0
8509	chr2	30503567	30504067	0
8511	chr2	35686744	35687244	0
8513	chr2	68214337	68214837	0
8514	chr2	84240913	84241413	0
8516	chr2	90560626	90561126	0
8517	chr2	92414951	92415451	0
8518	chr2	92913578	92914078	0
8519	chr2	118706632	118707132	0
8521	chr2	132266261	132266761	0
8522	chr2	155683150	155683650	0
8523	chr2	155882643	155883143	0
8524	chr2	167299952	167300452	0
8525	chr2	168113242	168113742	0
8529	chr3	115958406	115958906	0
8530	chr3	129545347	129545847	0
8531	chr4	8936882	8937382	0
8532	chr4	58099410	58099910	0
8533	chr4	62627349	62627849	0
8534	chr4	96696899	96697399	0
8537	chr4	140639994	140640494	0
8538	chr4	155122250	155122750	0
8539	chr4	155192668	155193168	0
8540	chr5	5419213	5419713	0
8541	chr5	33270544	33271044	0
8543	chr5	52237627	52238127	0
8544	chr5	65554785	65555285	0
8545	chr5	113776184	113776684	0
8546	chr5	129415088	129415588	0
8548	chr5	142812937	142813437	0
8550	chr6	6563535	6564035	0
8553	chr6	34867881	34868381	0
8554	chr6	43383072	43383572	0
8555	chr6	56788908	56789408	0
8556	chr6	65587732	65588232	0
8559	chr6	94253740	94254240	0
8561	chr6	116190473	116190973	0
8562	chr6	134562531	134563031	0
8563	chr6	137697293	137697793	0
8564	chr6	146145221	146145721	0
8565	chr6	146386953	146387453	0
8568	chr7	28488429	28488929	0
8569	chr7	31186891	31187391	0
8570	chr7	35176997	35177497	0
8572	chr7	43529953	43530453	0
8574	chr7	73516931	73517431	0
8575	chr7	80172225	80172725	0
8576	chr7	96643887	96644387	0
8577	chr7	106437339	106437839	0
8578	chr7	115163749	115164249	0
8579	chr7	122450556	122451056	0
8580	chr7	123127147	123127647	0
8581	chr7	132302099	132302599	0
8582	chr7	142036931	142037431	0
8583	chr8	11586014	11586514	0
8584	chr8	34286486	34286986	0
8585	chr8	57647884	57648384	0
8586	chr8	71291445	71291945	0
8587	chr8	90832647	90833147	0
8588	chr8	91376870	91377370	0
8591	chr8	117530948	117531448	0
8592	chr8	120557104	120557604	0
8595	chr9	20383298	20383798	0
8596	chr9	27099458	27099958	0
8597	chr9	41433657	41434157	0
8598	chr9	45188932	45189432	0
8599	chr9	45547292	45547792	0
8600	chr9	61243149	61243649	0
8601	chr9	62853479	62853979	0
8603	chr9	96604310	96604810	0
8604	chr9	117859289	117859789	0
8606	chr10	24152913	24153413	0
8608	chr10	60737941	60738441	0
8609	chr10	62190410	62190910	0
8610	chr10	94820475	94820975	0
8613	chr11	54327727	54328227	0
8614	chr11	60229173	60229673	0
8617	chr11	82430013	82430513	0
8618	chr11	100615631	100616255	0
8620	chr11	115459075	115459575	0
8621	chr11	115634238	115634738	0
8623	chr12	8865200	8865700	0
8624	chr12	16384667	16385167	0
8625	chr12	75654021	75654521	0
8627	chr12	86106750	86107250	0
8628	chr12	87379158	87379658	0
8629	chr12	99347283	99347783	0
8631	chr12	111412930	111413430	0
8632	chr12	111504605	111505105	0
8635	chr13	33071610	33072110	0
8637	chr13	51992298	51992798	0
8638	chr13	54818691	54819191	0
8639	chr13	110471516	110472016	0
8642	chr14	61225798	61226298	0
8643	chr14	76863133	76863633	0
8644	chr15	8420858	8421358	0
8645	chr15	66477070	66477570	0
8647	chr15	85493550	85494050	0
8648	chr15	95467588	95468088	0
8649	chr15	95875025	95875525	0
8652	chr15	103134759	103135259	0
8653	chr16	15990867	15991367	0
8654	chr16	23263882	23264382	0
8655	chr16	58678386	58678886	0
8656	chr16	59617332	59617832	0
8657	chr16	90462032	90462532	0
8658	chr16	92028315	92028815	0
8659	chr17	8429671	8430171	0
8661	chr17	27174428	27174928	0
8662	chr17	32376703	32377203	0
8663	chr17	34367489	34367989	0
8664	chr17	36249905	36250405	0
8665	chr17	73944497	73944997	0
8666	chr18	73767143	73767643	0
8667	chr19	10940305	10940805	0
8669	chr19	45475221	45475721	0
8670	chrX	11696655	11697155	0
8674	chrX	159734221	159734721	0
8675	chr1	4752297	4752797	0
8676	chr1	13325412	13325912	0
8677	chr1	37885925	37886425	0
8678	chr1	87634242	87634742	0
8679	chr1	93763337	93763837	0
8680	chr1	121708504	121709004	0
8681	chr1	131899923	131900423	0
8683	chr1	181259894	181260394	0
8684	chr2	3746419	3746919	0
8685	chr2	6461049	6461549	0
8686	chr2	52965779	52966279	0
8687	chr2	60218504	60219004	0
8689	chr2	73236903	73237403	0
8693	chr2	102945526	102946026	0
8694	chr2	120252938	120253438	0
8695	chr2	124701795	124702295	0
8696	chr2	130931017	130931517	0
8697	chr2	144441326	144441826	0
8698	chr2	151963412	151963912	0
8699	chr2	153560538	153561038	0
8700	chr2	165867359	165867859	0
8701	chr2	166545415	166545915	0
8702	chr2	173075018	173075518	0
8704	chr3	28326611	28327111	0
8705	chr3	63609899	63610399	0
8706	chr3	79175875	79176375	0
8707	chr3	88527746	88528246	0
8708	chr3	96960221	96960721	0
8709	chr3	105773972	105774472	0
8710	chr3	108195757	108196257	0
8711	chr3	108299292	108299792	0
8712	chr3	109456022	109456522	0
8713	chr3	144342454	144342954	0
8714	chr3	154175820	154176320	0
8715	chr4	16213152	16213652	0
8718	chr4	64009788	64010288	0
8719	chr4	82277183	82277683	0
8720	chr4	107300107	107300607	0
8721	chr4	130036632	130037132	0
8723	chr4	134252537	134253037	0
8724	chr4	135221775	135222275	0
8725	chr4	135704243	135704743	0
8726	chr4	148622454	148622954	0
8727	chr4	149436638	149437138	0
8728	chr4	149949514	149950014	0
8729	chr5	21375564	21376064	0
8730	chr5	24746016	24746516	0
8731	chr5	66360145	66360645	0
8732	chr5	92127208	92127708	0
8734	chr5	108443169	108443669	0
8735	chr5	118069273	118069773	0
8736	chr5	118959242	118959742	0
8737	chr5	140224108	140224608	0
8738	chr5	140318346	140318846	0
8739	chr5	142427794	142428294	0
8742	chr6	39217587	39218087	0
8744	chr6	51567148	51567648	0
8745	chr6	70796429	70796929	0
8746	chr6	85324913	85325413	0
8747	chr6	98993882	98994382	0
8748	chr6	115909029	115909529	0
8749	chr6	115957350	115957850	0
8750	chr6	115987093	115987593	0
8752	chr6	127568910	127569410	0
8753	chr6	145922247	145922747	0
8754	chr7	6941113	6941613	0
8755	chr7	29005647	29006147	0
8757	chr7	38003588	38004088	0
8759	chr7	46168333	46168833	0
8760	chr7	49843007	49843507	0
8761	chr7	67528960	67529460	0
8762	chr7	74422888	74423388	0
8763	chr7	92581901	92582401	0
8764	chr7	123038869	123039369	0
8765	chr7	127257847	127258347	0
8766	chr7	132741652	132742152	0
8768	chr7	139396159	139396659	0
8769	chr8	33308241	33308741	0
8770	chr8	46890005	46890505	0
8772	chr8	70338878	70339378	0
8773	chr8	71288721	71289221	0
8775	chr8	88376881	88377381	0
8776	chr8	93956700	93957200	0
8777	chr8	108915516	108916016	0
8778	chr8	111542751	111543251	0
8779	chr8	114928380	114928880	0
8780	chr8	121511341	121511841	0
8781	chr8	122317815	122318315	0
8782	chr9	21786796	21787296	0
8783	chr9	48815746	48816246	0
8784	chr9	64089527	64090027	0
8785	chr9	67886644	67887144	0
8786	chr9	74132219	74132719	0
8787	chr9	75554862	75555362	0
8788	chr9	102249215	102249715	0
8789	chr9	108155306	108155806	0
8790	chr9	122152384	122152884	0
8792	chr10	23840160	23840660	0
8793	chr10	40425017	40425517	0
8794	chr10	60090765	60091265	0
8795	chr10	76067392	76067892	0
8796	chr10	81564369	81564869	0
8797	chr10	88352229	88352729	0
8798	chr10	120374826	120375326	0
8799	chr10	122933837	122934337	0
8800	chr10	127605253	127605753	0
8801	chr11	3821537	3822037	0
8802	chr11	24283131	24283631	0
8804	chr11	62676712	62677212	0
8805	chr11	70567370	70567870	0
8807	chr11	94282343	94282843	0
8808	chr11	97559446	97559946	0
8809	chr11	104620796	104621296	0
8811	chr11	109488362	109488862	0
8812	chr11	115417160	115417660	0
8813	chr11	115689404	115689904	0
8814	chr11	115829318	115829818	0
8815	chr11	117409331	117409831	0
8816	chr12	16739799	16740299	0
8817	chr12	35419043	35419543	0
8818	chr12	69970087	69970587	0
8819	chr12	79907359	79907859	0
8820	chr12	85115365	85115865	0
8821	chr12	116309219	116309719	0
8822	chr12	117533051	117533551	0
8823	chr12	117850946	117851446	0
8824	chr13	20147411	20147911	0
8825	chr13	20155397	20155897	0
8827	chr13	35884597	35885097	0
8828	chr13	48860340	48860840	0
8834	chr13	78163120	78163620	0
8835	chr13	91510859	91511359	0
8836	chr13	113105003	113105503	0
8837	chr14	18427120	18427620	0
8839	chr14	31166415	31166915	0
8840	chr14	45313890	45314390	0
8841	chr14	53831133	53831633	0
8842	chr14	61191284	61191784	0
8844	chr14	74116638	74117138	0
8846	chr14	102068868	102069368	0
8847	chr14	118001228	118001728	0
8848	chr14	118664030	118664530	0
8849	chr14	122755338	122755838	0
8850	chr15	10588876	10589376	0
8851	chr15	27993095	27993595	0
8852	chr15	39256364	39256864	0
8853	chr15	41970286	41970786	0
8854	chr15	59022509	59023009	0
8856	chr15	74584195	74584695	0
8857	chr15	78626145	78626645	0
8858	chr15	81556762	81557262	0
8859	chr15	93910431	93910931	0
8861	chr15	96647188	96647688	0
8862	chr16	18554698	18555198	0
8863	chr16	29843708	29844208	0
8864	chr16	34818892	34819392	0
8865	chr16	92104846	92105346	0
8866	chr16	93391702	93392202	0
8867	chr16	94643121	94643621	0
8868	chr16	95453167	95453667	0
8870	chr16	96644793	96645293	0
8872	chr17	27238697	27239197	0
8873	chr17	27791138	27791638	0
8874	chr17	28000273	28000773	0
8875	chr17	28600874	28601374	0
8878	chr17	44590813	44591313	0
8879	chr17	56861215	56861715	0
8880	chr17	57343843	57344343	0
8881	chr17	66417003	66417503	0
8882	chr17	69461840	69462340	0
8883	chr17	70982235	70982735	0
8884	chr18	5615593	5616093	0
8885	chr18	10152794	10153294	0
8886	chr18	12989700	12990200	0
8887	chr18	14659600	14660100	0
8888	chr18	34357426	34357926	0
8889	chr18	36571531	36572031	0
8890	chr18	61302303	61302803	0
8891	chr18	69585913	69586413	0
8892	chr18	74392886	74393386	0
8893	chr18	79338816	79339316	0
8894	chr18	80461237	80461737	0
8895	chr18	84163378	84163878	0
8896	chr18	84399949	84400449	0
8897	chr19	4925370	4925870	0
8898	chr19	17278102	17278602	0
8899	chr19	29238281	29238781	0
8900	chr19	32185358	32185858	0
8902	chr19	36538111	36538611	0
8904	chr19	59349482	59349982	0
8905	chrX	9410616	9411116	0
8906	chrX	11239650	11240150	0
8907	chrX	50674972	50675472	0
8908	chrX	77488679	77489179	0
8909	chrX	77577944	77578444	0
8910	chrX	77598710	77599210	0
8911	chrX	94731211	94731711	0
8912	chrX	99582107	99582607	0
8913	chrX	107312795	107313295	0
8914	chrX	142923905	142924405	0
8915	chrX	155212573	155213073	0
8916	chrX	159647805	159648305	0
8917	chrX	162975958	162976458	0
8918	chrX	166495056	166495556	0
8920	chrX	167315231	167315731	0
8921	chrX	167405942	167406442	0
8922	chr1	172437313	172437813	0
8923	chr1	176822133	176822633	0
8924	chr1	182674542	182675042	0
8925	chr2	17668861	17669361	0
8927	chr2	59327571	59328071	0
8930	chr2	158606837	158607337	0
8932	chr3	84570972	84571472	0
8933	chr3	131122955	131123455	0
8934	chr3	137846538	137847038	0
8935	chr3	138546427	138546927	0
8936	chr4	118274077	118274577	0
8937	chr4	125545163	125545663	0
8938	chr4	139641906	139642406	0
8940	chr5	135527680	135528180	0
8941	chr6	123263834	123264334	0
8943	chr7	68479613	68480113	0
8944	chr8	92540121	92540621	0
8945	chr8	104110341	104110841	0
8946	chr9	69858348	69858848	0
8947	chr9	72024143	72024643	0
8949	chr11	44715639	44716139	0
8950	chr11	74610759	74611259	0
8951	chr11	119619626	119620126	0
8952	chr13	31618052	31618552	0
8954	chr13	63171606	63172106	0
8956	chr14	63413471	63413971	0
8957	chr14	77216839	77217339	0
8958	chr14	78649801	78650301	0
8959	chr15	9429698	9430198	0
8960	chr15	58255526	58256026	0
8961	chr15	86217079	86217579	0
8962	chr15	93286396	93286896	0
8963	chr16	33834229	33834729	0
8964	chr16	44305577	44306077	0
8965	chr16	94230156	94230656	0
8966	chr16	96688898	96689398	0
8967	chr18	34018899	34019399	0
8968	chr18	67968982	67969482	0
8970	chr19	47412781	47413281	0
8971	chrX	75082650	75083150	0
8972	chr2	139750173	139750673	0
8973	chr3	27444474	27444974	0
8974	chr3	60053866	60054366	0
8975	chr4	106680839	106681339	0
8977	chr9	65492232	65492732	0
8978	chr11	55207580	55208080	0
8979	chr11	70572853	70573353	0
8980	chr11	118503265	118503765	0
8981	chr13	96496540	96497040	0
8982	chr14	121216796	121217296	0
8983	chr18	76237026	76237526	0
8984	chrX	18181688	18182188	0
8985	chrX	60391467	60391967	0
