Distance from Center (cmd=annotatePeaks.pl /data/mm10/External/GSE39756-Th17-AP1-Factors-2012/CD4TCell-Th17-cJun/peaks.txt mm10 -size 4000 -hist 10 -d ../tag-dirs/h3k27ac/AND-CD4TCell-H3K27Ac-No-Peptide-24h-MNase-Combined ../tag-dirs/h3k27ac/AND-CD4TCell-H3K27Ac-1uM-PCC-24h-MNase-Combined)	../tag-dirs/h3k27ac/AND-CD4TCell-H3K27Ac-No-Peptide-24h-MNase-Combined Coverage	../tag-dirs/h3k27ac/AND-CD4TCell-H3K27Ac-No-Peptide-24h-MNase-Combined + Tags	../tag-dirs/h3k27ac/AND-CD4TCell-H3K27Ac-No-Peptide-24h-MNase-Combined - Tags	../tag-dirs/h3k27ac/AND-CD4TCell-H3K27Ac-1uM-PCC-24h-MNase-Combined Coverage	../tag-dirs/h3k27ac/AND-CD4TCell-H3K27Ac-1uM-PCC-24h-MNase-Combined + Tags	../tag-dirs/h3k27ac/AND-CD4TCell-H3K27Ac-1uM-PCC-24h-MNase-Combined - Tags
-2000	1.14929603544836	0.00548534896110859	0.00544219499200896	1.30760266865166	0.0061668315701353	0.00611576223456942
-1990	1.14913523136296	0.00545817794352733	0.00534469898774682	1.30910861167364	0.00623380774792661	0.00623045893903704
-1980	1.15117208311134	0.00557165689930785	0.00545817794352734	1.30935875136204	0.00626897024126705	0.00622292411903552
-1970	1.15280936107176	0.00556766116142826	0.00536867341502438	1.30978245736484	0.00614087830124116	0.00610571580790071
-1960	1.15518243954415	0.00562120404901483	0.00549174214171595	1.3128198678668	0.00627566785904617	0.00601362356343765
-1950	1.15527015086346	0.00553409696323966	0.00549493873201962	1.31682210288116	0.00649250323464556	0.0060086003501033
-1940	1.15632755954623	0.0055021310602029	0.00539584443260565	1.32168706457591	0.00634264403683749	0.00612915747012768
-1930	1.15912457606195	0.00560042621204094	0.00545897709110326	1.32475510442748	0.00638199254128989	0.00619780805236378
-1920	1.16063028704341	0.00548375066595675	0.00538465636654277	1.32695020781546	0.00626143542126553	0.00605129766344527
-1910	1.16228705640812	0.00552051145444902	0.00543340436867385	1.32962006612223	0.00640459700129446	0.00620366846792052
-1900	1.16507432722169	0.00555087906233396	0.00542461374533873	1.3328463576134	0.00645650353908273	0.00614171550346355
-1890	1.16842197590862	0.00558364411294663	0.00541582312200362	1.33647083064936	0.00644394550574686	0.00623297054570422
-1880	1.16835862884467	0.00545418220564775	0.00544459243473672	1.33776747311575	0.00622794733236987	0.00620618007458769
-1870	1.17057577608274	0.00559483217900951	0.0054190197123073	1.33965628300773	0.0063518532612838	0.0062446913768177
-1860	1.17294398170406	0.00552370804475269	0.00552210974960087	1.34125921897011	0.00630915594794185	0.00617520359235921
-1850	1.17504905336746	0.00557485348961153	0.00542381459776281	1.3421321554337	0.00629324910571641	0.00623380774792661
-1840	1.17584820094338	0.0054565796483755	0.00542461374533873	1.34410264359128	0.00645399193241556	0.00613585508790682
-1830	1.17731980196733	0.00549254128929185	0.0053646776771448	1.34719620790085	0.00639036456351381	0.00623966816348336
-1820	1.17925919669425	0.0056859350026643	0.00539584443260564	1.34886040256243	0.00640962021462882	0.00629910952127314
-1810	1.18159329235806	0.0056363878529573	0.0055940330314336	1.35009578632962	0.00640208539462729	0.0062739934546014
-1800	1.18106702444221	0.00552210974960086	0.00550852424081025	1.35294942073399	0.00640627140573924	0.00638869015906902
-1790	1.18185155346491	0.00557485348961153	0.00547895578050123	1.35498627248237	0.00649417763909036	0.00639120176573621
-1780	1.18199286614602	0.0054981353223233	0.00545178476291996	1.35561927904076	0.0064020853946273	0.00641296902351838
-1770	1.18340112010603	0.00566355887053855	0.0055948321790095	1.35713543184595	0.00654608417687862	0.00648831722353361
-1760	1.18449263874631	0.00557884922749114	0.00561481086840749	1.35878941672433	0.00661222315244754	0.00641213182129598
-1750	1.18434645321413	0.00569312733084757	0.00560761854022422	1.3612397646923	0.00667836212801646	0.00641631783240795
-1740	1.18558903023766	0.00565396909962753	0.00553249866808783	1.36435374856827	0.00651092168353819	0.00624971459015205
-1730	1.18647101628181	0.00551651571656943	0.00571150772509371	1.36643654434105	0.00653520054798753	0.00643138747241099
-1720	1.18677313304832	0.00578662759723011	0.00564278103356466	1.36970877985662	0.00669426897024191	0.00641631783240793
-1710	1.1887027820731	0.00570751198721413	0.00557165689930784	1.37461458068417	0.00676040794581083	0.0064414338990797
-1700	1.19078348948113	0.0057450719232823	0.00565636654235529	1.37927024182332	0.00676459395692278	0.00638366694573468
-1690	1.19275212131449	0.00583457645178526	0.00559323388385767	1.38407394481887	0.00691780196362042	0.0063125047568314
-1680	1.19414088387021	0.00556766116142825	0.00569072988811981	1.38866324236722	0.00664989725245516	0.00635938808128533
-1670	1.19647985238509	0.0058321790090575	0.00542781033564241	1.39465128021396	0.0067738031813691	0.00633510921683598
-1660	1.20012961783853	0.00571949920085288	0.00567714437932918	1.39968470333151	0.00683659334804845	0.00630915594794183
-1650	1.2005438101797	0.00567234949387366	0.005540490143847	1.40578504879344	0.00686170941472019	0.00624134256792813
-1640	1.20230290941694	0.00554049014384702	0.00555167820990988	1.41107882138259	0.00667752492579408	0.00650673567242623
-1630	1.20450056525072	0.00570191795418267	0.00559722962173728	1.41538224500135	0.0066658040946806	0.00645817794352752
-1620	1.20804800083163	0.00587213638785346	0.00566036228023488	1.41918028435171	0.00671101301468974	0.00650841007687101
-1610	1.21014819964395	0.00573388385721945	0.00560761854022422	1.42310084110047	0.0067143618235793	0.00654357257021143
-1600	1.21207297581766	0.00568673415024021	0.00560362280234463	1.42597999996284	0.00673194307024952	0.0063618996879525
-1590	1.21379796509738	0.00589371337240327	0.00549653702717146	1.43098789862238	0.00703417307253283	0.00662812999467299
-1580	1.21633184765518	0.00572109749600475	0.0056116142781038	1.43143202419158	0.00662980439911777	0.00660803714133558
-1570	1.21849052068037	0.00576984549813582	0.00578263185935051	1.43619488805433	0.00680394246137519	0.00663147880356254
-1560	1.22008394298114	0.00588891848694776	0.00555487480021356	1.44188173729667	0.00707435877920762	0.00660887434355799
-1550	1.22360214145561	0.00598801278636173	0.00567954182205694	1.44625662939783	0.00695547606362804	0.00671352462135691
-1540	1.22610678690697	0.00590809802876982	0.00567634523175327	1.4492480958754	0.0069889641525237	0.00677631478803626
-1530	1.23003917772262	0.00605514118273895	0.00574267448055455	1.45308186946696	0.00712207930588392	0.00666831570134777
-1520	1.23215399508816	0.00593766648907884	0.00583217900905749	1.45604781148653	0.00698142933252218	0.00664906005023277
-1510	1.23485842743349	0.00600719232818379	0.0056611614278108	1.46060647968528	0.00706682395920611	0.00682738412360215
-1500	1.23857641280195	0.00601438465636705	0.00581779435269095	1.46429221142044	0.00710031204810175	0.00687008143694411
-1490	1.24041347765635	0.00592887586574371	0.00573708044752311	1.46702843331801	0.0070475683080911	0.00674701271025256
-1480	1.2423479995322	0.00578343100692643	0.00578902503995786	1.47006584381998	0.00692449958139955	0.00688012786361281
-1470	1.24599289213456	0.00589451251997919	0.00586494405967018	1.47619171373992	0.00736654235482224	0.00691947636806521
-1460	1.24861448601166	0.00603915823122056	0.0058449653702722	1.48172031134266	0.00738747241038203	0.00685417459471867
-1450	1.25079265044115	0.0060031965903042	0.00578423015450235	1.4875705171162	0.00722003196590374	0.00690859273917411
-1440	1.25355555699936	0.00599840170484868	0.00579781566329297	1.49419156152133	0.00719324149478721	0.00667417611690452
-1430	1.25475427836323	0.00586814064997386	0.00568433670751245	1.49844904111569	0.00703082426364327	0.00683073293249171
-1420	1.25774620892186	0.0059616409163564	0.00574746936601006	1.50257889842005	0.00722840398812765	0.00669929218357626
-1410	1.26117182322595	0.00597522642514703	0.00590010655301063	1.50893448846198	0.00715305578811243	0.00699231296141326
-1400	1.26343769897474	0.00610708577517371	0.00588492274906815	1.51347273709433	0.00721082274145744	0.00710031204810175
-1390	1.26571332042568	0.00613585508790678	0.00570831113479005	1.51849084553708	0.0075850521348664	0.00704421949920152
-1380	1.26730674272645	0.0060071923281838	0.00593127330847147	1.52265643708264	0.00742179770150007	0.00693035999695629
-1370	1.27168743584079	0.00631806073521634	0.00596004262120456	1.52945104780217	0.00755072684374836	0.00697975492807739
-1360	1.27269124316176	0.0061662226957917	0.00584017048481669	1.53668467919929	0.00764114468376662	0.00706096354364936
-1350	1.27683803942461	0.00634922749067719	0.005965636654236	1.54149859197804	0.00742263490372247	0.00706347515031653
-1340	1.28046344062268	0.00623175279701708	0.00598161960575438	1.55068229196635	0.0078445848238077	0.00714217215922132
-1330	1.28425451875722	0.00636361214704372	0.00596403835908416	1.55724207767228	0.00768719080599817	0.00714552096811089
-1320	1.28803097833855	0.00643074054342093	0.00600079914757644	1.56266347255143	0.00751723875485271	0.00695631326585043
-1310	1.29296230362409	0.00634283431006983	0.00604555141182792	1.57195437526333	0.00777342263490449	0.00735314711926398
-1300	1.29845887963407	0.00635721896643639	0.00599360681939316	1.57981080343565	0.00788058451937051	0.00716477661922589
-1290	1.30346329768571	0.00653063399041085	0.00592488012786413	1.58793779086276	0.00785714285714358	0.00718905548367525
-1280	1.30862364697168	0.00640117208311194	0.00595924347362863	1.5940585558911	0.00771984169267143	0.00732886825481462
-1270	1.31318950842678	0.0063204581779441	0.00596963239211559	1.60027631385984	0.00777425983712689	0.007271938503692
-1260	1.31771151422222	0.00624853489611136	0.00602637187000586	1.60759672841416	0.0079718395616111	0.00734644950148485
-1250	1.32256974674168	0.00636121470431597	0.00601838039424666	1.61521322668128	0.00778932947712993	0.0070760331836524
-1240	1.32695043985602	0.00630367607884979	0.00600399573788013	1.62391706685919	0.00775919019712382	0.00737575157926854
-1230	1.33180867237547	0.00626291955247793	0.00592967501331963	1.63187048797191	0.00793416546160351	0.00729621736814136
-1220	1.33554127629715	0.00620857751731542	0.00605833777304262	1.63960950363743	0.00798607199939176	0.00723091559479483
-1210	1.33976116532608	0.00634762919552535	0.00597442727757112	1.64771096660655	0.00794421188827221	0.00741007687038659
-1200	1.34375690320568	0.00640996270644705	0.00610309003729411	1.65328040334209	0.00807648983940994	0.00762021462820684
-1190	1.34632002286991	0.00648188598827977	0.00610229088971817	1.65932969988803	0.00814932643275797	0.00763863307709944
-1180	1.35167041334771	0.0064914757591908	0.00615982951518435	1.66826836507953	0.0082079305883253	0.00750216911484965
-1170	1.35534941590758	0.00652823654768308	0.00632205647309594	1.67607374433585	0.00833099931501679	0.00769137681711013
-1160	1.35746423327312	0.00657139051678271	0.0061957911561007	1.68244464905259	0.00819872136387904	0.00760263338153662
-1150	1.36244428706939	0.00669685668620201	0.00627570591369262	1.69157730012489	0.00841806834614543	0.00759761016820228
-1140	1.36670803175799	0.00664810868407095	0.00634523175279759	1.70264981000518	0.00852188142172191	0.00785044523936444
-1130	1.37078660810582	0.00672882258923879	0.00636920618007516	1.71096057352989	0.00852271862394427	0.00805974579496212
-1120	1.37498700573046	0.00678156632924945	0.0062749067661167	1.71714770214903	0.00851099779283082	0.00782114316158077
-1110	1.37998167807996	0.00681592967501398	0.00633883857219024	1.72656622715093	0.00850346297282933	0.00770728365933556
-1100	1.38549287264316	0.00668966435801875	0.00641076185402297	1.73746517071682	0.00863741532841178	0.00770309764822359
-1090	1.39043881648192	0.00677597229621802	0.00646590303676139	1.74733803107112	0.00863908973285659	0.00779686429713143
-1080	1.39489747521342	0.00683830580713971	0.00637480021310659	1.75589893428423	0.00861062485729529	0.00803630413273521
-1070	1.39977519913717	0.0067719765583384	0.00648428343100752	1.76271396457016	0.00840551031280955	0.00767798158155186
-1060	1.40527177514715	0.00688785295684669	0.00652903569525899	1.77449094949124	0.00877890250399587	0.00821797701499402
-1050	1.41032979456059	0.00682472029834908	0.0064331379861487	1.77988171502078	0.00856792754395336	0.00796514194383198
-1040	1.4168204321894	0.00670644645711305	0.00639797549280825	1.78881527532069	0.00861229926174013	0.00798021158383502
-1030	1.42122061670802	0.00678716036228087	0.00638678742674539	1.79958659659658	0.00886094832179015	0.00784709643047488
-1020	1.42679028548409	0.00693500266382592	0.00658098028769374	1.81108791737126	0.00899573787959512	0.00827490676611658
-1010	1.43179470353573	0.0069381992541296	0.00661774107618603	1.81797441613959	0.00899071466626072	0.00817444249942968
-1000	1.43750081214184	0.0071299946723502	0.00641555673947848	1.82708664764549	0.00894550574625162	0.00829583682167635
-990	1.44487830866587	0.0072226957911568	0.00665290356952646	1.836510277539	0.0091372250551792	0.00832430169723763
-980	1.45023844484581	0.00706206712839706	0.00663692061800808	1.84921635273126	0.00931973513966036	0.00845323083948583
-970	1.45726022324154	0.00724427277570663	0.0066417155034636	1.86155998061994	0.00949722201080719	0.00848671892838146
-960	1.46440869576516	0.00726265316995277	0.00673201917954245	1.87271927365742	0.0095474541441507	0.00854448588172643
-950	1.47145483841625	0.00737613212573328	0.00676238678742739	1.88702828481207	0.00969815054418102	0.00851016059060842
-940	1.47829632132229	0.00743446989877538	0.00682392115077315	1.90185799490992	0.00977601035086337	0.00853276505061298
-930	1.48799329495691	0.00762067128396456	0.00677437400106617	1.91598833485857	0.00970735976862729	0.00867341502397461
-920	1.49702268799458	0.00751118806606363	0.00666329248801342	1.92873524918364	0.00969898774640338	0.00853695106172494
-910	1.50531628052028	0.00745844432605296	0.00676798082045882	1.94451957401068	0.00975926630641552	0.00847081208615603
-900	1.51414588666397	0.0074560468833252	0.00675919019712371	1.96036005264531	0.00969647613973625	0.00870522870842548
-890	1.52006640071727	0.00727224294086381	0.00672642514651103	1.97244333106239	0.00974503386863491	0.00849843975949496
-880	1.52819918915757	0.00744006393180682	0.0069797549280774	1.98873814504942	0.00989154425755329	0.00861481086840726
-870	1.53583494678846	0.00743127330847171	0.0068462972828989	2.00263365998448	0.00985721896643529	0.00887183195068123
-860	1.54402620944163	0.00755114544485959	0.00683990410229154	2.01751441899832	0.01008996118426	0.00880820458177954
-850	1.5520030666476	0.00761987213638863	0.00693100692594632	2.03047063387899	0.00992252073978183	0.00878225131288547
-840	1.56058415738658	0.00782045817794434	0.00691582312200387	2.04653062285242	0.0103109825709712	0.00879313494177651
-830	1.56974999025429	0.00770538092701198	0.00686547682472095	2.06227921343826	0.0100598219042539	0.00894466854402926
-820	1.57850163078081	0.00780287693127411	0.00706606286627666	2.07863528612449	0.0103896795798759	0.00931973513966038
-810	1.58700962875371	0.00792754395311749	0.00710282365476895	2.09413884191353	0.0106600958977082	0.00928959585965428
-800	1.59732545447457	0.00800426212040572	0.00739770911028311	2.11038260698456	0.0107865134332892	0.00962698835527779
-790	1.60567752121313	0.00802983484283515	0.00720431539691067	2.12378805232602	0.0108861404977536	0.00943108303523833
-780	1.6165439791052	0.00816089504528589	0.0072131060202458	2.13748958138028	0.0108091178932937	0.00971824339751837
-770	1.62680133061319	0.00822722429408718	0.00738652104422024	2.15148719414734	0.0108610244310819	0.00961191871527475
-760	1.63758495003702	0.00834629728289914	0.00760708577517393	2.17073774037074	0.0111557196133635	0.00989991627977716
-750	1.64661921592576	0.0084909429941405	0.00746883324453991	2.18956968548294	0.0114026942689688	0.00970568536418252
-740	1.65743694530711	0.00840942994139674	0.00736174746936674	2.20867218984994	0.0112854859578341	0.00976010350863796
-730	1.6679428122198	0.00838545551411917	0.00746403835908438	2.22489043046298	0.0111925565111488	0.00980363802420225
-720	1.67815630806813	0.00827597229621823	0.00741289291422557	2.2424665722416	0.0111774868711458	0.00977266154197385
-710	1.69112296477252	0.00852530633990501	0.00743367075119945	2.25988446238062	0.0113181368445074	0.00986977699977123
-700	1.69928499031926	0.00822083111347983	0.00747123068726765	2.27448445235646	0.0111121850977993	0.00984884694421137
-690	1.70965929025299	0.00843180607352247	0.00744805540756601	2.29340828551747	0.0115215769845484	0.00997693888423719
-680	1.720857102018	0.00842141715503552	0.0074856153436342	2.3093814913337	0.0114119034934152	0.00996354364867894
-670	1.72887781488362	0.00833431006926032	0.007635855087907	2.32606427708233	0.0114596240200915	0.0102599132354053
-660	1.73787309796379	0.00845498135322413	0.00757352157698531	2.34273685304776	0.0115341350178842	0.0102599132354053
-650	1.74786731551385	0.00839744272775796	0.00776052210975039	2.35774012946	0.0114169267067495	0.0103411218509773
-640	1.75727191808411	0.00859163558870631	0.00777810335642063	2.37473941848783	0.0117534820001507	0.0107362812999457
-630	1.7678849877204	0.00883297815663388	0.00804661694192945	2.38945171607887	0.0120490143846546	0.0103796331532071
-620	1.77667561105551	0.00884976025572818	0.00802424080980371	2.40695128448349	0.012242408098027	0.0104591673643343
-610	1.78700605532959	0.0088337773042098	0.00813052743740096	2.42731980196728	0.0123679884313855	0.0107957226577355
-600	1.7978822589238	0.00915663292488114	0.00832631859350113	2.44754027759467	0.0125890098180969	0.0111850216911473
-590	1.80688728770611	0.0090711241342578	0.00824880127863699	2.46646921564728	0.0126551487936656	0.0112863231600565
-580	1.81917174526033	0.00954661694192969	0.00831752797016603	2.47858312341395	0.0125731029758712	0.0113214856533969
-570	1.82931214834257	0.00920538092701221	0.00816329248801363	2.49600101355297	0.0126091026714342	0.0111197199178008
-560	1.83890191925359	0.00909509856153538	0.00821763452317613	2.51410295916638	0.0126911484892285	0.0111774868711457
-550	1.84986583416712	0.00921576984549915	0.00814331379861566	2.532138541189	0.0129130070781622	0.0112034401400399
-540	1.86187253921019	0.00939957378796055	0.00833510921683625	2.55068461237161	0.0129724484359519	0.011094603851129
-530	1.87208603505852	0.00917820990943096	0.00821124134256878	2.57210984241658	0.0128820305959336	0.0111666032422547
-520	1.88157347609703	0.00923335109216937	0.00827117741076274	2.59212101748838	0.0130009133115132	0.0111197199178009
-510	1.89265433943629	0.00941555673947893	0.00818966435801898	2.61381170189655	0.0130662150848596	0.0112519978689386
-500	1.9046025702665	0.00921097496004363	0.00833510921683625	2.63409343622314	0.0130720755004164	0.0117886444934912
-490	1.91567856075469	0.00945231752797122	0.00849973361747561	2.65587090378852	0.0138682548139103	0.0114470659867556
-480	1.92845030341618	0.00966568993074163	0.00863798614810961	2.68265627001344	0.0136530938427557	0.011751807595706
-470	1.94222098054756	0.0098486947256271	0.00853889184869562	2.70987555202436	0.0140432300783899	0.0118372022223898
-460	1.95605500474289	0.00999254128929255	0.00863159296750226	2.73618616333049	0.0142634142628786	0.0119611081513036
-450	1.97300278077366	0.0102171017581258	0.00890490143846662	2.76517684272658	0.0145112261207064	0.0120506887890995
-440	1.99041835050741	0.0104592434736293	0.00900958977091201	2.79395311667549	0.0146920618007429	0.0122700357713659
-430	2.00692756994164	0.0105111880660641	0.00905434203516347	2.8219023981852	0.014929827231902	0.0126919856914509
-420	2.02370479618486	0.010561534363347	0.00914144912093867	2.84815175079213	0.0150127102519187	0.0121988735824626
-410	2.04140299128083	0.0109882791688878	0.00913185935002765	2.8798173933866	0.0150328031052561	0.0126442651647747
-400	2.06190307574358	0.0110346297282911	0.00901917954182305	2.91070709245788	0.0153660095897677	0.0126358931425506
-390	2.08232032173809	0.0111720831113492	0.00927410761854124	2.94259224539115	0.0155794961564774	0.0125739401780939
-380	2.098405603129	0.010877996803411	0.00906073521577083	2.97044453396046	0.0153442423319856	0.0123638024202737
-370	2.11774594903646	0.011263185935004	0.00914304741609052	2.99951689162216	0.0154639622497874	0.0128091940025857
-360	2.13518101017449	0.0107868939797562	0.00894885455514213	3.02546505562469	0.0152948474008645	0.0127656594870213
-350	2.15501838689136	0.0109834842834323	0.00911028236547781	3.05707964930316	0.0159771672121136	0.0130955171626434
-340	2.1721854412204	0.0108947789025053	0.00911747469366108	3.08807655109804	0.0157226577365065	0.0128870538092681
-330	2.1921592577673	0.01116409163559	0.00930127863612249	3.12376995316487	0.0162199558566073	0.0129858436715102
-320	2.21225489559102	0.0112320191795431	0.00914384656366641	3.1593867818577	0.0164166983788694	0.0133810031204788
-310	2.23411937835412	0.0113438998401718	0.0094690996270655	3.19399284201374	0.0168344622878429	0.0137142096049904
-300	2.25618364801121	0.0116499733617488	0.00972882258923923	3.23374463290253	0.0173962249790676	0.0139134637339193
-290	2.27950024039396	0.0119912093766663	0.00982551944592545	3.27748334413088	0.0177771519902558	0.0141185782784052
-280	2.30255857166987	0.0120175812466716	0.00989824187533407	3.31620394691648	0.0176708273080122	0.0143864829895703
-270	2.32659147316031	0.0124267448055422	0.0102682472029847	3.35658363947206	0.0181773346525592	0.0143655529340105
-260	2.34999577686238	0.0123572189664372	0.0103433670751211	3.39922479900642	0.018234264403682	0.0145748534896083
-250	2.37389223852279	0.0125570058604171	0.0103945125199799	3.43788414309282	0.0181915670903398	0.0147439683385312
-240	2.39553257013655	0.0126081513052759	0.0106806073521589	3.47751852147481	0.018159753405889	0.0151131745186056
-230	2.41546740387487	0.0125226425146525	0.0104512519978701	3.50813766129129	0.0175494329857655	0.0147230382829715
-220	2.43579693855007	0.0124451251997884	0.0102490676611626	3.53914477286937	0.0172739934545985	0.0148368977852166
-210	2.45412373143441	0.0120599360681954	0.0101763452317539	3.56249965193913	0.0171157622345664	0.0146393180607324
-200	2.46772385877825	0.0117378795950999	0.0105343633457657	3.57816145936777	0.0163003272699567	0.014646852880734
-190	2.47621236534686	0.0114150239744286	0.0103817261587652	3.59050508725644	0.0160190273232332	0.0148486186163301
-180	2.48198182101691	0.0110538092701132	0.0104976025572734	3.594032567352	0.015263870918636	0.0152354060430749
-170	2.48310744961469	0.0111353223228569	0.0104472562599905	3.5844966298433	0.0150194078696979	0.0154991247431281
-160	2.483195160934	0.0107453383058084	0.0105751198721376	3.57211726771343	0.0150294542963666	0.0157310297587305
-150	2.48052971139725	0.0103425679275451	0.0108212573255207	3.555980705366	0.0145162493340409	0.0160742826699112
-140	2.47148082695529	0.0102242940863091	0.0111169419286107	3.53398372746183	0.0145195981429305	0.0163723266610826
-130	2.45904043816674	0.0101731486414502	0.011391049547151	3.50855115751089	0.0145731790851635	0.0172019940634729
-120	2.44026534298372	0.00994698987746512	0.0116124134256806	3.47674257795162	0.0142784839028819	0.0173978993835126
-110	2.41809387060304	0.00999413958444435	0.0117250932338852	3.43711840935283	0.0142031357028667	0.0171651571656876
-100	2.39359804826069	0.00996936600959083	0.0121094832179023	3.401425007286	0.0147448055407537	0.0177863612147023
-90	2.36580817859322	0.00990303676078956	0.0122733084709657	3.35606294052887	0.014392343405127	0.017916127559173
-80	2.33434417921694	0.00983191262653277	0.0122021843367089	3.31087954497773	0.0142207169495369	0.0180073826014138
-70	2.30254395311665	0.00980474160895152	0.01221177410762	3.26234734053703	0.0140666717406169	0.0180643123525365
-60	2.26977890250397	0.00988545551411936	0.0125817794352705	3.21548443564951	0.0142307633762055	0.0177955704391486
-50	2.23627317852825	0.00994539158231329	0.0124075652637202	3.17393061802594	0.0145522490296037	0.01753352614354
-40	2.20662675260208	0.0101467767714449	0.0119584443260536	3.13559798700194	0.0144057386406852	0.0166201385189106
-30	2.18641416635262	0.0102171017581258	0.0116467767714452	3.1108647872002	0.0144425755384705	0.0162174442499401
-20	2.16890113959742	0.0103817261587651	0.0110378263185948	3.08993983653201	0.0146928990029654	0.015757820229847
-10	2.16149927881802	0.0106038891848706	0.0109123601491754	3.08034264032411	0.0149641525230202	0.0151759646852851
0	2.15480398144416	0.010540756526373	0.0104017048481631	3.06922929131103	0.01427429789177	0.0141085318517365
10	2.15667515625607	0.0107117741076197	0.0110370271710188	3.07566145472696	0.0152287084252957	0.0150771748230428
20	2.16062703847601	0.0112120404901451	0.0107773042088451	3.08375270791288	0.0155920541898133	0.0148117817185451
30	2.17256552360407	0.0116012253596178	0.0103066062866287	3.09855178866112	0.0160533526143514	0.0146644341274042
40	2.19160375274502	0.0118497602557286	0.0103449653702728	3.1203700953593	0.0164393028388739	0.0150319659030338
50	2.21272756214507	0.0120119872136402	0.0101763452317539	3.15119853573138	0.0174456199101888	0.0147573635740896
60	2.24136043504812	0.0123244539158246	0.00989344698987856	3.18828046831339	0.0175896186924401	0.0143479716873403
70	2.27396955442648	0.0124403303143328	0.0100780500799159	3.23377526225212	0.018081056396984	0.0144174594717988
80	2.304444365035	0.0123939797549295	0.00991901971230796	3.2749717374637	0.0177779891924784	0.0143027627673311
90	2.33750178671204	0.0126425146510404	0.00972562599893553	3.32528554907278	0.0185574244615251	0.0143412740695611
100	2.36842489961924	0.0122133724027718	0.00958657432072557	3.37017796580272	0.0176833853413482	0.014111880660626
110	2.39726730511842	0.0118281832711788	0.00957139051678314	3.41440164173306	0.0174489687190785	0.0138439759494609
120	2.42350760814478	0.0115420884389997	0.00965130527437506	3.45420448153785	0.016954182205645	0.0138791384428012
130	2.44641000818636	0.0116164091635602	0.00995178476292062	3.49407878982504	0.0171668315701325	0.0144894588629243
140	2.46412282183554	0.0114342035162507	0.0101571656899318	3.5265765297503	0.0169801354745391	0.0145530862318261
150	2.4758663929207	0.0110857751731499	0.010086840703251	3.55031938058165	0.0162877692366211	0.0142709490828805
160	2.48152864586715	0.0106190729888131	0.0103609483217912	3.56840090662867	0.0155451708653596	0.014514574929596
170	2.48382375872238	0.0104384656366554	0.0108020777836986	3.58152558293213	0.0152019179541792	0.0148854555141154
180	2.48531972400169	0.0105087906233363	0.0109043686734163	3.58954536763565	0.0152873125808631	0.0151232209452743
190	2.48300024689109	0.0105855087906245	0.0112224294086321	3.59174047102363	0.0154547530253413	0.0157017276809467
200	2.47266492976595	0.0103905167821003	0.0116475759190211	3.58341949771571	0.014734759114085	0.0159872136387822
210	2.46257812804551	0.0104080980287705	0.0117762386787441	3.57292384058622	0.014899687951896	0.0167398584367123
220	2.44794982912533	0.0104432605221109	0.0122669152903584	3.55216735134083	0.0147908516629852	0.017341806834612
230	2.43222026586273	0.0108204581779448	0.0126784762919568	3.5269134525959	0.0151943831341774	0.0179219879747297
240	2.40921553594862	0.0106334576451797	0.0126337240277053	3.49247074897105	0.0148879671207825	0.017903569525837
250	2.38800401522926	0.0105471497069804	0.0126696856686216	3.45661399037302	0.0148996879518959	0.0182083111347877
260	2.36328404173757	0.0103281832711786	0.0123947789025055	3.41716338808863	0.014807595707433	0.0183263566481449
270	2.33974817105654	0.0103705380927023	0.0124435269046365	3.37657949986905	0.0147180150696371	0.0182041251236758
280	2.31743051314368	0.0102075119872148	0.0123604155567409	3.33665924755746	0.0144325291118018	0.0177880356191471
290	2.29356328858971	0.0100085242408109	0.0118289824187547	3.29808668662826	0.0142902047339953	0.0176884085546824
300	2.27439836532087	0.0100213106020256	0.0117498668087387	3.25986125832786	0.0139628586650405	0.0176356648146718
310	2.25257286536635	0.00961854022376239	0.0114949387320205	3.21987974731707	0.01396620747393	0.0169826470812062
320	2.23121515911481	0.00946110815130629	0.0110761854022389	3.18153180161827	0.0134295608493775	0.0166184641144657
330	2.21329768572058	0.0093732019179552	0.0109898774640396	3.14835000621862	0.013597838496078	0.0160449805921273
340	2.19766557947943	0.00934123601491844	0.0108787959509869	3.12462757495366	0.013452165309382	0.015785447903186
350	2.18135614693918	0.00924933404368773	0.0110418220564744	3.09679060105915	0.0132755156404575	0.0157502854098455
360	2.16407701703547	0.00924933404368774	0.0108212573255207	3.06862180921064	0.0132579343937873	0.0156431235253793
370	2.14883473888013	0.0091558337773052	0.0109131592967514	3.04057553476053	0.0127279853870137	0.0153718700053245
380	2.13431851553463	0.00938998401704953	0.011084976025574	3.01553093657119	0.0129850064692877	0.0155367988431354
390	2.11977305508269	0.00937959509856257	0.0109355354288771	2.99326339941222	0.013156632924878	0.0156841464342764
400	2.10401425471365	0.0096153436334587	0.0109986680873747	2.96443607654732	0.0130151457492939	0.0154070324986649
410	2.0856192419143	0.00929568460309107	0.0109139584443273	2.937375046176	0.013002587715958	0.0151031280919369
420	2.06848629754276	0.00913665423548314	0.0109107618540236	2.91136562347427	0.0127957987670275	0.0152722429408599
430	2.05277622568445	0.00924853489611182	0.0106614278103369	2.88569822850973	0.0128895654159352	0.0150679655985965
440	2.03713924659223	0.00914464571124235	0.0105207778369751	2.8599083161468	0.0127807291270244	0.014818479336324
450	2.02151688605323	0.00913665423548314	0.0102490676611626	2.83416434780827	0.0126409163558851	0.0146359692518428
460	2.00799959717763	0.00906313265849858	0.0101395844432617	2.80720541526895	0.0122482685135838	0.0142140193317578
470	1.99524734592043	0.00881299946723591	0.0101403835908376	2.78494298300158	0.0121268741913371	0.0143797853717911
480	1.98210039372635	0.00881699520511548	0.00986707511987323	2.75932663695304	0.0120297587335397	0.0139812771139331
490	1.96910937276659	0.00855087906233443	0.00974960042621314	2.73685490413008	0.0117861328868239	0.0137301164472158
500	1.95756558857542	0.00846856686201473	0.00956339904102397	2.71298953590032	0.0115433442423306	0.0134864906005
510	1.94456482191352	0.00838865210442284	0.00955860415556845	2.68934878290097	0.0114746936600946	0.0137426744805516
520	1.93271404810477	0.00847815663292576	0.00944112946190833	2.66529963857362	0.0115441814445529	0.0131089123982016
530	1.91972789999608	0.00823761321257411	0.00947709110282471	2.64426748518183	0.0112821371489445	0.013231981124893
540	1.90807204023024	0.00835748534896198	0.0095897709110293	2.62211736052966	0.011424461526751	0.0132863992693484
550	1.8963089777408	0.00836387852956933	0.00963292488012894	2.60320884204346	0.0114269731334182	0.0133123525382426
560	1.88109106384083	0.0083239211507734	0.00954901438465743	2.57946088632051	0.0112478118578265	0.0131256564426494
570	1.86791487454031	0.00842301545018736	0.00934363345764621	2.55490125283316	0.011171626455589	0.013105563589312
580	1.85712638226541	0.00853569525839195	0.00957938199254234	2.53580385335776	0.0114386939645317	0.0130586802648582
590	1.84503196590302	0.00842301545018735	0.0095058604155578	2.51697190824555	0.0112662303067192	0.0129967273004012
600	1.83351741881829	0.00834629728289913	0.00945071923281937	2.49707814568056	0.01129804399117	0.0127154273536779
610	1.82121834271085	0.00825599360682026	0.00935082578582948	2.47587242597438	0.0110812086155708	0.0126844508714493
620	1.80992307392438	0.0083910495471506	0.00902876931273408	2.4541562171082	0.0108903265088657	0.0126091026714342
630	1.79852547526539	0.00806819392647925	0.009118273841237	2.43261357455643	0.0107228860643875	0.01229598904026
640	1.78559292851851	0.00783883857219047	0.00903755993606918	2.41372037074502	0.0105747012710243	0.0123462211736035
650	1.77415634705094	0.00799627064464653	0.00874667021843461	2.39360709784123	0.0104993530710091	0.0119937590379768
660	1.76377717426613	0.00776851358550958	0.00869472562599986	2.37502018752582	0.0103520054798683	0.0118531090646152
670	1.75528866769753	0.00790037293553624	0.00857005860415649	2.36053250516517	0.0105412131821286	0.0117191567090326
680	1.74561118546719	0.00759909429941473	0.00836947256260078	2.34155762308817	0.0100648451175883	0.0117350635512581
690	1.73627967566302	0.00758071390516857	0.0085045285029311	2.32359350954795	0.0100162873886896	0.0116011111956755
700	1.727562145094	0.00759429941395921	0.00839025039957468	2.30872296031731	0.0102306111576216	0.0114353451556421
710	1.71767513026754	0.00750799147575994	0.00836467767714526	2.29239241208908	0.0101000076109286	0.0113616713600717
720	1.70960081604011	0.00758950452850368	0.00843340436867432	2.27646004540564	0.0101326584976019	0.0114839028845408
730	1.7011854022376	0.00755673947789101	0.00833431006926035	2.26004781891181	0.0100614963086986	0.011075348200014
740	1.69238503320035	0.00759030367607961	0.00850133191262744	2.24732642904474	0.0100539614886972	0.0113934850445226
750	1.68108489156281	0.00747043153969175	0.00840063931806162	2.22992895847212	0.00995266001978784	0.0114705076489826
760	1.67328345699545	0.00774853489611161	0.00849094299414048	2.21367498361789	0.00995768323312217	0.0113256716645089
770	1.66260216744414	0.00751598295151913	0.00834469898774728	2.19584359725928	0.00973666184641098	0.0111774868711457
780	1.65213041048896	0.00754714970697996	0.00843020777837063	2.17978360828584	0.00978773118197685	0.0110058604155556
790	1.64125907974582	0.00745045285029378	0.00824640383590924	2.16359599702241	0.00967052287084213	0.0108786056777522
800	1.63146464908974	0.00739770911028309	0.00799227490676696	2.15004761471615	0.00960605829971801	0.0107312580866114
810	1.62524201826993	0.00742408098028843	0.00799627064464654	2.13643286881909	0.00955582616637453	0.0107145140421636
820	1.61713846693607	0.00732578582845037	0.00799627064464654	2.12046476789446	0.00947461755080259	0.010522794733236
830	1.6070565380667	0.00706206712839706	0.00793153969099709	2.10750344812219	0.00918410837963304	0.0104708881954478
840	1.59826591473159	0.00713399041022977	0.00790596696856768	2.09216835375595	0.00926196818631539	0.0102389831798455
850	1.58953376560935	0.00707245604688399	0.00764624400639395	2.07863018123289	0.00898401704848165	0.0102096811020618
860	1.58060182959314	0.00686787426744871	0.00774533830580792	2.06669494467221	0.0092134104574167	0.010231448359844
870	1.57228387281208	0.00698694725626066	0.0076989877464046	2.05086467582078	0.00913220184184479	0.0101803790242781
880	1.56433137986147	0.00696137453383125	0.00767741076185478	2.03468216944894	0.00875378643732412	0.00996019483978938
890	1.55720239874214	0.00705327650506194	0.00780207778369818	2.02197609425667	0.00911545779739694	0.010111728442042
900	1.54903550034434	0.0069717634523182	0.00769179541822135	2.00787638365762	0.00898904026181594	0.0100874495775928
910	1.54176033369283	0.00711720831113547	0.00771736814065077	1.99491506388535	0.00902838876626832	0.0102155415176185
920	1.53462160687136	0.00700213106020312	0.00778050079914838	1.97964122821831	0.00889694801735297	0.00997693888423714
930	1.52520238574787	0.00691422482685202	0.00762546616942005	1.96480641322887	0.0084909049394934	0.00989991627977723
940	1.51767383084059	0.00709643047416159	0.00757432072456122	1.95101810101741	0.00865332217063726	0.00980949843975893
950	1.50962388086853	0.00693100692594632	0.0074392647842309	1.93694901976795	0.0086943450795344	0.00989405586422047
960	1.50143261821536	0.0067679808204588	0.00753196590303752	1.9231045537489	0.00855620671283989	0.00976177791308271
970	1.49313415283859	0.00689104954715036	0.00736334576451858	1.90926008772984	0.00865667097952682	0.00964708120861519
980	1.48422170822666	0.00667048481619669	0.0074560468833252	1.89561471248318	0.00851853261283233	0.00952903569525803
990	1.47636667229751	0.00671843367075184	0.00712519978689467	1.88314856719611	0.00838206865058261	0.00919164319963452
1000	1.47248788284366	0.00687906233351158	0.00712040490143916	1.87078962463264	0.00823304665499702	0.00945536189968769
1010	1.46530042751146	0.00651624933404429	0.00714597762386857	1.85769557767877	0.00842309155947974	0.00919164319963454
1020	1.46002312979975	0.00657458710708638	0.00707645178476361	1.84815453527847	0.00831760407945854	0.00927787502854077
1030	1.45316215548942	0.00641555673947847	0.00693420351624999	1.8357139144494	0.00806895501940846	0.00879899535733323
1040	1.44680795769065	0.00638359083644171	0.00692061800745935	1.82408497138472	0.00809407108608018	0.0086725778217522
1050	1.44005905895499	0.00641635588705439	0.00709643047416158	1.81265511909244	0.00788058451937053	0.00891536646624559
1060	1.43128792702417	0.00637639850825843	0.00695817794352756	1.80062799448296	0.00793081665271397	0.00899992389070705
1070	1.42358882232934	0.00632844965370328	0.00707725093233951	1.7873297518651	0.00780272471268818	0.00895973818403231
1080	1.41549501669763	0.00638039424613803	0.00701491742141782	1.77372521575124	0.00791156100159898	0.00885090189512147
1090	1.4088484478345	0.00654661694192921	0.00707964837506728	1.76285179664335	0.00803714133495762	0.00895722657736511
1100	1.40059871096845	0.00632365476824777	0.00692541289291489	1.75147809815867	0.00783035238602706	0.00884587868178715
1110	1.39300193614615	0.00630687266915347	0.00680234416622333	1.74238118132757	0.00792914224826918	0.00863155491285511
1120	1.38809010226489	0.00655221097496065	0.00671523708044815	1.73280950957767	0.00794923510160658	0.00871862394398371
1130	1.38193081850903	0.00632685135855147	0.00675998934469964	1.72131329369458	0.00778598066824036	0.00863322931729985
1140	1.37580564471067	0.00638758657432129	0.00677757059136984	1.71147616758149	0.00788309612603768	0.00851016059060841
1150	1.37174168691606	0.0063372402770384	0.00672402770378326	1.70310925024917	0.00783537559936141	0.00850430017505166
1160	1.36661544758761	0.00636041555674004	0.0067336174746943	1.69254722952888	0.00754486642819161	0.00830337164167789
1170	1.35949621217042	0.00621177410761909	0.00681353223228621	1.68491031169536	0.00770560925489077	0.00826988355278224
1180	1.35294222747767	0.00614864144912147	0.00646590303676138	1.67647703077225	0.00768970241266533	0.00820207017276859
1190	1.35070071598424	0.00642594565796542	0.00674480554075717	1.66794165201714	0.00769472562599967	0.00844485881726193
1200	1.34535519835752	0.0061750133191268	0.00641076185402296	1.65947263685282	0.00761016820153815	0.00800281604383959
1210	1.34342554933274	0.00617980820458233	0.00646750133191322	1.65373984358608	0.007545703630414	0.00801118806606349
1220	1.33942981145314	0.00623255194459299	0.00629488545551468	1.64673593231095	0.00750384351929444	0.00786970089047945
1230	1.33711033434255	0.00613425679275492	0.00628050079914814	1.64010978301422	0.00725435725702179	0.00798021158383501
1240	1.33525865093493	0.00628369738945181	0.00637160362280293	1.63455055606188	0.00760095897709183	0.00793500266382592
1250	1.33311946931402	0.00619659030367663	0.00646590303676138	1.62768958175155	0.00735817033259832	0.00780607352157774
1260	1.32864131917823	0.00614864144912149	0.00642274906766176	1.62075203406722	0.00736486795037746	0.00806811781718608
1270	1.32478689397975	0.00601438465636706	0.00634043686734207	1.61272203958051	0.00713463733921982	0.00791323540604377
1280	1.32119560273918	0.00619499200852479	0.00646030900372995	1.60490645054099	0.00728114772813832	0.00793583986604831
1290	1.31450030536533	0.00598241875333029	0.00630047948854612	1.59742778434706	0.00731798462592353	0.00782030595935838
1300	1.31165456033888	0.00611987213638838	0.00619659030367663	1.58984702032114	0.007233427201462	0.00757249410153055
1310	1.30808763335368	0.00595205114544537	0.0063580181140123	1.58495142927679	0.0071748230458946	0.00775667859045666
1320	1.30536858245513	0.00603436334576503	0.00637160362280292	1.57942793656565	0.00739500723038354	0.00785379404825401
1330	1.30295164832308	0.00609749600426266	0.00619339371337297	1.57361346503331	0.00732635664814745	0.00772402770378339
1340	1.29983789648764	0.00595045285029354	0.00635322322855677	1.56646151190178	0.00713631174366459	0.00750635512596161
1350	1.29595910703379	0.00594725625998985	0.00617741076185457	1.56023354414985	0.0070467311058687	0.00761351701042771
1360	1.29316696336915	0.00596643580181192	0.00616862013851946	1.55404131063911	0.00713798614810938	0.00746700662150922
1370	1.29029198123627	0.00590250399573838	0.0062581246670224	1.54704760914718	0.00693538321029065	0.00748709947484661
1380	1.28707102667723	0.00595764517847682	0.006291688865211	1.54067159953885	0.00717733465256177	0.00760430778598141
1390	1.28297783177618	0.00591369206180125	0.005995205114545	1.53374936652932	0.00698645254585652	0.0073908212192716
1400	1.27988357134503	0.00575466169419334	0.0059072988811939	1.52950209671816	0.0070567775325374	0.0072736129081368
1410	1.27676981950959	0.00584656366542404	0.0061326584976031	1.52357021267903	0.00673947789025105	0.00730961260369963
1420	1.2735050092909	0.00585455514118323	0.0061997868939803	1.51817434225788	0.00684831417916194	0.00740421645482986
1430	1.2681546188131	0.00585455514118323	0.00616862013851947	1.51166560546795	0.00686673262805454	0.00725854326813373
1440	1.26630293540548	0.00597202983484335	0.00592328183271228	1.50964917328597	0.00694208082806977	0.00733137986148179
1450	1.26345719037904	0.00576824720298397	0.00585295684603139	1.50373770881323	0.00673696628358387	0.0073991932414955
1460	1.26212202918512	0.00578902503995785	0.00611747469366063	1.4973668040965	0.00684496537027237	0.0072635664814681
1470	1.25744896500642	0.00571230687266963	0.00609110282365529	1.49176673801135	0.00678133800137062	0.0072627292792457
1480	1.25321445742427	0.00574427277570638	0.00605114544485933	1.48584506375542	0.00663817642134168	0.00740505365705223
1490	1.25018841690814	0.00568193926478471	0.00627171017581301	1.4773249996751	0.00670598980135539	0.00727696171702635
1500	1.24433612276985	0.00576824720298396	0.00608311134789611	1.46862115949719	0.00673612908136148	0.00709612603698981
1510	1.24096410982756	0.00570351624933452	0.00594725625998986	1.46321507929285	0.00668840855468516	0.00701408021919544
1520	1.23804039918395	0.00571230687266963	0.00601198721363931	1.45932004700209	0.00664403683689841	0.00715054418144524
1530	1.23467325909273	0.00572029834842883	0.00609350026638305	1.45449081954854	0.006705152599133	0.00712375371032872
1540	1.23193958964096	0.00581060202450767	0.00594326052211027	1.45015676658018	0.00677715199025867	0.00699231296141326
1550	1.23020972751016	0.0058114011720836	0.00596164091635641	1.44613921689103	0.0067537103280317	0.00694459243473695
1560	1.22858219525189	0.00573068726691577	0.0059033031433143	1.44282103735106	0.00677380318136909	0.00694542963695934
1570	1.22760762503735	0.00583137986148159	0.00587533297815713	1.43835425720111	0.00654273536798906	0.00703166146586566
1580	1.22631144665202	0.00569552477357532	0.00586494405967018	1.43353013463916	0.00669092016135234	0.00701156861252827
1590	1.22324155047623	0.00559243473628176	0.0057818327117746	1.43229985576357	0.00687845345916802	0.00694208082806977
1600	1.22234007302779	0.00574826851358598	0.00577943526904684	1.42855286532921	0.00660971154578037	0.00703919628586718
1610	1.21943585378847	0.00564198188598874	0.00588732019179592	1.42239126116807	0.0064899916279784	0.00691612755917563
1620	1.21736976493366	0.00567155034629776	0.00583217900905749	1.4197009832949	0.00678468681026017	0.0069002207169502
1630	1.21479689956728	0.00556446457112458	0.00579302077783746	1.41487686073295	0.00632003957683294	0.0067729659791467
1640	1.21411957326818	0.0056571656899312	0.00580500799147625	1.41135448552898	0.00644729431463643	0.00687343024583367
1650	1.21199988305157	0.00561880660628708	0.0057402770378268	1.40846511688341	0.00642217824796469	0.0067537103280317
1660	1.2116198006679	0.00566275972296263	0.00568913159296798	1.40533581833265	0.00654692137910101	0.00656785143466081
1670	1.21052828202762	0.00566835375599408	0.00579541822056523	1.40291609971427	0.00647827079686492	0.00660636273689081
1680	1.20893973257793	0.00562200319659075	0.00566036228023488	1.4003993881555	0.00648580561686645	0.00675203592358692
1690	1.20847193887495	0.00563798614810915	0.00564677677144426	1.39509030089155	0.00638785295684665	0.00669678057690908
1700	1.20878867419467	0.00563558870538138	0.00582418753329831	1.39238470834358	0.00646152675241708	0.00676124514803323
1710	1.20645457853086	0.00572988811933985	0.0058577517314869	1.38890317227242	0.00650422406575905	0.00673612908136148
1720	1.20381836610054	0.00554528502930252	0.0057898241875338	1.38548799979205	0.00654608417687862	0.00662394398356103
1730	1.20048046311576	0.0055484816196062	0.00575705913692111	1.37997982175571	0.00631669076794336	0.00660803714133559
1740	1.19819996881375	0.00552930207778414	0.00581619605753911	1.37870870374732	0.00649585204353513	0.00671771063246887
1750	1.19650908949153	0.00571070857751779	0.00565077250932385	1.37400199369217	0.00631585356572097	0.00644896871908122
1760	1.19501312421221	0.00548934469898819	0.0057155034629733	1.37038262554781	0.00634934165461664	0.00663147880356255
1770	1.19280084982522	0.00552450719232862	0.0056659563132663	1.36669689381264	0.00638534135017947	0.00648999162797839
1780	1.1915387813974	0.00559083644112991	0.00568833244539205	1.36414955290427	0.00633929522794793	0.0065678514346608
1790	1.19055446548072	0.00557805007991521	0.00561081513052789	1.3613673869823	0.00628571428571488	0.0065770606591071
1800	1.18953116675545	0.00550772509323433	0.0056443793287165	1.35882004607393	0.0062547378034864	0.00649334043686797
1810	1.18751867926244	0.0054525839104959	0.00574347362813048	1.35751829871594	0.00640627140573924	0.00660301392800124
1820	1.18591551125953	0.00553409696323966	0.00572349493873249	1.35463403496197	0.00619111043458464	0.00648664281908883
1830	1.18405408214976	0.00545897709110325	0.00551571656899352	1.35110144997481	0.00608394855011855	0.00651175888576058
1840	1.18167125797523	0.00535828449653745	0.0056651571656904	1.34857963352443	0.0062932491057164	0.00637445772128838
1850	1.1793566537157	0.00544139584443303	0.00563718700053323	1.34694096332085	0.0062354821523714	0.00624217977015054
1860	1.17660836571071	0.00546217368140693	0.00572589238146025	1.34571578933686	0.00622376132125792	0.00638701575462425
1870	1.17501007055888	0.00551331912626575	0.00557725093233929	1.34335222452609	0.00613752949235159	0.00639538777684816
1880	1.17212046987278	0.00546616941928653	0.00559323388385768	1.33954908028412	0.00608478575234093	0.00639873658573773
1890	1.16980099276218	0.00542221630261097	0.00559403303143358	1.33534775449737	0.00615929675013378	0.00626059821904315
1900	1.16785185233311	0.00528396377197697	0.00566675546084224	1.33358656689539	0.00615762234568899	0.00643808509019013
1910	1.16579063632937	0.00546377197655878	0.0055484816196062	1.33057978574302	0.00631501636349858	0.00640794581018403
1920	1.16517178424314	0.00547016515716613	0.00557405434203562	1.32803244483464	0.00617185478346964	0.00627148184793422
1930	1.1625404446639	0.00538145977623909	0.00551411827384168	1.32512776151427	0.00615092472790986	0.00628320267904771
1940	1.16034766168119	0.00541022908897218	0.00553409696323966	1.3230347559583	0.0061467387167979	0.00638785295684664
1950	1.15776992346374	0.0053311134789562	0.00563878529568506	1.31869559809834	0.00612329705457095	0.00633008600350164
1960	1.15513371103343	0.00555327650506171	0.0054565796483755	1.31580622945277	0.00612497145901573	0.00645315473019317
1970	1.15370596566913	0.00539025039957422	0.00552210974960087	1.31342734996719	0.0061366922901292	0.00631836517238815
1980	1.15166424106968	0.00522482685135895	0.00556126798082092	1.30922602418044	0.00601194915899288	0.00632757439683445
1990	1.14871616617071	0.00530713905167863	0.00554208843899886	1.30708707460006	0.00611659943679181	0.0063133419590538
2000	1.14584118403783	0.00531353223228598	0.00555887053809315	1.30535141145608	0.00614422711013073	0.00643975949463491
