Distance from Center (cmd=annotatePeaks.pl /data/mm10/External/GSE39756-Th17-AP1-Factors-2012/CD4TCell-Th17-Batf/peaks.txt mm10 -size 4000 -hist 10 -d ../tag-dirs/h3k27ac/AND-CD4TCell-H3K27Ac-No-Peptide-24h-MNase-Combined ../tag-dirs/h3k27ac/AND-CD4TCell-H3K27Ac-1uM-PCC-24h-MNase-Combined)	../tag-dirs/h3k27ac/AND-CD4TCell-H3K27Ac-No-Peptide-24h-MNase-Combined Coverage	../tag-dirs/h3k27ac/AND-CD4TCell-H3K27Ac-No-Peptide-24h-MNase-Combined + Tags	../tag-dirs/h3k27ac/AND-CD4TCell-H3K27Ac-No-Peptide-24h-MNase-Combined - Tags	../tag-dirs/h3k27ac/AND-CD4TCell-H3K27Ac-1uM-PCC-24h-MNase-Combined Coverage	../tag-dirs/h3k27ac/AND-CD4TCell-H3K27Ac-1uM-PCC-24h-MNase-Combined + Tags	../tag-dirs/h3k27ac/AND-CD4TCell-H3K27Ac-1uM-PCC-24h-MNase-Combined - Tags
-2000	1.07793315886851	0.00519413150202952	0.00491940747467341	1.21017975510788	0.005811685916173	0.00564187405999091
-1990	1.07904871196621	0.00509818666818064	0.00504216918754838	1.21150831361325	0.00582354777377395	0.00579108374244503
-1980	1.08003708474332	0.00516433496977831	0.00508745991657021	1.21295107485547	0.00583540963137489	0.00556633275632168
-1970	1.08141063220563	0.00517982916654894	0.00514526518913755	1.21633147586627	0.00591095093504407	0.00569868611481654
-1960	1.08157414976067	0.0050749453730247	0.00510891341979107	1.21875257388752	0.00580981299128865	0.00570805073923835
-1950	1.08301310424499	0.00515062856494276	0.00495635517466491	1.2203057311087	0.00582791793183745	0.00560628848718805
-1940	1.08496804745855	0.00526087573427222	0.00491702375209332	1.22192740997199	0.00576548710235876	0.00569181872357388
-1930	1.08633796119741	0.00503680581174316	0.00507315758108963	1.22482054597222	0.00594778512443647	0.00572053690513409
-1920	1.08794406696022	0.00516314310848826	0.00500402962626683	1.22661352894078	0.00587661397883081	0.00565685745906581
-1910	1.08916863176128	0.0051416896052674	0.00509580294560055	1.22828088889881	0.00593904480830947	0.00571616674707058
-1900	1.08973912634218	0.0051148727262413	0.00515539601010295	1.22912218239362	0.00576423848576919	0.00574550923692558
-1890	1.09127982508298	0.00516373903913329	0.00514049774397734	1.23121970599379	0.00585039303044978	0.00575737109452653
-1880	1.09257706435294	0.00529782343426372	0.00511189307301619	1.2335151810045	0.00605641476772934	0.00563063651068474
-1870	1.09302764606015	0.0052036663923499	0.00512321575527166	1.23724961049953	0.00605454184284497	0.00575986832770567
-1860	1.09395061181525	0.00521022162944517	0.00508567212463514	1.23920628405759	0.0059646414483957	0.0058123102244678
-1850	1.09537866512924	0.00521558500525038	0.00510772155850102	1.24144085094197	0.00590283492721184	0.00571741536366016
-1840	1.09703927674373	0.00519830301654468	0.00505945117625408	1.24334803664739	0.00597150883963838	0.00575050370328387
-1830	1.09804945186151	0.00520724197622004	0.00512619540849677	1.24558641028968	0.00608700587417388	0.00575362524475781
-1820	1.09931035389702	0.00524478560685656	0.0051369221601072	1.24762302576352	0.00590595646868578	0.00572865291296632
-1810	1.10031689529136	0.00523882630040631	0.00518936405686932	1.24988043319529	0.00594403927466776	0.0058491444138602
-1800	1.1003277964617	0.00519770708589966	0.0051542041488129	1.24989566022687	0.00598337069723931	0.00579045943415024
-1790	1.1020937860561	0.0052930559891035	0.00514049774397736	1.2514792715112	0.00594341496637297	0.00576111694429525
-1780	1.10256253638054	0.00519651522460961	0.00518459661170913	1.25427343180616	0.00599460824654546	0.00574550923692558
-1770	1.10285323425616	0.00522809954879589	0.00504932035528866	1.25805354239594	0.00602582366128479	0.00604392860183361
-1760	1.10480091002282	0.00522929141008594	0.00520307046170488	1.25901284538549	0.00600771872073599	0.00582729362354266
-1750	1.10511341023911	0.00514526518913754	0.00519413150202952	1.26076014725932	0.00596464144839572	0.00572927722126112
-1740	1.10721370239048	0.00531570135361443	0.00511964017140151	1.26387407521746	0.0060395584437701	0.00567933255767814
-1730	1.10867082549203	0.00528471296007316	0.00527219841652767	1.26832798195466	0.00611260251426013	0.00588285706177867
-1720	1.11087286189986	0.00532464031328979	0.00524955305201676	1.27090135029171	0.00607888986634166	0.00592593433411894
-1710	1.11226094425596	0.00533298334232013	0.00516731462300343	1.27414851477618	0.00618377365986582	0.00588785152813696
-1700	1.11397969544557	0.00536635545844146	0.00520962569880014	1.27627268568162	0.00616504441102222	0.0058722438207673
-1690	1.11664321473095	0.00553619569227333	0.00518459661170913	1.27908587976605	0.00622872385709047	0.0060158347285682
-1680	1.11872170454164	0.00531748914554949	0.00522690768750584	1.28240917940843	0.00625057464740798	0.00590096200232749
-1670	1.1211344969093	0.00542416073100881	0.00522392803428072	1.28668416852456	0.00635483413263732	0.00584102840602797
-1660	1.12385252204636	0.00541283804875335	0.00512679133914178	1.29125608475651	0.00621811061607906	0.00593842050001468
-1650	1.12714467548777	0.00554453872130367	0.00530795425522911	1.29481921014627	0.00635920429070085	0.00600022702119854
-1640	1.12891066508217	0.00540389908907798	0.00512381168591667	1.29862216128341	0.00618814381792934	0.00577110587701184
-1630	1.13129438766227	0.00534788160844573	0.00527160248588266	1.30299231934692	0.00628428729532643	0.00600834302903077
-1620	1.13329293555717	0.0053895967535974	0.00516195124719821	1.30572557151556	0.00618065211839189	0.00590221061891707
-1610	1.13578566984062	0.00546647180680552	0.00522273617299067	1.3113024718318	0.00645097761003451	0.00613819915434638
-1600	1.13794046784367	0.00535384091489596	0.00518936405686932	1.31434407138994	0.00632299440960322	0.00598087346406017
-1590	1.14006982978259	0.00541700956326851	0.00533417520361017	1.31764833724284	0.00638230369760794	0.00617191180226485
-1580	1.14117448170995	0.00540270722778794	0.00527279434717269	1.32031687452726	0.00629927069440133	0.00610261358154354
-1570	1.1435218670556	0.00552368114872784	0.00524836119072671	1.32364017416964	0.00637044184000699	0.00609512188200611
-1560	1.14560762431318	0.00546349215358041	0.00535026533102582	1.32690637244358	0.00635108828286863	0.00612633729674545
-1550	1.14764977688942	0.00551891370356763	0.00544680609551972	1.33007359501226	0.00634983966627904	0.00602020488663172
-1540	1.14867085317754	0.00546051250035528	0.0053818496552121	1.33191225907556	0.00626306081330372	0.00623621555662788
-1530	1.14965559223121	0.0054760066971259	0.0053425182326405	1.33341212168621	0.00631737563495013	0.00618127642668666
-1520	1.15094556405428	0.00543667527455432	0.00541462584068842	1.33574566427587	0.00632112148471888	0.00626867958795681
-1510	1.15198480895963	0.00547481483583586	0.00530199494877887	1.3362633833496	0.00634234796674161	0.00615817701977958
-1500	1.15318393769657	0.00553917534549846	0.00548673344873634	1.33716177821283	0.0063710661483018	0.00630488946905441
-1490	1.15392885100285	0.00547064332132068	0.00536277987457133	1.33869590164453	0.00638480093078711	0.00617191180226485
-1480	1.1545756537761	0.00541760549391353	0.00539615199069268	1.34132637135	0.00640977326257856	0.00627554697919944
-1470	1.15563670102212	0.00551593405034253	0.00536873918102157	1.34249123926589	0.00634921535798425	0.00622685093220608
-1460	1.15690487050452	0.0054116461874633	0.0054932886858316	1.34397968160285	0.00636669599023829	0.00628740883680039
-1450	1.15698844614376	0.00546408808422541	0.00537350662618177	1.34615714711881	0.00638792247226104	0.00627866852067337
-1440	1.15769338849214	0.00542535259229887	0.00538184965521209	1.34759990836104	0.00644910468515013	0.00630801101052837
-1430	1.15832929009507	0.00553857941485343	0.00533894264877037	1.34957942246646	0.0065383807713046	0.00624183433128096
-1420	1.16150879810968	0.00564107948579756	0.00543250376003914	1.35248017198248	0.00651153551462877	0.00632798887596153
-1410	1.16423409069363	0.00569828882771988	0.00536456766650641	1.35504212004584	0.00655898294503256	0.00617128749397008
-1400	1.16651243529381	0.00564644286160278	0.0053598002213462	1.35958358221463	0.00661142484179462	0.00637044184000702
-1390	1.16850371574182	0.00560532364709614	0.00540926246488321	1.36256046688855	0.00657958511876054	0.00632424302619279
-1380	1.17080386268267	0.00574655920996683	0.00546587587616049	1.36471128509925	0.00657708788558137	0.00631612701836057
-1370	1.17330023068957	0.00565776554385824	0.00549150089389654	1.36873122143642	0.00663577286529131	0.00634359658333117
-1360	1.17449572570306	0.005651806237408	0.00548613751809132	1.37284632672096	0.00663764579017566	0.00637169045659658
-1350	1.17685764594249	0.00569232952126965	0.00551831777292261	1.377269779395	0.0066607451970828	0.00636919322341741
-1340	1.17992087480685	0.00564882658418289	0.00536277987457134	1.38149908741639	0.00669695507818041	0.00623808848151225
-1330	1.18246448121854	0.00560353585516106	0.00549924799228184	1.38739575539581	0.00669570646159085	0.00628116575385253
-1320	1.18519340752593	0.00570246034223504	0.00564227134708763	1.39281277188046	0.00683867306109696	0.00646034223445628
-1310	1.18757713010603	0.00578529470189338	0.00545812877777518	1.39787956663876	0.00678810408921925	0.00644723176026575
-1300	1.1907057659924	0.00564584693095777	0.00557135560032975	1.40189569621803	0.00675688867447993	0.00640228156304113
-1290	1.19406696017928	0.00576145747609243	0.00549448054712165	1.40766293442902	0.00679809302193585	0.00636794460682789
-1280	1.19749719511161	0.00578410284060335	0.00547719855841595	1.4134377861558	0.00688986634126947	0.00650841397315484
-1270	1.20106914525831	0.00575251851641707	0.00536516359715142	1.41723693053505	0.00676562899060695	0.00647345270864679
-1260	1.20599647425009	0.00581091971962944	0.00545157354067992	1.42076579510376	0.00668571752887423	0.00646783393399371
-1250	1.20983731993174	0.00582343426317495	0.00556420443258947	1.42485805984093	0.00688736910809033	0.00655211555378992
-1240	1.21093833813566	0.00569352138255969	0.00568577428417437	1.42976497076764	0.00696977780300216	0.00664201594823918
-1230	1.2126752579425	0.00576264933738248	0.00558089049065015	1.43281418384157	0.00685740230994056	0.00654649677913682
-1220	1.21506624796948	0.00592176281960391	0.00545574505519509	1.43781626371566	0.00705281080620876	0.00662890547404866
-1210	1.21759531948739	0.00577575981157302	0.0056291608728971	1.44273459491605	0.00715707029143815	0.00653775646300981
-1200	1.21940128003969	0.00578589063253842	0.00562141377451176	1.44831149523229	0.00696103748687517	0.00656148017821169
-1190	1.2226134915653	0.0059461959760499	0.0055969806180658	1.45149775159044	0.00694480547121069	0.00675688867447991
-1180	1.22540419117127	0.00585799824058633	0.00577039643576779	1.45622193813819	0.00703970033201822	0.00676875053208086
-1170	1.22697395969963	0.00576741678254268	0.00571557081642557	1.46090425034909	0.00706092681404099	0.00673066772609887
-1160	1.23023340963003	0.00582462612446498	0.00574894293254694	1.46600911268634	0.00705031357302958	0.00679684440534625
-1150	1.23291873125608	0.00585680637929629	0.00566551264224356	1.47008995714983	0.00713272226794143	0.00684678906892919
-1140	1.23756626354258	0.00603677743409356	0.0058079400664043	1.47554884797132	0.00727693748403714	0.00682181673713773
-1130	1.23984824186621	0.00593070177927927	0.00578410284060334	1.48050905350856	0.00714333550895284	0.00682993274496995
-1120	1.24235551104345	0.00594262039217976	0.00574655920996684	1.48457467094047	0.00712897641817273	0.00684304321916048
-1110	1.2446156870264	0.00590030931638305	0.00575251851641706	1.48733457041437	0.00716955645733387	0.0067955957887567
-1100	1.24678865364667	0.00586932092284179	0.00574715514061186	1.49109945397257	0.00712023610204572	0.0067475240500581
-1090	1.24917964367366	0.0059759925083011	0.00583296915349532	1.49741105856255	0.00727506455915282	0.00688799341638511
-1080	1.25133080795326	0.00599804194216699	0.00579423366156876	1.50068487035229	0.0070840262209481	0.00688924203297466
-1070	1.25388531553528	0.00606359431311965	0.00589077442606266	1.50546235151057	0.0072806833338059	0.00687051278413107
-1060	1.25593473555841	0.00595811458895038	0.00569888475836491	1.50909019178454	0.0070796560628846	0.00687363432560503
-1050	1.2591687494247	0.0060999460824661	0.00578469877124837	1.51340324847963	0.00731876613978788	0.00695854025369597
-1040	1.26191584434932	0.00608326002440544	0.00584131218252566	1.51683313734306	0.00735247878770638	0.00691359005647135
-1030	1.26340203723844	0.00599029484378167	0.00582700984704507	1.5224823660593	0.00752853372683622	0.00687363432560499
-1020	1.26607282397071	0.00610888504214148	0.00583833252930054	1.52804023258607	0.00741803115865896	0.00704219756519738
-1010	1.27013896050597	0.00617086182922398	0.00588004767445224	1.53386837892338	0.00748857799596985	0.00717704815687129
-1000	1.27326759639234	0.00607551292602012	0.00603141405828834	1.53893898043957	0.00758284854848264	0.00719952325548362
-990	1.27649070908829	0.00618516416470454	0.00603558557280351	1.54487752275584	0.00759158886460964	0.00720264479695756
-980	1.28081847371161	0.00632759158886531	0.00602009137603288	1.55170684641955	0.00765963846874134	0.00709776100343339
-970	1.28203213734233	0.0061541757711633	0.00608206816311538	1.55637393159887	0.00761531257981155	0.00728942364993287
-960	1.28642167526421	0.00634785323079612	0.00602724254377316	1.56356489726261	0.00776701949544466	0.00719078293935663
-950	1.29125089372297	0.00633772240983071	0.00590448083089822	1.57313889336864	0.00792684241891007	0.00708964499560118
-940	1.29556775717595	0.00628230085984348	0.00596943727120583	1.57917260463228	0.00767087601804757	0.00711087147762392
-930	1.30034246978303	0.00630196657112928	0.00601234427764757	1.58789388696982	0.00787440052214799	0.00712523056840403
-920	1.30425235621014	0.00635917591305159	0.00601889951474284	1.59603654210732	0.00778824597746745	0.00721887681262204
-910	1.30971747627183	0.00641459746303883	0.00588064360509725	1.60422487833956	0.0078756491387376	0.0072507165356561
-900	1.31550599772014	0.00644796957916016	0.00596705354862573	1.61127118720328	0.0079187264110778	0.00728380487527985
-890	1.32061501288419	0.00644677771787012	0.00595394307443521	1.62002292360399	0.00788501376315939	0.00718391554811398
-880	1.32454670165197	0.00634904509208617	0.00602903033570824	1.6292999925942	0.00806169301058398	0.00731814183149312
-870	1.32899437914897	0.00654272255171901	0.00593070177927928	1.63776622215278	0.00801736712165413	0.00735497602088552
-860	1.33432505144318	0.00644737364851515	0.00595811458895037	1.64298148046899	0.00788064360509587	0.00738868866880398
-850	1.34021168342452	0.00649504810011708	0.00618933567921973	1.65084624228015	0.00805045546127784	0.0073424898549898
-840	1.34473566911387	0.00653259173075359	0.00614464088084292	1.65897367038606	0.00799052186497829	0.00747858906325322
-830	1.35092390014117	0.00671435057748593	0.00613808564374765	1.66699831602881	0.0082277590169972	0.00766213570192056
-820	1.35655253775789	0.00663568773234274	0.00626740259371787	1.67536937664001	0.00836635545843988	0.00762342858764374
-810	1.36100748270179	0.00676083316779781	0.00616549845341876	1.68525172013554	0.00841942166349675	0.00759283748119919
-800	1.36710487064295	0.00681804250972011	0.00632759158886531	1.6947343540521	0.0084206702800863	0.00776826811203423
-790	1.37292609560226	0.00674414710973714	0.00632639972757526	1.70306734708434	0.00844252107040387	0.00793370981015273
-780	1.37874732056158	0.00689015011776802	0.00627217003887807	1.7115449969166	0.00864791849938869	0.0076602627770362
-770	1.38494281903577	0.00680671982746466	0.00629123981951884	1.72146540799109	0.00855427225517064	0.00779698629359445
-760	1.39062232878072	0.00687584778228745	0.0063025625017743	1.73147337449715	0.00861732739294404	0.00776264933738123
-750	1.39625823384433	0.00678228667101868	0.00644320213399996	1.74065527454	0.00853928885609575	0.00790936178665599
-740	1.40135634783804	0.00692054258066427	0.00641519339368384	1.7523267942462	0.00886143193620568	0.00773268253923146
-730	1.40591667076185	0.0068669088226121	0.00624773688243208	1.7633854259313	0.00876279122562938	0.00780010783506839
-720	1.41333673403709	0.0070725048951454	0.00645690853883553	1.7758982391323	0.0090193819347867	0.00799801356451577
-710	1.41860926675618	0.00695272283549555	0.00625548398081739	1.78548365551202	0.00902063055137632	0.00795618490876502
-700	1.4253134865127	0.00690802803711875	0.00639850733562318	1.79710568736559	0.00896694003802467	0.00792059933596222
-690	1.43109837423756	0.00677632736456843	0.00639135616788287	1.80994588174556	0.00901064161865968	0.00789562700417076
-680	1.4380206174008	0.00698549902097188	0.00648849286302182	1.82293453968345	0.0089500837140654	0.00809977581656596
-670	1.44406713321372	0.00707965606288569	0.00659337665654604	1.83576331378974	0.00916047560940851	0.00820216237691096
-660	1.44874010156434	0.00700576066290271	0.00649504810011707	1.84633848722217	0.00903998410851469	0.00818156020318297
-650	1.45431786705283	0.0071219671386824	0.00653437952268866	1.85700121608619	0.00910616078776206	0.00836260960867113
-640	1.45953952764368	0.00709574619030134	0.0066589290274987	1.86671606223434	0.00933340900706442	0.00835074775107018
-630	1.46337673960188	0.0070725048951454	0.0066887255597499	1.87855127253003	0.00925599477851089	0.00848747126762846
-620	1.46910712147507	0.0072381736144621	0.00682340588552534	1.89001722730989	0.00953630920287011	0.00858236612843604
-610	1.47487020685926	0.0074068219870039	0.00677871108714852	1.90087029406866	0.00954442521070232	0.00842004597179155
-600	1.48103300182244	0.00733113879508584	0.00664820227588826	1.91415968588026	0.00967053548624924	0.00856987996254033
-590	1.48875466414363	0.00733233065637589	0.00671733023071104	1.9257208096075	0.00961497204801323	0.00853304577314793
-580	1.49749013530606	0.00744198189506032	0.00671077499361579	1.93925383392438	0.00965118192911088	0.00859734952751095
-570	1.50302792983664	0.00743244700473994	0.00675666165328265	1.95030485209369	0.00964618746275249	0.00873344873577442
-560	1.5103934872602	0.00735616788217685	0.00685141462584146	1.96377316152635	0.00984409319219995	0.00874218905190144
-550	1.51650541009514	0.00753077556116891	0.00678884190811393	1.97542184068518	0.00989216493089848	0.00859360367774226
-540	1.52358753708997	0.00752660404665375	0.00684426345810118	1.98917185020207	0.0100551093958378	0.00889889043389291
-530	1.53187242654518	0.00761301399018223	0.00696046993388087	2.00444836963488	0.0102748659156028	0.00889015011776591
-520	1.54045164759946	0.00771968557564154	0.00709157467578616	2.02019692704667	0.0104371860722473	0.0090081443854806
-510	1.54901633375996	0.00771193847725623	0.00691100769034387	2.03969133422718	0.0105820255966378	0.00900127699423794
-500	1.55981575983929	0.00782814495303592	0.0069437838758202	2.05859950069186	0.0107143789551326	0.00916984023383028
-490	1.57138916901247	0.00798845029654739	0.0069116036209889	2.08049216534625	0.0111276710462814	0.00910928232923597
-480	1.58349673553211	0.00802778171911898	0.00702244672096337	2.10448235360081	0.0110452623513696	0.00903186810068246
-470	1.59570604630821	0.0080700927949157	0.00704687987740936	2.1288303770975	0.0112013394250662	0.00919356394903224
-460	1.60825329336472	0.00820358125940109	0.00716964159028431	2.15436230229956	0.0114847753908994	0.00946701098214879
-450	1.61904181827372	0.0082387411674575	0.00703496126450889	2.17710768072244	0.0114903941655525	0.00932903884900099
-440	1.6304953145732	0.0082655580464836	0.00729419109509436	2.19987209293479	0.0113736485144274	0.00945639774113739
-430	1.64055346106971	0.00821728766423665	0.00752898776923384	2.22152873859969	0.0115378415959562	0.00955815999318771
-420	1.65152367215097	0.00851108147223352	0.00730730156928488	2.24385918041201	0.0116140072079202	0.00948261868951846
-410	1.66166539428671	0.00836269474162252	0.00725128408865261	2.26878963786664	0.0119448906041576	0.00956877323419904
-400	1.67490304879783	0.00846817446579178	0.0073001504015446	2.2934726560581	0.0117632168903744	0.00973421493231748
-390	1.68807893001037	0.0086493373818791	0.00748250517892196	2.31754278622846	0.0118780896166153	0.00977978943783693
-380	1.70248300974741	0.00891333465762476	0.00739371151281338	2.34342112639896	0.0123388291381685	0.00964181730468905
-370	1.71673083937631	0.00892823292375035	0.00749025227730728	2.372181182296	0.0125298674763735	0.0100519878543638
-360	1.73337329275563	0.0088894974318238	0.0075653395385803	2.40130288019308	0.0127209058145783	0.0100557337041326
-350	1.74831879728602	0.00906350918017083	0.00759930758534668	2.43346998440619	0.0130605295269428	0.0103304293538388
-340	1.76613857706162	0.00926016629302875	0.00773160418854202	2.46505084790347	0.0133489599591345	0.010584522829817
-330	1.78400922896545	0.00947052981072227	0.00785317404012693	2.49904138914831	0.0136673571894759	0.0106357161099895
-320	1.80109863032854	0.00942106756718527	0.00781980192400558	2.53544160814071	0.014005107976956	0.0107699423933685
-310	1.82090242310525	0.00958971593972709	0.00811061607877733	2.5752260349018	0.0143272510570663	0.011278129345325
-300	1.84007394800249	0.00971724509776222	0.00800156077073791	2.61582891461033	0.0145707312920335	0.0110683617582767
-290	1.85808268139724	0.00971128579131198	0.007805499588525	2.65644702135044	0.0146762393938524	0.0110483838928435
-280	1.87991045813296	0.00976789920258928	0.00813624109651336	2.69898754082755	0.0146400295127547	0.0112956099775791
-270	1.89802093578418	0.0096248758477835	0.00799440960299764	2.73875293379917	0.0145257810948085	0.0111545163029572
-260	1.91729057121443	0.00975002128323856	0.00807366837878584	2.77439180121256	0.0143971735860823	0.0111738698600956
-250	1.93539378141876	0.00976670734129922	0.00811359573200245	2.81227665578403	0.0143297482902454	0.0112444166974066
-240	1.95280658416848	0.00973273929453285	0.00822324697068688	2.84374331654445	0.0139876273447021	0.0113892562217971
-230	1.96866051956019	0.00978875677516513	0.00829952609324997	2.87127759639929	0.0137210477028277	0.0115266040466502
-220	1.98174192396315	0.00952475949941945	0.00822801441584707	2.89583499158022	0.0135437441471081	0.0115528249950312
-210	1.99513219485897	0.00962010840262331	0.00837938079968318	2.91644858558187	0.0133333522517647	0.0116608303300293
-200	2.0071997904207	0.00951522460909907	0.00871429382218672	2.93521590200443	0.0134500979028901	0.0121746360566394
-190	2.01720706478897	0.00960282641391759	0.00875541303669336	2.94777058954228	0.0136280257669044	0.0124075030505951
-180	2.02826085150948	0.00965943982519489	0.00886148869150765	2.95928983893268	0.0133258605522273	0.0127358892136532
-170	2.0375740846997	0.00983583529612202	0.00889486080762901	2.9681062902176	0.0136242799171357	0.012875109963391
-160	2.0482826676929	0.010082550583162	0.00908079116887651	2.97601292636561	0.0137872243820753	0.013529385056328
-150	2.05818093035781	0.0101481029541146	0.00938471579783881	2.97705217127095	0.0137447714180296	0.0138864894009463
-140	2.06500506298803	0.0101588297057251	0.00948542807684787	2.97434937316547	0.0139489202304252	0.0142592014529345
-130	2.0705573924124	0.0101457192315345	0.00955396010102563	2.96732590484912	0.0140394449331691	0.0146156814892581
-120	2.0745472207553	0.010132012826699	0.00982928005902675	2.95963625390113	0.0141287210193238	0.0147780016459027
-110	2.07550652374485	0.0099049632509448	0.00963381480745886	2.94938084813189	0.0140163455262622	0.0145207866284504
-100	2.07907847389155	0.0101051959476729	0.00961951247197828	2.94204903242603	0.0141455773432831	0.0145039303044911
-90	2.08170928966592	0.00993058826868084	0.00967076250745035	2.93590492518343	0.0138240585714677	0.0144084111353886
-80	2.08464897193315	0.00996276852351213	0.00963202701552378	2.93345717985692	0.0141505718096415	0.0142585771446396
-70	2.0871417062166	0.0100354720622051	0.00952773915264458	2.92942963000397	0.014219245722068	0.0140875166718678
-60	2.09056830742549	0.00986563182837321	0.00957660546553654	2.92804016337228	0.0136592411816438	0.0139988648940081
-50	2.09416932735975	0.00967791367519064	0.00960461420585268	2.93182408071995	0.0138421635120164	0.0137335338687234
-40	2.09843895240794	0.00966301540906503	0.00967314623003044	2.93663582269928	0.0136773461221926	0.0136748488890135
-30	2.10539026535874	0.0100265331025297	0.00969042821873615	2.9443749614999	0.0140475609410015	0.0134569652941326
-20	2.11072820509984	0.0100140185589842	0.0096916200800262	2.95205319217421	0.0140850194386887	0.0137472686512088
-10	2.11533940015188	0.00998541388802304	0.00993952722835621	2.95530416341657	0.0138771247765245	0.013720423394533
0	2.11509957440449	0.00980842248645091	0.0098948324299794	2.95594369874294	0.013678594738782	0.0138839921677672
10	2.11249056097079	0.00972439626550253	0.00989781208320453	2.95137558926889	0.0135624733959517	0.0138315502710051
20	2.10950000657534	0.00963441073810391	0.00986861148159834	2.94886693581606	0.0135524844632351	0.0137847271488961
30	2.10421657268592	0.00958971593972709	0.00996455631544721	2.94153131335231	0.0133683135162727	0.013614290984419
40	2.09877688868835	0.0096344107381039	0.00980305911064571	2.93640741722558	0.0134070206305495	0.0138134453304561
50	2.0924796459577	0.00950926530264883	0.00983047192031682	2.93215907541471	0.013752263117567	0.0137859757654856
60	2.08749781111424	0.00948959959136303	0.00990198359771969	2.92601116141422	0.0135487386134664	0.0139002241834315
70	2.0835697560699	0.00956766650586119	0.00982391668322153	2.92475873806675	0.0140912625216365	0.0139489202304251
80	2.07981975347439	0.00968446891228591	0.00983404750418692	2.92654410751952	0.0141418314935144	0.0138977269502524
90	2.0763531813076	0.00966063168648494	0.0097488294219485	2.9300958126356	0.0145544992763689	0.0138971026419577
100	2.07476161043857	0.00972737591872764	0.00990496325094479	2.93702411200458	0.0145301512528722	0.0138072022475082
110	2.07295564988627	0.00995204177190171	0.0101665768041103	2.94510585901575	0.0147804988790817	0.0142273617299003
120	2.07197454455605	0.00976849513323429	0.0101486988847596	2.95518615392183	0.0147386702233311	0.0143846874201866
130	2.07086625890524	0.0097833933993599	0.0102744402508597	2.96070975962753	0.0143328698317193	0.0143778200289441
140	2.06754866939971	0.00975836431226887	0.010306024575046	2.96750482247019	0.0145145435455025	0.0142154998722994
150	2.06139677560688	0.00962249212520338	0.0101022162944478	2.97247264152322	0.0144552342574977	0.0138821192428829
160	2.05434371839961	0.00932631459462645	0.00989840801384954	2.97320734579696	0.0136985726042154	0.013643633474274
170	2.04852976088718	0.00925718663980364	0.00974406197678833	2.97308552954432	0.0134875564005772	0.0136292743834938
180	2.04271216965131	0.00924645988819321	0.00986503589772819	2.97130396684944	0.0131535514628661	0.0133739322909258
190	2.03294835475387	0.00893478816084561	0.009661823547775	2.96691858175435	0.0127920769601841	0.0132116121342811
200	2.02437276742304	0.00873932290927772	0.00949913448168343	2.9565908475851	0.0122133431709162	0.0133452141093656
210	2.01512857497828	0.00873276767218245	0.00962427991713849	2.94402854653146	0.012079116887537	0.0133302307102907
220	2.00452173624154	0.00846340702063158	0.00951760833167917	2.92797164173017	0.0118487471267604	0.0135212690484957
230	1.99319542026264	0.00830012202389498	0.00952058798490429	2.90877796842336	0.0116695706461564	0.0135562303130038
240	1.98137491789518	0.0083650784642026	0.00967970146712573	2.88353916357923	0.0114167257867678	0.0137041913788685
250	1.96831531583289	0.00831263656744049	0.00955455603167067	2.85640078654547	0.0115959022673715	0.0141237265529654
260	1.95342068343073	0.00826079060132339	0.00950568971877869	2.82373119029021	0.0114335821107269	0.0143260024404766
270	1.93719974197106	0.00799738925622276	0.00975478872839876	2.78816084451893	0.0112887425863363	0.0145207866284502
280	1.91759217026039	0.00815769459973424	0.00977564630097459	2.75011610611587	0.0112481625471753	0.0145301512528721
290	1.89918736101011	0.00823754930616746	0.00993714350577611	2.71193051767069	0.011451062742981	0.0147617696302382
300	1.8789184516324	0.00795865376429619	0.00983345157354193	2.67159030425692	0.0110758534578142	0.0149453162689057
310	1.85715244819525	0.00797057237719667	0.00976491954936417	2.63066385012731	0.0111439030619459	0.0148117142938212
320	1.83644022455722	0.00802361020460381	0.00967374216067547	2.58447264982886	0.0107892959505071	0.0141961463151609
330	1.81818803169164	0.00799560146428769	0.00966718692358019	2.54679336018372	0.0110321518771791	0.0142105054059411
340	1.79956883275808	0.00790740372882413	0.009390079173644	2.50957468824389	0.0106663072164341	0.0138796220097037
350	1.78198161128299	0.0078031158659449	0.00913740458015381	2.47487228327268	0.0106045006952502	0.0135243905899697
360	1.76588785014389	0.00766664774823439	0.00903013706404949	2.44105685289101	0.0104896279690094	0.0128719884219168
370	1.75043725805461	0.00760824654502204	0.00907840744629642	2.41143646970968	0.0101674848888994	0.0128426459320619
380	1.73320250775371	0.0074735662192466	0.00887161951247307	2.38279061654949	0.00998581117511655	0.0124037572008263
390	1.71831514279844	0.007483697040212	0.00878818922216969	2.3572053967369	0.00997145208433645	0.0123513153040642
400	1.7054444943553	0.00740622605635887	0.00882871250603133	2.33099206187164	0.00977854082124736	0.0120685036465256
410	1.69098590876658	0.00739371151281337	0.00875004966088817	2.30745487780659	0.00987031414058092	0.0117600953489005
420	1.67737761446405	0.00740086268055366	0.0087905729447498	2.28672708106808	0.00989466216407766	0.0118006753880617
430	1.66371481430984	0.0074169528079693	0.00854087800448472	2.26363528767675	0.00969238627656675	0.0118268963364428
440	1.6525374809922	0.00724115326768721	0.00831680808195567	2.24076809300123	0.0097298447742539	0.0116751894208094
450	1.64076058330609	0.00730432191605976	0.00835315985130214	2.21870412424156	0.0095350605862805	0.011609012741562
460	1.62932162190038	0.00726379863219812	0.00833528193195141	2.19395639116589	0.00952944181162739	0.0116239961406367
470	1.61861667263062	0.00720241777576064	0.00818510740940534	2.1709902207851	0.00929782343426162	0.0113786429807858
480	1.60678890281627	0.00721076080479098	0.00809750560458679	2.14792888145693	0.00937398904622553	0.0111570135361364
490	1.59586229641635	0.00704449615482926	0.00816544169811955	2.12707546170789	0.00926286216975358	0.0111339141292293
500	1.58338045638186	0.00708382757740085	0.00798785436590237	2.10324515728492	0.00913425466102747	0.0111332898209345
510	1.57262100126042	0.00705939442095486	0.00801765089815358	2.08064824241995	0.00921416612276017	0.0107886716422123
520	1.56044802771877	0.00692769374840454	0.00783470019013119	2.05961209829194	0.0088389568375934	0.0106463293510009
530	1.5492525257839	0.00684485938874621	0.00780609551917003	2.03818385810074	0.0089369732398749	0.0104047220409185
540	1.53890004768833	0.00678407446295374	0.00766903147081451	2.02053572849933	0.00887266948551183	0.0103191918045326
550	1.52964495407323	0.00676977212747316	0.00749204006924234	2.00676287843506	0.00898754221175267	0.0100201481313298
560	1.52125468663811	0.00674235931780205	0.00746462725957125	1.99158152794963	0.00893010584863232	0.0101662362723099
570	1.51416165847295	0.00675904537586273	0.00753375521439403	1.97844821321173	0.0088420783790673	0.0099208831124587
580	1.50576048986749	0.00673222849683665	0.00747058656602148	1.96394065887373	0.00864105110814607	0.00989653508896195
590	1.49729754796346	0.00667859473878449	0.00737344987088256	1.94963866946205	0.00858236612843604	0.00985782797468525
600	1.49057152586626	0.00676202502908786	0.00751945287891345	1.9357021288083	0.00860484122704841	0.00971860722494777
610	1.48249739237088	0.00671911802264612	0.00738238883055791	1.92286954794411	0.00867476375606447	0.00979352422032217
620	1.47719942358768	0.00686452510003198	0.00741456908538923	1.9102805995852	0.00856113964641334	0.00965118192911083
630	1.47022994201965	0.00674295524844708	0.00725843525639292	1.89757364173155	0.00845563154459433	0.0094588949743165
640	1.4654334270719	0.00676679247424805	0.0072757172450986	1.88800725914131	0.00865728312381046	0.00959249694940088
650	1.45985202785997	0.00675487386134758	0.00714520843383834	1.87544115132977	0.00848747126762843	0.00936087857203505
660	1.45352208161831	0.00659456851783609	0.00720897301285591	1.86525807396053	0.00847186356025882	0.00926098924486921
670	1.4476935892121	0.00673044070490158	0.00692054258066426	1.8549151127597	0.00823275348335552	0.00908555861403408
680	1.44216669585185	0.00652842021623841	0.00707488861772549	1.84294666593769	0.00822276455063893	0.00899940406935354
690	1.43620012195472	0.00653020800817349	0.00688001929680261	1.83424441738962	0.00822338885893373	0.00880899003944362
700	1.43089488572463	0.00648730100173176	0.00699860949516241	1.82429735900987	0.00806731178523705	0.00890700644172512
710	1.4256514227931	0.00645571667754548	0.00698192343710173	1.81374502612481	0.00804358807003515	0.00903748687533557
720	1.42024444230655	0.00629600726467904	0.00682400181617036	1.80267116740814	0.00791560486960392	0.0089282329237479
730	1.41409254851371	0.00627336190016812	0.00688419081131779	1.78930944719654	0.00800737818893752	0.00871596810352044
740	1.40836580036396	0.00625905956468753	0.00686571696132205	1.77777497077456	0.00784755526547215	0.00885206731178387
750	1.40154893518064	0.00627514969210318	0.00678645818553384	1.76778603805796	0.00798740032350438	0.00880149833990615
760	1.3966652108702	0.00625190839694724	0.00692948154033962	1.75626678866756	0.0077445443968324	0.00879400664036874
770	1.39162887017506	0.00642234456142412	0.00670600754845559	1.74949456637228	0.00812599676494702	0.00880149833990619
780	1.38788613502643	0.00631090553080463	0.00697715599194153	1.7385767847293	0.00770833451573471	0.00864916711597821
790	1.38170153772259	0.00640208291949332	0.00685439427906658	1.72900659538116	0.00774516870512718	0.00871784102840475
800	1.37618191180922	0.00645273702432037	0.00692948154033963	1.71944782630671	0.00795056613411193	0.00859048213626823
810	1.36895806960003	0.00631865262918995	0.0067679843355381	1.70934849761116	0.00769210250007028	0.00858299043673083
820	1.36199222175545	0.00617503334373915	0.00673997559522196	1.69914638645245	0.00774953886319067	0.00843627798745596
830	1.35492099593096	0.00614642867277798	0.00659993189364131	1.68908131857795	0.0076633843185101	0.00834013451005886
840	1.35025529502724	0.00627336190016812	0.00659099293396594	1.68166194744052	0.00764527937796128	0.00831516217826742
850	1.34492462273303	0.00622509151792116	0.00653437952268866	1.67260567040821	0.00765214676920397	0.008339510201764
860	1.33875456032296	0.00597837623088119	0.00640327478078336	1.66322581895482	0.00751417463605613	0.00808167087601719
870	1.33380906271395	0.00609637049859598	0.0065725190839702	1.65535344362787	0.00744799795680875	0.00805857146911005
880	1.3279769365843	0.00599208263571675	0.00646882715173602	1.64801782116413	0.00734873293793763	0.00815471494650718
890	1.32365643940787	0.00608564374698553	0.00638003348562741	1.64055276893195	0.0074080422259424	0.00786129004795748
900	1.32002634968605	0.00595096342121009	0.00633831834047574	1.6330648761524	0.00729004795822766	0.00792746672720485
910	1.31719931284563	0.00600578904055231	0.00642592014529427	1.62656674042556	0.00732625783932532	0.00780947245949021
920	1.31291151918022	0.00598552739862149	0.00631746076789989	1.62134386859356	0.00738244558585608	0.00795306336729109
930	1.30966660414359	0.00598016402281627	0.00646703935980094	1.61572509394048	0.00743925764068166	0.00789437838758116
940	1.30441224004173	0.00600161752603713	0.006394335821108	1.60794788756091	0.00732563353103053	0.00794744459263803
950	1.30026616159068	0.00611126876472156	0.00641817304690897	1.59879644158122	0.00713022503476232	0.00791061040324561
960	1.29655612995306	0.00610948097278649	0.0063275915888653	1.59264852758073	0.00730940151536607	0.00793058826867876
970	1.29293330767813	0.00610054201311114	0.00628885609693875	1.58497410366432	0.00725446238542485	0.00780510230142668
980	1.28845292667012	0.00603379778086845	0.00609100712279074	1.57857113688486	0.00723448451999168	0.00754414143420588
990	1.28614914600582	0.00597003320185086	0.00620423394534532	1.57364899892657	0.00725383807713005	0.00783943925763991
1000	1.28206120712989	0.00596347796475559	0.00612795482278224	1.56515612206273	0.00703970033201825	0.0076583898521518
1010	1.27855103028176	0.00592950991798922	0.00621257697437566	1.5586503728201	0.00719889894718886	0.00751792048582481
1020	1.27443402161827	0.00584548369704083	0.00602545475183811	1.55324096985125	0.00714708135872151	0.00754101989273192
1030	1.27190131637692	0.00582522205511001	0.00608385595505046	1.54699788690338	0.00697040211129693	0.00744237918215563
1040	1.26929230294322	0.00577814353415311	0.00605763500666939	1.54276857888198	0.00709339084536993	0.00763029597888642
1050	1.26637442301667	0.00581091971962943	0.00606955361956988	1.53656737027096	0.00691234143988178	0.00752166633559353
1060	1.26249360637712	0.0058645534776816	0.00603796929538361	1.53016821024939	0.0069354408467889	0.00726757285961534
1070	1.25992456390132	0.00579423366156875	0.00610292573569123	1.52520039119636	0.00692857345554621	0.00747047305542105
1080	1.25767892281214	0.00582760577769011	0.00614046936632774	1.51836726077476	0.00683742444450734	0.0074417548738608
1090	1.25476831033248	0.00586038196316642	0.00596586168733569	1.5130377997217	0.00687613155878417	0.0074636056641784
1100	1.25201758168441	0.00574655920996683	0.00596586168733569	1.50563746237374	0.00677499361502872	0.00735622463747506
1110	1.24780609621135	0.00563631204063738	0.00602724254377317	1.49920784828901	0.00686863985924673	0.00723011436192814
1120	1.24396161680625	0.00574477141803177	0.00600757683248738	1.49447985498337	0.00689673373251218	0.00719640171400968
1130	1.24040783527678	0.00567981497772414	0.00604154487925374	1.48881159247765	0.00680183887170458	0.00724572206929782
1140	1.23630536150707	0.00575430630835215	0.00609756235988601	1.4842434830036	0.00684429183575005	0.00732563353103052
1150	1.23211567837468	0.00584012032123561	0.00587230057606691	1.47849147182419	0.00680933057124199	0.00722324697068554
1160	1.22978646164626	0.00574953886319195	0.00581091971962944	1.47331808784482	0.00677436930673392	0.00722262266239073
1170	1.22768253577145	0.00568934986804452	0.00583475694543038	1.46905451900237	0.00669695507818039	0.00706279973892535
1180	1.22429590552046	0.0055796986293601	0.00588064360509725	1.46347000517035	0.00661329776667898	0.00712210902693008
1190	1.221272647614	0.00561664632935158	0.00590388490025319	1.45831946173835	0.00664701041459749	0.00719140724765143
1200	1.21753717991226	0.00555884105678424	0.00587528022929203	1.45340493729585	0.00673316495927806	0.00708340191265332
1210	1.21540055052644	0.00566253298901843	0.00575013479383698	1.44926318470605	0.00673753511734154	0.00702097108317465
1220	1.21300592677601	0.00563094866483216	0.00574775107125688	1.44432581971618	0.00665887227219841	0.00708215329606376
1230	1.21160694324958	0.00565538182127816	0.00574238769545166	1.4402373617369	0.00666636397173586	0.00677873946479743
1240	1.2088707494953	0.00552427707937285	0.00592533840347405	1.43547130085231	0.0065190272141662	0.00700161752603625
1250	1.2045684209361	0.00550580322937712	0.00581032378898441	1.43115063064143	0.0065633531030961	0.00685740230994056
1260	1.20136347685737	0.00562260563580183	0.00582403019381996	1.42663962253581	0.00649030903260603	0.00701847384999552
1270	1.19813673043798	0.00552010556485768	0.00564465506966772	1.41987882051421	0.00637481199807052	0.00684179460257089
1280	1.19643978158904	0.00554453872130366	0.00576682085189765	1.41538303944016	0.00633423195890938	0.00673815942563633
1290	1.19385620421945	0.00554036720678851	0.00568279463094925	1.41017920139764	0.00634484519992077	0.00669882800306475
1300	1.19203207504993	0.00550937881324724	0.00576086154544741	1.40549308242884	0.00636669599023828	0.00681994381225334
1310	1.18931041618942	0.00548911717131643	0.00573225687448625	1.40070418099688	0.0064322483611909	0.00695354578733769
1320	1.18639980370976	0.00551414625840744	0.00569709696642983	1.39403093440687	0.00633735350038332	0.00680059025511497
1330	1.18304951069322	0.00546230029229035	0.00568339056159429	1.39017468865919	0.00646034223445628	0.0068230653537273
1340	1.1799572120413	0.00544561423422966	0.00564048355515255	1.38399251383764	0.00631175686029708	0.00685802661823535
1350	1.1778060477617	0.0054265444535889	0.00574357955674171	1.37901327451093	0.0063660716819435	0.00672067879338232
1360	1.17522247039211	0.00550997474389228	0.00553679162291835	1.37461266238426	0.0064397400607283	0.00672504895144578
1370	1.17327479462545	0.00547302704390078	0.00569888475836491	1.36910428371013	0.00623808848151224	0.00679434717216715
1380	1.17128714790089	0.00549507647776668	0.00551533811969749	1.3637519821097	0.00631924855983449	0.00661829223303729
1390	1.16881984968155	0.00543905899713441	0.00567564346320896	1.35915722533038	0.00612633729674543	0.0066457617980079
1400	1.16683583668044	0.00550222764550696	0.00568279463094925	1.35505354031953	0.00625369618888189	0.00648156871647903
1410	1.1637907764333	0.00543727120519934	0.00540449501972301	1.35216801783508	0.00628054144555773	0.00640228156304115
1420	1.16241359524754	0.00530616646329404	0.00552725673259797	1.3487000613927	0.00617690626862317	0.00659082266806668
1430	1.16100371055078	0.00538900082295238	0.0056118788841914	1.34607339844512	0.00634484519992077	0.00644848037685531
1440	1.15842376690464	0.00536337580521635	0.00554155906807855	1.34288333532907	0.00622747524050086	0.00644286160220227
1450	1.1568067599715	0.00536337580521635	0.00548017821164107	1.34104086450787	0.00621623769119471	0.00652839183858803
1460	1.15429585707082	0.00528709668265327	0.00554930616646386	1.33670116050752	0.006054541842845	0.00629427622804307
1470	1.15239905343239	0.00540747467294814	0.00555049802775391	1.33405165701257	0.0061893924345189	0.00646845824228852
1480	1.15062943011454	0.00541700956326852	0.005478390419706	1.33091108174916	0.00613382899628287	0.00635108828286862
1490	1.1486672194541	0.00527756179233288	0.00561843412128665	1.32852805130687	0.00619064105110848	0.00649717642384869
1500	1.14736998018413	0.00544323051164957	0.00544323051164958	1.32541031659083	0.00615006101194734	0.00640665172110461
1510	1.14604367112661	0.00529246005845849	0.00542654445358892	1.32294353747484	0.00613507761287246	0.00622248077414258
1520	1.14498262388059	0.00536754731973152	0.00544740202616474	1.32094879633784	0.00604580152671799	0.00629739776951697
1530	1.14453204217338	0.00537767814069692	0.00540985839552824	1.31893502141136	0.00623309401515395	0.00617628196032837
1540	1.14245355236269	0.00529663157297365	0.00536754731973151	1.31848201722185	0.00620250290870941	0.00636732029853306
1550	1.14143974352146	0.00524061409234139	0.00542654445358891	1.31595052322165	0.00613944777093598	0.00639354124691409
1560	1.13973552722563	0.00529722750361868	0.00536397173586137	1.31336192785302	0.00614381792899949	0.00633048610914066
1570	1.13887070104565	0.00535741649876611	0.00542237293907374	1.31086088791597	0.00614132069582033	0.00634546950821554
1580	1.13747171751922	0.005280541445558	0.00537291069553673	1.3086910359158	0.00603955844377012	0.00626056358012456
1590	1.13612360612103	0.00534251823264051	0.00550997474389227	1.30549335928396	0.00601084026220993	0.00627429836260986
1600	1.13538232653819	0.00529961122619877	0.00532881182780496	1.30165614732576	0.0058491444138602	0.00617440903544403
1610	1.13393973833042	0.00522631175686081	0.00552427707937285	1.29939112637821	0.00604330429353883	0.00618065211839188
1620	1.13210107426712	0.00529246005845849	0.00530735832458409	1.29669594178852	0.00596339283180615	0.00617066318567527
1630	1.1310400270211	0.00521796872783048	0.00538840489230736	1.29482301690416	0.00590970231845449	0.00607576832486775
1640	1.12940485147073	0.00523584664718121	0.00528828854394333	1.29251612161976	0.00599648117142984	0.00615630409489519
1650	1.1289688046573	0.00534549788586562	0.00541820142455856	1.28998843437745	0.00598274638894452	0.00620125429211983
1660	1.12715557665811	0.00526862283265751	0.00530795425522912	1.28727040924039	0.00602644796957959	0.00617690626862316
1670	1.12645426803317	0.00530974204716418	0.00545395726326001	1.28430875159805	0.00593779619171988	0.00625494480547148
1680	1.12463377258709	0.0052012826697698	0.00539138454553248	1.28183816572417	0.00594341496637297	0.00628303867873687
1690	1.12365266725687	0.00536993104231162	0.00535682056812109	1.27896406351341	0.00602332642810565	0.00626618235477764
1700	1.12092374094947	0.00517089020687357	0.00528232923749308	1.27483373119729	0.00586600073781943	0.0060589120009085
1710	1.1192485944412	0.00510295411334083	0.00548673344873634	1.27187968707073	0.00593842050001469	0.00609761911518526
1720	1.11658507515582	0.00512917506172189	0.00532166066006466	1.26887234833365	0.00598524362212367	0.00605953630920329
1730	1.11470644013462	0.00519711115525463	0.00537767814069694	1.26623807187028	0.00584852010556541	0.00605579045943456
1740	1.11250077000334	0.00510295411334083	0.00529067226652341	1.26505417016492	0.00593842050001468	0.00608825449076347
1750	1.11225731053251	0.00525491642782198	0.00524836119072671	1.26203541115415	0.00582854224013224	0.00608513294928953
1760	1.11115265860515	0.00520426232299493	0.00538542523908223	1.25970186856449	0.00584040409773318	0.0060214535032213
1770	1.10781326675895	0.00509759073753561	0.00525491642782197	1.2583923438486	0.00582791793183746	0.00607514401657295
1780	1.10753347005366	0.00522511989557077	0.00534311416328554	1.25557534300627	0.00579857544198248	0.00594840943273127
1790	1.10532416619894	0.00511487272624132	0.00525253270524188	1.2547035954483	0.00591719401799193	0.00601770765345259
1800	1.10334742064471	0.00512500354720672	0.00532761996651491	1.25302862197448	0.00575487386134738	0.00596776298986965
1810	1.10141791349527	0.00516731462300343	0.00524299781492149	1.25018116706899	0.00574176338715685	0.00587536536224124
1820	1.09958651687886	0.00507554130366973	0.00517208206816362	1.2494045884584	0.00582354777377394	0.00592593433411894
1830	1.09800948090361	0.00515122449558778	0.00527875365362294	1.24790853260565	0.00590096200232748	0.00592468571752937
1840	1.09607997375417	0.00515539601010295	0.00525491642782197	1.24608890233182	0.00590470785209619	0.00598024915576537
1850	1.09448840288515	0.00508090467947493	0.00520902976815512	1.24493926144752	0.00577422741848578	0.00588910014472653
1860	1.09242081424479	0.0050773290956048	0.00519949487783473	1.24324525418422	0.00580731575810949	0.00594154204148862
1870	1.09152691827725	0.0051196401714015	0.00516314310848827	1.24094597241562	0.00568932149039473	0.00587037089588295
1880	1.09102546444181	0.00513155878430199	0.00519889894718972	1.2380376093838	0.00561315587843071	0.0057299015295559
1890	1.09009523123982	0.00504812849399862	0.00514824484236267	1.23594769929943	0.00562127188626294	0.00591095093504407
1900	1.08980089964075	0.00510533783592093	0.00516016345526314	1.23411664875191	0.00570805073923835	0.00598087346406016
1910	1.08850729409424	0.00507792502624981	0.00526325945685231	1.23262439965705	0.00587973552030473	0.00601521042027342
1920	1.0871882524836	0.00512738726978682	0.00521677686654043	1.23024517597265	0.00565498453418145	0.00586225488805071
1930	1.08547313501744	0.00517565765203377	0.00505051221657872	1.22824662807775	0.00573676892079855	0.00586849797099858
1940	1.08529144884517	0.00502429126819766	0.00522869547944092	1.2263660896776	0.00567059224155113	0.00580669144981471
1950	1.08404144798	0.00506660234399437	0.00517684951332382	1.22493094195117	0.00576923295212749	0.0058909730696109
1960	1.08202836519132	0.00500104997304171	0.00509878259882567	1.22190837618251	0.00566559777519282	0.00586724935440901
1970	1.08035321868305	0.00496410227305022	0.00506362269076924	1.21950631195074	0.00565935469224495	0.00576923295212748
1980	1.0797790903787	0.00506123896818914	0.00515539601010295	1.2176143532769	0.00566372485030847	0.00585476318851328
1990	1.07823839163791	0.00499091915207631	0.00508745991657021	1.21372384670817	0.00549516161071595	0.0058260450069531
2000	1.07690118141005	0.00504336104883843	0.00504932035528867	1.21042719437106	0.00555010074065721	0.00580731575810949
