Distance from Center (cmd=annotatePeaks.pl /data/mm10/External/GSE39756-Th17-AP1-Factors-2012/CD4TCell-Th17-JunD/peaks.txt mm10 -size 4000 -hist 10 -d ../tag-dirs/h3k27ac/AND-CD4TCell-H3K27Ac-No-Peptide-24h-MNase-Combined ../tag-dirs/h3k27ac/AND-CD4TCell-H3K27Ac-1uM-PCC-24h-MNase-Combined)	../tag-dirs/h3k27ac/AND-CD4TCell-H3K27Ac-No-Peptide-24h-MNase-Combined Coverage	../tag-dirs/h3k27ac/AND-CD4TCell-H3K27Ac-No-Peptide-24h-MNase-Combined + Tags	../tag-dirs/h3k27ac/AND-CD4TCell-H3K27Ac-No-Peptide-24h-MNase-Combined - Tags	../tag-dirs/h3k27ac/AND-CD4TCell-H3K27Ac-1uM-PCC-24h-MNase-Combined Coverage	../tag-dirs/h3k27ac/AND-CD4TCell-H3K27Ac-1uM-PCC-24h-MNase-Combined + Tags	../tag-dirs/h3k27ac/AND-CD4TCell-H3K27Ac-1uM-PCC-24h-MNase-Combined - Tags
-2000	1.00180013090067	0.00480498199114744	0.0047660086332524	1.09646958076374	0.00522372219625382	0.00517140029143956
-1990	1.00145510930413	0.0047102911660395	0.00474666630007487	1.09679046090747	0.00516383932253581	0.00512754667179761
-1980	1.00148679496095	0.00473425256385645	0.0046687195842848	1.09762032334813	0.00522281487998535	0.00522160512496079
-1970	1.00164522324508	0.0047079816337198	0.00475330620549402	1.09872127418607	0.00526787825465196	0.0051626295675112
-1960	1.0017983705864	0.00473338648923656	0.00467882378818352	1.09900527155465	0.00518954661680869	0.00508550768469252
-1950	1.00266796583483	0.00478275274257027	0.00471779714607855	1.09934274894719	0.00517805394407491	0.00504709796266125
-1940	1.00354636265459	0.00476658601633233	0.0047888152649095	1.10122561461811	0.00534227818866527	0.00510637595886696
-1930	1.00350235479789	0.00473685078771612	0.00466063622116583	1.10193007562329	0.00525547826564975	0.00512240521294299
-1920	1.00559536846262	0.00483616067746347	0.00469730004674116	1.10355107359072	0.00527543922355576	0.00508732231722942
-1910	1.00726942733156	0.00483327376206383	0.00475648181243362	1.10613102371179	0.00536526353413284	0.00514327348711748
-1900	1.00802284183829	0.00481826180198575	0.00471577630529881	1.10843250888056	0.00532897088339462	0.00518712710675946
-1890	1.01002255884682	0.00482519039894486	0.0046970113552012	1.1102157910586	0.00533169283219999	0.005196200269444
-1880	1.01078477492489	0.00482663385664468	0.00468228808666307	1.11228491474398	0.00535256110637446	0.00520618074839703
-1870	1.01285314418987	0.0048335624536038	0.00465746061422624	1.11396308101287	0.00531838552692934	0.00516716614885343
-1860	1.01453776494441	0.00480122900112792	0.0047801545187106	1.11638443520084	0.00536828792169435	0.00519226856561402
-1850	1.0157840674462	0.00483818151824321	0.00469672266366124	1.11868223209209	0.0053558879326921	0.00521404415605696
-1840	1.01734546620198	0.00484222319980269	0.004769184240192	1.12055956534674	0.00534379038244604	0.00524670754172134
-1830	1.01690362732069	0.0047157763052988	0.00471144593219936	1.12167526929474	0.00529177091638795	0.0052206978086923
-1820	1.01802494750945	0.00481306535426641	0.00475850265321336	1.12283892085043	0.0053459074537391	0.00519831734073706
-1810	1.0180390300236	0.00477755629485093	0.00471086854911943	1.12466092994236	0.00532473674080849	0.00520708806466546
-1800	1.01936102603892	0.00480122900112792	0.00481883918506567	1.12544837719161	0.00535074647383756	0.00524761485798979
-1790	1.01954057809426	0.00476110087707303	0.00476543125017248	1.12659543149848	0.00535830744274131	0.00511363448901457
-1780	1.02036088454318	0.00480324984190765	0.00477207115559163	1.12897068221753	0.00531294162931859	0.00516898078139037
-1770	1.02086081379531	0.00486329768222	0.00471924060377836	1.130932845855	0.00539369277721107	0.00520557587088475
-1760	1.02257712020668	0.0048664732891596	0.00482778862280453	1.13239340375056	0.00535498061642367	0.00522765390008378
-1750	1.02345199639791	0.00489418767699607	0.0048217261004653	1.13386502647867	0.00538189766572119	0.00529146847763181
-1740	1.02460324192922	0.00495077121882885	0.00487571141843842	1.13510982013966	0.00542181958153315	0.00534953671881294
-1730	1.02531616920779	0.0049660718704469	0.00481595226966604	1.13668655877692	0.00549107805669191	0.0053008440790725
-1720	1.02694798053429	0.00496953616892646	0.00483875890132313	1.13893087564421	0.00546295125236984	0.00541788787770325
-1710	1.02885616120087	0.00495250336806864	0.00485896730912055	1.1400428913147	0.00546627807868748	0.00534258062742146
-1700	1.02978560713441	0.00492709851255187	0.00483327376206383	1.14190731559805	0.00546083418107676	0.00538764400208806
-1690	1.03148078977456	0.00494499738802959	0.00483298507052387	1.14380862265654	0.00551285364713486	0.00536375134035209
-1680	1.03321293901434	0.00498281597976477	0.00479863077726825	1.14596073258599	0.00558271699980586	0.00539308789969879
-1670	1.03506831025289	0.00491612823403327	0.00482259217508519	1.14779933892674	0.00553583899260236	0.00531929284319776
-1660	1.0369254418057	0.00496347364658723	0.00478737180720968	1.15022622553098	0.00551890242225786	0.00527029776470118
-1650	1.03910647118383	0.00488119655769772	0.00475850265321336	1.15289100603488	0.00550559511698721	0.0053096148030009
-1640	1.04054464794085	0.00489996150779533	0.00484193450826273	1.15570885005562	0.0055424926452377	0.00533018063841923
-1630	1.04176278541435	0.00497761953204543	0.00479256825492902	1.15829433259296	0.00560177064144344	0.00530386846663405
-1620	1.04373609770885	0.00497906298974525	0.00485059525446162	1.16084477649393	0.00564380962854853	0.00534741964751988
-1610	1.0452165220083	0.00483211899590398	0.00480353853344761	1.16362758187827	0.00546446344615058	0.00533955623985992
-1600	1.04624806616939	0.00491266393555371	0.00485117263754155	1.16733245664114	0.00567526325918839	0.0053740342580612
-1590	1.04719159461707	0.00494066701493014	0.00487600010997839	1.16924851680968	0.00549531219927803	0.00535437573891134
-1580	1.04817737060719	0.00499003326826385	0.00490486926397471	1.17152971645212	0.00556850237826675	0.00539006351213724
-1570	1.04999225461757	0.00503102746693862	0.00484482142366236	1.17485469863103	0.00562173159934949	0.00547535124137204
-1560	1.05044113475593	0.00497155700970621	0.00492305683099239	1.17722626107257	0.00560660966154188	0.0055086195045487
-1550	1.05146739797421	0.00505989662093495	0.00498223859668485	1.1796494593993	0.00571609249126893	0.00554521459404306
-1540	1.05226129970911	0.0050697121332937	0.00495019383574893	1.18259823727178	0.00574361441807872	0.00541304885760474
-1530	1.05433847054543	0.00506480437711432	0.00495336944268853	1.18696700198717	0.00581498996453062	0.00550831706579256
-1520	1.05691028969108	0.00514881361524362	0.00499609579060308	1.18984201430937	0.00573423881663804	0.00557031701080365
-1510	1.05795239573777	0.00508559016799167	0.00494037832339018	1.19199596837757	0.0057989607104546	0.00550831706579254
-1500	1.06085339365155	0.00512340875972685	0.00501370597454083	1.19476586479062	0.00574210222429796	0.00550861950454869
-1490	1.06189373938398	0.00506682521789407	0.00495856589040787	1.19813695043846	0.0057774875587678	0.0055001512193765
-1480	1.06329142891282	0.00507721811333274	0.00496347364658724	1.20149328297624	0.00573423881663804	0.00552071705479476
-1470	1.06486162923994	0.00508847708339131	0.00490111627395519	1.20487358931787	0.00578867779274544	0.0055751560309021
-1460	1.06692295724785	0.00511388193890806	0.00487859833383806	1.20718245104166	0.00575299001951948	0.00548109757773889
-1450	1.06825727546304	0.0050085095268215	0.00498599158670437	1.21016257927301	0.00574149734678571	0.0055449121552869
-1440	1.06898252494149	0.00500764345220161	0.00493575925875077	1.21287715152335	0.00579170218030696	0.00561054136537185
-1430	1.07058265061116	0.00501543812378061	0.00488985730389662	1.21482640618952	0.00577113634488858	0.00560056088641884
-1420	1.07306997467194	0.00511301586428818	0.00496231888042739	1.21752438119105	0.0057351461329065	0.0055612438481191
-1410	1.07361919272358	0.00500677737758172	0.00495625635808815	1.2198479960249	0.00580319485304072	0.00560419015149266
-1400	1.07505032822352	0.00507721811333274	0.00505036980011616	1.22230807712677	0.00574119490802952	0.00573454125539421
-1390	1.07539006887725	0.00510117951114969	0.00494153308955003	1.2238258033238	0.00582043386214141	0.00570066811470515
-1380	1.07677015526342	0.0051332242720856	0.00500215831294231	1.22609040571742	0.00589332160237404	0.00568826812570289
-1370	1.07829458741957	0.00515660828682262	0.00514621539138394	1.22862794064709	0.00593959473206533	0.00580863875065149
-1360	1.07953032803575	0.00521203706249556	0.00513697726210513	1.23113043694037	0.00607115559099149	0.00570883396112128
-1350	1.08064988791024	0.00527554920128747	0.00511936707816737	1.23451258742075	0.00608627752879907	0.00573514613290651
-1340	1.0824823750633	0.00528911770366574	0.00515083445602337	1.23862870512643	0.00613829699485724	0.00574270710181028
-1330	1.0852108621788	0.00539333534959245	0.00511012894888855	1.24249033168363	0.00612166286326889	0.0058152924032868
-1320	1.08838294848986	0.00543346347364734	0.00506682521789407	1.24670234460468	0.00611319457809665	0.00580440460806531
-1310	1.09118184817609	0.00527785873360717	0.00504834895933642	1.25046069939149	0.00613406285227114	0.00581801435209215
-1300	1.09439970265812	0.00533617442467974	0.00502640840229922	1.25483868480066	0.00616460916664251	0.0058134777707499
-1290	1.09796785967949	0.00533299881774015	0.00504546204393678	1.25903410047289	0.0060596629182577	0.00577567292623091
-1280	1.10132829961724	0.00525245387809041	0.00500764345220161	1.26472326853831	0.00617065794176557	0.00576841439608323
-1270	1.10528724640612	0.00530874872838323	0.00505325671551579	1.26913629258387	0.00619243353220849	0.00580742899562685
-1260	1.10793299875103	0.00525678425118985	0.00507866157103256	1.27209429115013	0.00597770201534052	0.0057708339061325
-1250	1.11001721084442	0.0052469687388311	0.00507779549641267	1.27732980108132	0.0061875945121101	0.00579593632289307
-1240	1.11244116359155	0.00531856424074198	0.00506451568557436	1.28128179043763	0.00616672623793562	0.00580500948557764
-1230	1.11524886484912	0.00528334387286646	0.00505614363091543	1.28543847919596	0.00618124329823092	0.00575299001951949
-1220	1.11740877045604	0.00521232575403552	0.00500186962140235	1.29075513123246	0.00623356520304523	0.00586126309422191
-1210	1.11977639314659	0.00524725743037107	0.00519644771933754	1.29492288482333	0.00616733111544787	0.00585158505402506
-1200	1.12139412195894	0.00529056116136554	0.00516209342608193	1.29864804511252	0.00620332132743001	0.00588818014351945
-1190	1.12384271910583	0.00543202001594752	0.00514765884908377	1.30154149882229	0.00630252123944789	0.0059858678617566
-1180	1.12627019248149	0.00539131450881271	0.00524725743037107	1.30398129439783	0.00627197492507651	0.00602820928761793
-1170	1.12899163833992	0.00550217206015857	0.00529922190756445	1.30770829882578	0.00640323334524649	0.00601883368617719
-1160	1.1309667109487	0.00549986252783887	0.00530874872838323	1.31201436282343	0.00638841384619509	0.00610442385416823
-1150	1.13338186212449	0.00555731214429156	0.00528334387286647	1.31629092060096	0.00647884303428457	0.00606238486706309
-1140	1.13634799166618	0.00555731214429155	0.00533184405158028	1.32159466366616	0.00644134062852169	0.00612831651590424
-1130	1.1401009816857	0.00555384784581199	0.00533761788237955	1.32624189333386	0.00645585768881699	0.0061355750460519
-1120	1.14388741767632	0.00564218745704073	0.0053976657226919	1.33197347659069	0.00664367215638746	0.00630615050452169
-1110	1.14660006196341	0.00557896400978879	0.00533213274312025	1.33643629238269	0.00653751615297809	0.00611258970058434
-1100	1.14969469444667	0.00556741634819027	0.00529344807676518	1.34123842970598	0.00657653075252172	0.00609746776277673
-1090	1.15244430533339	0.00550852327403777	0.00527352836050772	1.34777036918336	0.00654054054053959	0.00612619944461118
-1080	1.15563751541567	0.00547763327926171	0.00524610266421121	1.35278273832495	0.00650727227736289	0.00614192625993112
-1070	1.15809139350536	0.00549697561243925	0.00522387341563405	1.35600076045595	0.00641200406917494	0.00607871655989536
-1060	1.1602442578552	0.00541729674740939	0.00528420994748635	1.35996750292231	0.00651543812377896	0.00614132138241882
-1050	1.16251506326101	0.00541816282202928	0.00529662368370478	1.36365762457511	0.00655959418217717	0.0061679359929602
-1040	1.16366454847806	0.0053638888125162	0.00526717714662853	1.36727029240012	0.00651906738885279	0.00620392620494229
-1030	1.16585261911327	0.00545944571224402	0.00532087377306169	1.37142329288094	0.00653267713287965	0.00611440433312128
-1020	1.16766926343791	0.00552728822413538	0.00538467460339355	1.37546748917509	0.00656685271232482	0.00619515548101392
-1010	1.17010905901346	0.00565315773555933	0.00548773748316042	1.38021061405816	0.00665667702290204	0.00631552610596243
-1000	1.17086599414873	0.00554547579115306	0.00545742487146429	1.38439312075909	0.00666363311429352	0.006366335816996
-990	1.17394654411785	0.00572677407824995	0.00547994281158141	1.38935200987673	0.00682392565505409	0.00647672596299148
-980	1.1769425990021	0.00576228313766543	0.0056785625910761	1.39384248775008	0.00681848175744336	0.00651392592999821
-970	1.17945456746263	0.00584571499271479	0.00557896400978879	1.39983962698792	0.00698149624700938	0.00661403315828456
-960	1.18463341203929	0.00601229001127356	0.00563121717852213	1.40616317878575	0.00709491078056641	0.00656745758983714
-950	1.1890429992808	0.00601633169283305	0.00564276484012066	1.4122156421863	0.00709793516812796	0.00658378928266938
-940	1.19339801678	0.00593780759396305	0.00551169888097737	1.41889880104176	0.0071659838882621	0.00652088202138972
-930	1.19816142718939	0.00590027769376784	0.00551545187099688	1.42595447592613	0.00708795468917489	0.00669599406120179
-920	1.20293187885585	0.00592914684776416	0.00558935690522747	1.43254727198249	0.00710368150449478	0.00654416980561344
-910	1.20757910852355	0.00587747106211075	0.00545078496604513	1.43970621863725	0.00707555470017263	0.00650727227736285
-900	1.21164543448279	0.00578913145088201	0.00545482664760461	1.44610538012413	0.00699782793984158	0.00637087239833829
-890	1.21662712386142	0.00581886667949821	0.00543086524978767	1.45365344005662	0.00701718402023535	0.00640020895768504
-880	1.22002100977026	0.00575881883918587	0.00548340711006097	1.45960263168678	0.00702172060157759	0.00649698935965371
-870	1.22335504499398	0.00567625305875639	0.00535667152401712	1.46467032499108	0.0070186962140161	0.0064461796486201
-860	1.22663627078966	0.00563814577548125	0.00547157075692248	1.47064902284135	0.00701446207142993	0.00650092106348371
-850	1.229324270677	0.00572273239669047	0.00550448159247828	1.47603759628938	0.00708281323032028	0.00654779907068727
-840	1.23167957116767	0.00577844986390337	0.00551487448791696	1.48156263600542	0.00699087184845006	0.00660495999560001
-830	1.234682667309	0.00583763162959583	0.00571262819279176	1.48815543206178	0.00719743751890201	0.00669992576503179
-820	1.23789348053395	0.00598255478265735	0.00568318165571551	1.49545637740084	0.00739855929174307	0.00687443292733156
-810	1.24137010121339	0.00598399824035717	0.00581136069945917	1.50247516951007	0.00741065684198916	0.00687624755986845
-800	1.24558429357114	0.00622823128316604	0.00588930741524924	1.51113340097429	0.0075428225784276	0.00701990596904067
-790	1.25028433266688	0.00632205603365407	0.00591211404690633	1.51910376868215	0.00775090044266027	0.00699117428720623
-780	1.25585396701105	0.00646957741057528	0.00599641197657559	1.52894409308963	0.00787036375134035	0.00708099859778345
-770	1.26139015538412	0.00636218415770896	0.00602787935443157	1.53756544177871	0.00791966126859314	0.00717354485716588
-760	1.26771496454929	0.00655560748948431	0.00591673311154574	1.5481692396316	0.00788760276044101	0.00723161309834713
-750	1.2749745005908	0.00648718759451304	0.00596148030024004	1.5576222949001	0.00793024662505851	0.00712454977866932
-740	1.28193302289248	0.00648285722141359	0.00593405460394354	1.56775399323119	0.00788669544417253	0.00716084242940758
-730	1.28831416211422	0.00645110115201764	0.00579721481400098	1.57682346763823	0.0078001979599131	0.00697363283934938
-720	1.29482732490608	0.00631137444667544	0.00576459266998513	1.58669883068209	0.00783649061065132	0.00701718402023537
-710	1.29924043277612	0.0062449753924839	0.00573918781446837	1.59590845963467	0.0077533199527095	0.00683693052156863
-700	1.30432598069657	0.00613238569189825	0.00567971735723594	1.60423659026139	0.00769011025267374	0.00687171097852618
-690	1.30936752076032	0.00614884110967616	0.00563727970086136	1.6139035656257	0.00779898820488847	0.00687896950867381
-680	1.31381407460146	0.00609716532402274	0.00573774435676856	1.6225802384775	0.00777358334937169	0.00701899865277222
-670	1.31845250269782	0.00622188006928684	0.00574467295372767	1.63035881575463	0.00779414918479002	0.00711366198344784
-660	1.32311909582246	0.00617395727365296	0.00582175359489784	1.63963114542494	0.00783497841687056	0.00720136922273193
-650	1.32650594047423	0.00619936212916971	0.00596696543949934	1.64697081767789	0.00791512468725088	0.00734805201946574
-640	1.33113908762778	0.00636680322234838	0.00608504027934428	1.65471251217988	0.00803186604712557	0.00753465673201158
-630	1.33638834477516	0.00647477385829462	0.00618983530835094	1.66440899376431	0.00832099749800695	0.00766591515218156
-620	1.34142108326757	0.00663384289681435	0.00627211239724045	1.67306906936729	0.00835396332242748	0.00770160292540754
-610	1.34762267043397	0.00683534959170866	0.00651316983310973	1.68301266554516	0.00858442165461542	0.00782257842786829
-600	1.35290713386671	0.00694014462071531	0.006534533007067	1.69391336973793	0.00875046053174285	0.00803851969976084
-590	1.35961745185659	0.00699990376948769	0.00648776497759296	1.70397130251874	0.00879431415138488	0.008017046548074
-580	1.36651964410168	0.00713039234555105	0.00644013087349903	1.71484065635263	0.00890954331747892	0.00788548568914798
-570	1.37293598960879	0.00694793929229431	0.00648834236067289	1.72627616078494	0.00885964092271378	0.00798710511121507
-560	1.37887881057779	0.00703021638118383	0.00628972258117821	1.73698507454697	0.0087776800197966	0.00786582716999804
-550	1.38452061780694	0.00682928706936943	0.0062010942784095	1.74684015206451	0.00875499711308516	0.00769555415028444
-540	1.38938436612962	0.00666271205081067	0.0060668527123266	1.7559631064955	0.00850820708806502	0.00767589563113454
-530	1.3954820947542	0.00656311346952336	0.00612141541337965	1.76604870135766	0.00857565093068692	0.00754191526215921
-520	1.39974909654	0.00652269665392851	0.0059955459019557	1.77554417181758	0.00854268510626643	0.00767801270242763
-510	1.40465861303364	0.0066003546781786	0.00595281955404114	1.78423928605695	0.00852453878089728	0.00755824695499139
-500	1.41052398017484	0.00661911962827621	0.00608706112012403	1.79407038977064	0.00864611916087036	0.0077472711775865
-490	1.4159563100061	0.00672882241346223	0.00607897775700506	1.80518870233673	0.00883090924087927	0.00777388578812781
-480	1.42406079689629	0.00684227818866777	0.00627442192956015	1.81886114708131	0.00908435291853464	0.00797682219350583
-470	1.4311108555399	0.00696179648621254	0.00646062797283642	1.83374519098924	0.0092385966841723	0.0081280415715819
-460	1.43981736990976	0.00721295812598053	0.00668263176706813	1.8506153723385	0.00960666465040934	0.00839569987077649
-450	1.44923329092966	0.00750395919826344	0.00680734651233223	1.86919322617675	0.00998289846306244	0.00847524126364448
-440	1.46035671678958	0.00777994831046827	0.0068437216463676	1.88954145322175	0.0102221275191787	0.00866970938385022
-430	1.47280565929336	0.00805074097495375	0.00698373704324975	1.91140556232503	0.0105218443265253	0.00889472381842738
-420	1.48426706549275	0.00797481509994344	0.00709055291303614	1.93056985228802	0.0104486541475367	0.00869148497429327
-410	1.49625304534402	0.00821789337659245	0.00700019246102765	1.95125740086431	0.0105318248054784	0.00877435319347886
-400	1.50867558313378	0.00809462208902817	0.00701982348574515	1.97071122061216	0.0105203321327446	0.00897063594622153
-390	1.52047672998691	0.00812349124302449	0.00678627202991491	1.98800555387553	0.0104525858513667	0.00862283137664666
-380	1.53146637196246	0.00795893706524546	0.00664741139919261	2.00709976656575	0.0103579225206911	0.00850729977179656
-370	1.54236095696753	0.00774703747491246	0.00663961672761361	2.02447339779567	0.0101341178411385	0.00846768029474071
-360	1.5530795105458	0.00775829644497102	0.00652962525088763	2.0416792123987	0.010200956806248	0.00832129993676312
-350	1.56366075961115	0.00764772758516511	0.00636218415770896	2.06041566217006	0.0102236397129594	0.00836001209755059
-340	1.57578756460387	0.00762954001814743	0.00642136592340142	2.08009815512378	0.0102928981881184	0.00826625608314342
-330	1.58674904155113	0.00761395067498941	0.00644330648043862	2.10252472654795	0.010501278491107	0.00849580709906276
-320	1.59863820411766	0.00775396607187156	0.00657783673806148	2.1267714629253	0.0110184487641269	0.00870418740205166
-310	1.61265734694856	0.0080619999450123	0.00673084325424197	2.15303937538034	0.0113106046025696	0.00897396277253922
-300	1.62744398680033	0.00821673861043258	0.00699874900332783	2.18301031845949	0.0117945066124118	0.00938527948090596
-290	1.64565091727496	0.0087892139341796	0.0071817794396645	2.2180378900104	0.0126458717109778	0.00970586456242711
-280	1.66607936435589	0.00912640565285663	0.00754899507849769	2.2560953815391	0.0132265541227884	0.00997352286162173
-270	1.68812730056344	0.00953923455500402	0.00767024552528225	2.29946030441051	0.0137524951197358	0.0103542932556172
-260	1.71206405398064	0.00991453355695619	0.00778658821588742	2.34378233529682	0.0141719776745178	0.0103467322867134
-250	1.73984181313076	0.0103455500261212	0.00797394902532354	2.39402036331566	0.0147937917571651	0.0104038932116261
-240	1.76770758799428	0.0103920293640553	0.00801119023397879	2.4445073500667	0.0145306700393133	0.0103902834675993
-230	1.79675277341741	0.0104350444035099	0.00779698111132609	2.49395424255877	0.0143761238349198	0.0102726347914562
-220	1.82459390388118	0.0102228561216369	0.0076595639383036	2.53863403636394	0.0138438316240936	0.0101078056693533
-210	1.84806241370306	0.00977567292623389	0.00750367050672348	2.57572151090645	0.0132555882433789	0.00989216683621686
-200	1.86943086860314	0.00931405515383274	0.00733478595584499	2.60570720709566	0.0123863792581999	0.00977814742514746
-190	1.88658513114547	0.00895636633581832	0.00716647878804645	2.62879398019484	0.0116980286491996	0.00960364026284779
-180	1.90136120911163	0.0085164004289144	0.00725279755849544	2.64480848116083	0.0111122047785341	0.00980445959693271
-170	1.91113623424221	0.0082277088889512	0.00721035990212085	2.65279729025626	0.0107338538945879	0.00995537653625255
-160	1.91755962100639	0.00779207335514672	0.00727416073245271	2.65498628296085	0.0102632591900153	0.0101304885760646
-150	1.92202553830448	0.00768410271920048	0.00745430425338976	2.65348699815139	0.0102290836105702	0.0104625663303195
-140	1.92186711002036	0.00747768826812679	0.00779669241978612	2.64595000305143	0.00990849852904904	0.0110184487641269
-130	1.91819157382863	0.00745834593494925	0.00812233647686461	2.63344489814005	0.010077561793738	0.0116705067223897
-120	1.90896928737822	0.00744766434797062	0.0085649006076282	2.6152100541106	0.0101274641885031	0.0123745841467102
-110	1.89336762202033	0.00728715185175108	0.00904239641472735	2.588073552301	0.0102496494459886	0.0131237249456969
-100	1.87233362683119	0.00733998240356434	0.00949390998322979	2.55447150000927	0.0103276786450759	0.0136106513431009
-90	1.84598700318101	0.00742861070633305	0.00988479832833997	2.51700597702157	0.0106921173462391	0.0141247972285584
-80	1.8143717589265	0.00738559566687853	0.0102101536938785	2.47247187017821	0.0107166148854874	0.0145079871326021
-70	1.77954394113276	0.00754293255615847	0.0104107943141529	2.42496501165852	0.0108838635176394	0.0146891479475368
-60	1.74387117249036	0.00759489703335185	0.0103045558274465	2.37765178770832	0.0107982733496484	0.0144465920651032
-50	1.71064700099483	0.00774241841027305	0.0101033378240921	2.3330900187836	0.0108176294300421	0.0137857633829122
-40	1.68032558772735	0.00779438288746643	0.00959466333067697	2.29396477091458	0.0107550246075187	0.0129216958565879
-30	1.65661943547928	0.0078495229715994	0.00915902779687249	2.2624890106097	0.0105841467102927	0.0121876769954086
-20	1.63910606882627	0.00792573753814968	0.00885734513761094	2.2412869473202	0.010562975997362	0.0117530725028191
-10	1.62737533454386	0.00811714002914528	0.00849157295647756	2.22518023941635	0.0104988589810577	0.0107774050754738
0	1.62166839568678	0.00800657116933937	0.00807123807429114	2.21942099407817	0.0104147810068474	0.0104501663413173
10	1.62420148791853	0.00831171812708048	0.00797654724918321	2.22376394085096	0.0108167221137734	0.0104374639135589
20	1.63350122819674	0.00872541310384776	0.00798722883616185	2.23595554217364	0.0114878337136745	0.0105520882021405
30	1.64891453992794	0.00901814632537043	0.00787117483709664	2.25759466634856	0.0121280965604468	0.0104583321877335
40	1.66970737206236	0.00940816859586073	0.0077969811113261	2.28740885763336	0.0129331885293217	0.0106993758763866
50	1.69790760663682	0.00990183112919781	0.00771470402243658	2.32666319521537	0.0138196365236014	0.0107707514228385
60	1.73135181741585	0.0103059992851463	0.00765234664980453	2.3713706511019	0.0143017239009067	0.0107302246295141
70	1.76793114790632	0.0104688213136855	0.00758450413791318	2.42042105376121	0.0145705919551254	0.0108926342415679
80	1.80498576324916	0.0104714195375452	0.00743351846251242	2.46987532280832	0.0147553820351341	0.0106337466663018
90	1.84033815469478	0.0101659838882641	0.0074580572434093	2.51877635022832	0.0144529432789825	0.010696049050069
100	1.86998888822612	0.00981147067718931	0.00732727997580596	2.56053502824236	0.0140966704242364	0.0105212394490132
110	1.89448014063775	0.00933368617855021	0.00745632509416951	2.59426248196957	0.0131524566275313	0.0104643809628565
120	1.91111863109953	0.00876121085480319	0.00738790519919824	2.62186186260719	0.0125188474333942	0.0101927909598319
130	1.92134605699701	0.00833510214181749	0.00726405652855402	2.64068314276137	0.0118761650765726	0.0100500398669282
140	1.92764094081962	0.00783913007616071	0.00739396772153746	2.65461561107068	0.0110480877622298	0.0099069863352683
150	1.92894181306372	0.00763473646586676	0.00756285227241594	2.66267634157763	0.010531219927966	0.0100506447444405
160	1.92621156563395	0.00737837837837944	0.00772105523631577	2.66401887459275	0.0101761568282436	0.0101864397459527
170	1.91964031247125	0.00721324681752049	0.00801840752247788	2.66103321394513	0.00981020593329961	0.0105705369662658
180	1.91207800237563	0.00716878832036615	0.00831604850017994	2.6552499948031	0.00981655714717877	0.0109809463583642
190	1.89975580249915	0.0073001429710494	0.00882010392895569	2.63941806357405	0.00952863545132213	0.0116187896950879
200	1.88271596038425	0.00723576475763762	0.00924650133348134	2.61862171081109	0.00971675235764855	0.0122853647136454
210	1.8632257608082	0.00745921200956914	0.00975604190151641	2.5883520172533	0.0098761375821408	0.0130738225509322
220	1.83983646512838	0.00769391823155923	0.0101218140826498	2.55091415634697	0.0100349179291206	0.0136790025019909
230	1.81204638377839	0.00774184102719312	0.0104211872095916	2.50788302259057	0.0102163811828118	0.0143954799153136
240	1.78278291938602	0.00786453493167749	0.0104913392538027	2.4609035877554	0.0104159907618722	0.0146809821011206
250	1.75292270845677	0.00801321107475853	0.0105848753127507	2.41157103186626	0.0105877759753665	0.0149785818371738
260	1.72427887468676	0.00808682741744915	0.0102447966786741	2.36068755528246	0.0106561271342568	0.0145122212751881
270	1.69737247109934	0.00784548129003991	0.00976585741387513	2.31427427104569	0.0105079321437424	0.0140237826840036
280	1.67249042892019	0.00754986115311759	0.00925400731352038	2.2700757974561	0.01012534711721	0.013375656429571
290	1.65198628832574	0.00741417612933488	0.00870895768606983	2.23154805054436	0.00982079128976489	0.0126558521899309
300	1.63496933029632	0.00712404113167186	0.00837927194743185	2.19785010303726	0.00964416705617212	0.0121217453465674
310	1.61896279265678	0.00681485249237126	0.00803139864177621	2.16752692945552	0.00919111379945637	0.0115483214649045
320	1.60640823129692	0.00669244727942687	0.0078518325039191	2.14244664236	0.00893434329548325	0.0108049270022836
330	1.59322875837189	0.00648545544527324	0.00748634901432568	2.12049585873514	0.00865609963982331	0.0104069175991876
340	1.58242570970876	0.00629953809353694	0.00773606719639384	2.1007801712838	0.00839600230953259	0.0103237469412457
350	1.57083932119633	0.00639942536636422	0.00754553078001814	2.08187221660804	0.00836787550521053	0.0101162739545255
360	1.55990248864883	0.00637806219240694	0.00764974842594486	2.065190137412	0.00843441203156393	0.0102245470292279
370	1.55007641440447	0.00657090814110235	0.00775425476341153	2.04800092005778	0.00848068516125515	0.0101994446124673
380	1.53997221050576	0.00659400346429941	0.00791332380193127	2.03154198165134	0.00858532897088383	0.010296225014436
390	1.52806896542509	0.00681514118391123	0.00797972285612281	2.01269488355456	0.00864581672211428	0.0105275906628923
400	1.51812847075331	0.00693783508839559	0.00801465453245835	1.99491369765934	0.00867606059772946	0.0105780979351697
410	1.50804891125435	0.00708737730609654	0.00821991421737219	1.97578260219397	0.00889986527728193	0.010703912457729
420	1.49553483712265	0.0070406092766225	0.00806719639273165	1.95506739153633	0.0089667042423915	0.0106546149404761
430	1.48367031895587	0.00700856451568659	0.00803024387561636	1.93385426341428	0.00888927992081662	0.0106152979021764
440	1.47184276738873	0.00699124302328879	0.00784259437464028	1.91299152165607	0.00876890929586819	0.0104389761073396
450	1.46196388371633	0.00695862087927294	0.00757988507327377	1.89311354999411	0.00877253856094198	0.0101525666052637
460	1.45293875246394	0.00668580737400772	0.00729783343872971	1.87591326780735	0.00861012894888829	0.00973520112177386
470	1.44494516537265	0.00656657776800291	0.00713270187787076	1.85965902880294	0.00836696818894199	0.00947873305655691
480	1.43698678456671	0.0063258090236736	0.00696930246625159	1.84428259984688	0.00805727090264236	0.00921409914492385
490	1.42995608938005	0.00623689202936493	0.00681976024855064	1.83066547926502	0.0080282367820517	0.00900027494432446
500	1.42341828218844	0.00608273074702458	0.00661305710593699	1.81858637040651	0.00775906628907641	0.00877949465233347
510	1.41949102105638	0.0061225701795395	0.00660988149899739	1.80702730867749	0.00773880289241417	0.0086491435484319
520	1.41511135915743	0.00612516840339917	0.00665347392153183	1.79720358151883	0.00759726155453496	0.00864944598718801
530	1.40935161087231	0.00606714140386656	0.00665318522999187	1.78603732134505	0.00755219817986832	0.00852998267850795
540	1.40325212193346	0.00605184075224852	0.00677299221907661	1.77534500483182	0.00767952489620833	0.00866487036375181
550	1.39749589427687	0.00614479942811667	0.00679204586071418	1.76442401511273	0.00772216876082583	0.00858381677710307
560	1.39191745836137	0.0063390888345119	0.0069903769486689	1.75462795003542	0.00771732974072737	0.00892103599021261
570	1.38528107357075	0.00638066041626661	0.00713934178328992	1.74212100098529	0.00781229551015915	0.00891831404140721
580	1.3772241151658	0.00644936900277785	0.00716214841494701	1.73190816054889	0.00796623683704054	0.0089161969701142
590	1.3695614671569	0.00644994638585778	0.00712173159935216	1.71946206807774	0.00793115394132693	0.00888413846196205
600	1.36216814723102	0.00654608066866553	0.00705793076902029	1.70787534426736	0.00798680267245884	0.00889714332847658
610	1.35559689406832	0.00639249676940511	0.00702097825190499	1.69592163684433	0.00784102719199354	0.00888323114569366
620	1.34904676467684	0.00641790162492187	0.00686364136262505	1.68523300860862	0.00780836380632914	0.00865700695609185
630	1.34251423842804	0.00632234472519404	0.00675595941821878	1.67441897893744	0.0078582662010943	0.00860287041874063
640	1.3372350559381	0.00627066893954063	0.0065902504742799	1.66366764998399	0.00767680294740301	0.00834005113964443
650	1.33235898541555	0.00611506419950045	0.00630242500893658	1.65437872306486	0.0074768909295865	0.00801916361936717
660	1.32828033725644	0.00600536141431444	0.00629376426273769	1.64684172796491	0.00738222759891089	0.00803035385334473
670	1.32461008200752	0.00589450386296857	0.0061956091391502	1.63814108130927	0.00718352533611896	0.0077926369910093
680	1.32001390145359	0.00566614885485767	0.0061837727860117	1.63048974960638	0.00703926204943445	0.00773124192351037
690	1.31549165409893	0.0057201341728308	0.00600593879739437	1.62329760845399	0.0070755547001727	0.00769192488521059
700	1.31119648728484	0.00570136922273319	0.00614248989579697	1.61528851383223	0.00687473536608771	0.00757306645404283
710	1.30689427921368	0.0057859558439424	0.00616876082593361	1.60833057830198	0.00698421819581474	0.00770976877182355
720	1.30313424793709	0.005789131450882	0.00618781446757119	1.60031779540272	0.00702686206043224	0.00773971020868273
730	1.29886196520849	0.00583503340573615	0.00640404443100363	1.59336723642749	0.00710731076956867	0.00781804184652598
740	1.29293146643937	0.00584282807731516	0.006361895466169	1.58491001608778	0.00708251079156419	0.00789546616810097
750	1.28781247254782	0.00602585851365183	0.00648054768909388	1.5761171624943	0.00720983750790417	0.00801099777295103
760	1.28158272035313	0.0059845756234371	0.0064938274999322	1.567375944786	0.00731478375628893	0.00792933930879001
770	1.27477734539278	0.00595253086250118	0.00653251216628726	1.55923222803499	0.00727939842181915	0.00793478320640071
780	1.26969707841514	0.00607724560776528	0.00654521459404564	1.55060165865212	0.00719169118253506	0.0079650270820159
790	1.26387923975917	0.0060489538368489	0.00636160677462904	1.54198399824055	0.00720348629402498	0.00788397349536718
800	1.25931826549061	0.00597533749415827	0.00624439800940398	1.53204962275646	0.0069636523603964	0.00769676390530904
810	1.25476433247912	0.00586332517665254	0.0061289213934187	1.52389852945042	0.00700115476615921	0.00757790547414134
820	1.25100254088825	0.00582348574413762	0.00600160842429492	1.51673958279565	0.00701506694894226	0.00741942756591765
830	1.24764738189332	0.00567423221797665	0.00594964394710155	1.51071846975397	0.00693461823980574	0.00734018861180575
840	1.24387502841685	0.00563121717852213	0.00587775975365071	1.50437647656856	0.00678249154546133	0.00728030573808767
850	1.24153909138312	0.00557925270132876	0.00584051854499545	1.49854530981885	0.00673198427318388	0.00718745703994897
860	1.23823322118769	0.00542191581204881	0.00572764015286984	1.49183448888205	0.00655112589700495	0.00706406202743889
870	1.23468090699473	0.00547734458772174	0.00570512221275271	1.48620433325685	0.00655173077451729	0.00704258887575207
880	1.23186088353728	0.00546464215996336	0.00582723873415714	1.4806497873207	0.00649910643094684	0.0071523741442353
890	1.2286571115694	0.00555240438811218	0.00587169723131148	1.47317549293848	0.0064504137912063	0.00712938879876779
900	1.22429329249886	0.00553161859723482	0.00593838497704298	1.46685931769568	0.0065078771548752	0.00712938879876774
910	1.21991539091417	0.00556221990047092	0.00593751890242309	1.45983130489266	0.00652783811278121	0.00712092051359547
920	1.21545651487316	0.00558387176596817	0.00593838497704298	1.45339341649189	0.00663943801380136	0.00719138874377892
930	1.21087265651911	0.00559310989524699	0.00593059030546397	1.44652399962198	0.00673349646696465	0.00731206180748362
940	1.20673415767488	0.00564622913860022	0.00602874542905147	1.43850568430644	0.00669690137747024	0.00715812048060218
950	1.20185104589526	0.00561938082538364	0.00599554590195569	1.43170081229302	0.00668873553105411	0.00730419839982364
960	1.19750130933886	0.00574005388908826	0.00597764702647798	1.42363823764731	0.00665576970663355	0.00709339858678561
970	1.19331704232367	0.00565488988479912	0.00601402216051334	1.4185926740081	0.00660133073052614	0.00714178878776999
980	1.1883318323165	0.00555471392043188	0.00584340546039509	1.41202200761682	0.00655324296829799	0.00696395479915257
990	1.18442041401285	0.0055114101894374	0.00580962855021939	1.40607466012542	0.00645948695389084	0.00698935965466929
1000	1.18181338858184	0.00552151439333611	0.00574958070990704	1.40044081622271	0.00647521376921075	0.00681817931868726
1010	1.17952850066189	0.00549870776167902	0.00560812185532507	1.39495265928181	0.00637268703087514	0.00663762338126445
1020	1.17708694477208	0.00538640675263333	0.0056306397954422	1.3906834780593	0.00637631629594902	0.00665607214538978
1030	1.1734307720373	0.00526313546506904	0.00544010337906649	1.38631840162143	0.00627560419015036	0.00660223804679463
1040	1.17210877602198	0.00521521266943515	0.00547590113002192	1.3814277456378	0.00615251161639641	0.00659286244535391
1050	1.16944894116293	0.00522704902257364	0.00546752907536299	1.37729503068331	0.0061506969838595	0.00654447224436956
1060	1.16650041476392	0.00523628715185247	0.0055356602787943	1.37328956130305	0.00609777020153291	0.00655808198839642
1070	1.16303435597009	0.00521376921173533	0.00550765719941788	1.3682458418026	0.00606419949960002	0.00662824777982377
1080	1.16015272151326	0.00527064144510809	0.00556568419895049	1.36378855842687	0.00620997498006531	0.00649487228836064
1090	1.15619729535292	0.00527670396744731	0.00548889224932027	1.3595046240943	0.00620211157240538	0.00659104781281703
1100	1.15402682786039	0.00533530835005984	0.00561274091996449	1.3553294939484	0.0062117896126022	0.00663762338126441
1110	1.15002035258627	0.00534165956393904	0.00567365483489672	1.34852462193498	0.00620876522504068	0.00654144785680805
1120	1.14607724862579	0.00536042451403664	0.00554460971653317	1.34272111726663	0.00610109702785055	0.00658439416018165
1130	1.14312168096971	0.00543317478210737	0.00568982156113466	1.33661332970337	0.00614767259629803	0.00663550630997136
1140	1.13908880098156	0.00534656732011842	0.00561216353688456	1.33123582108789	0.00624384812075434	0.00660344780181923
1150	1.13626701720985	0.00533617442467973	0.00550448159247829	1.32725616965023	0.00628014077149264	0.00659286244535389
1160	1.13456127268409	0.00537052871793535	0.0055483627065527	1.32259049859496	0.00619878474608771	0.00649971130845904
1170	1.13279391715895	0.00544154683676629	0.00557145802974975	1.31869383340137	0.00615795551400717	0.00640414066151499
1180	1.13005662847211	0.00530557312144363	0.00544991889142524	1.31497973794472	0.00611773115943894	0.00636905776580134
1190	1.12815548906259	0.00531971900690184	0.00531625470842227	1.31211579045507	0.00614616040251722	0.00633306755381927
1200	1.12708521798761	0.00516555772456148	0.005428267025928	1.30844042191232	0.00596197520002059	0.00622418960160445
1210	1.12487778389545	0.00513697726210512	0.00527785873360717	1.30618135193496	0.00600764345219953	0.00623870666189977
1220	1.12324069162615	0.00513813202826497	0.00534137087239906	1.30250413925346	0.0059060240301325	0.00622388716284836
1230	1.12200495100996	0.00510175689422961	0.0052108822963357	1.29921050743342	0.00585309724780585	0.00620211157240536
1240	1.12063542650941	0.00505412279013568	0.00531105826070294	1.29532306293361	0.00581468752577452	0.00622237496906757
1250	1.11870436175734	0.00509944736190991	0.0053168320915022	1.29134341149595	0.00580379973055305	0.00624052129443667
1260	1.11681202391916	0.00512860520744619	0.00530528442990367	1.28561182823912	0.00570943883863356	0.00626532127244113
1270	1.11413986686024	0.0051277391328263	0.00523426631107273	1.28044455144194	0.00574270710181029	0.00616430672788633
1280	1.11155396520044	0.00508530147645171	0.00528911770366574	1.27515371734804	0.00574331197932262	0.00609202386516602
1290	1.10804213823565	0.00508992054109112	0.00535349591707753	1.27109476794383	0.00579018998652618	0.00612650188336736
1300	1.10501615800884	0.00513813202826498	0.00533559704159981	1.26656003074031	0.005769926589864	0.00616702867669172
1310	1.10227886932199	0.00508472409337178	0.00539044843419281	1.2611622365985	0.00575782903961789	0.00616612136042326
1320	1.09948525057857	0.00514910230678358	0.00537716862335451	1.25710881961057	0.00587971185834723	0.00616914574798479
1330	1.09696095991816	0.00517652800308008	0.00537168348409521	1.25208907391395	0.00587245332819958	0.00621572131643222
1340	1.09424831563107	0.00518518874927898	0.0053168320915022	1.24648473623135	0.00576992658986398	0.00603486294025327
1350	1.09180499942699	0.00520020070935706	0.00533588573313977	1.24253643515257	0.00582618019850829	0.00614192625993113
1360	1.08854489740253	0.00509453960573053	0.0052446592065114	1.23836499328418	0.00579472656786848	0.00613890187236964
1370	1.08687259884786	0.00504979241703624	0.00514708146600384	1.23253935895074	0.00564048280223086	0.00600431662588188
1380	1.08573895645923	0.00507490858101303	0.00521838827637475	1.2294688679203	0.0056813120343114	0.00593747766077227
1390	1.08467572664131	0.00509194138187086	0.00515718566990255	1.22630248167449	0.00564320475103623	0.00590995573396243
1400	1.08370931410814	0.00510868549118873	0.00517335239614048	1.22427577318052	0.005694316900826	0.00594352643589533
1410	1.08133112953198	0.00492738720409184	0.00514101894366461	1.22130670978171	0.00560509746776111	0.00584856066646357
1420	1.08010595080141	0.00496549448736698	0.00512947128206607	1.2180757786794	0.00553704874762702	0.00580138022050379
1430	1.07890541647059	0.00500562261142186	0.005114459321988	1.21688999745864	0.00562233647686177	0.00584583871765817
1440	1.07610827709863	0.00492074729867268	0.00507808418795263	1.21440409841417	0.00558937065244123	0.00583222897363135
1450	1.07443773885823	0.00491093178631393	0.00500215831294231	1.21249172652314	0.00567586813670066	0.00579472656786846
1460	1.07285521633124	0.00487542272689846	0.00513755464518505	1.20977531013404	0.00555217068543456	0.00571579005251277
1470	1.07052984118312	0.0049112204778539	0.00512485221742667	1.20764164159216	0.00559269747875889	0.00571337054246352
1480	1.06834001023364	0.00494297654724985	0.00514679277446387	1.20543051922249	0.00557182920458442	0.00588666794973871
1490	1.06618010462672	0.00495105991036882	0.00514361716752428	1.2023065481681	0.00561810233427559	0.0057883753539893
1500	1.06394626582054	0.0049167056171132	0.0051135932473681	1.19896496874037	0.00558211212229359	0.00571125347117045
1510	1.06235318140794	0.00500995298452131	0.0051277391328263	1.19697329888278	0.00556245360314371	0.00575843391713019
1520	1.06072841133852	0.00506336091941451	0.00506047400401488	1.19431405079516	0.00557818041846357	0.0056743559429199
1530	1.05937825029491	0.00506134007863476	0.00504401858623697	1.19250310653576	0.00559572186632039	0.00568100959555526
1540	1.0589540145563	0.00500591130296183	0.00510175689422962	1.1902956724436	0.00548835610788651	0.00573454125539421
1550	1.05716025431714	0.00498108383052499	0.00504055428775741	1.18788169481066	0.00550740974952411	0.00572516565395347
1560	1.05650717772369	0.00497588738280565	0.00504834895933642	1.18558943033568	0.00548986830166731	0.00574694124439645
1570	1.0550954056807	0.0049331610348911	0.00498223859668484	1.18348342387516	0.00548956586291118	0.00574361441807873
1580	1.05400577114876	0.00492363421407231	0.0050085095268215	1.18088872064402	0.00550861950454872	0.00563897060845012
1590	1.05366603049503	0.00491901514943291	0.005082991944132	1.17932673511682	0.00548714635286197	0.00565167303620851
1600	1.0522894647374	0.00493316103489111	0.00487802095075813	1.17740514253201	0.00543905859063385	0.00562324379313023
1610	1.05119630957693	0.00478968133952939	0.00496636056198687	1.17483810138223	0.00533290258722459	0.00562173159934944
1620	1.05030911118582	0.00488177394077765	0.00490977702015408	1.172153035352	0.00542454153033855	0.00558211212229355
1630	1.04958386170738	0.00484222319980269	0.00501832503918025	1.16937391824517	0.00540669764372561	0.00552525363613706
1640	1.04838508769082	0.00489303291083622	0.00494182178109	1.16652472386557	0.00533260014846844	0.00552283412608786
1650	1.04727961033048	0.00480584806576733	0.00499061065134377	1.16350586872032	0.00530205383409709	0.00555217068543457
1660	1.04576397974567	0.00488610431387709	0.0049441313134097	1.16016613343135	0.00535195622886215	0.00555096093040994
1670	1.04471659275617	0.00489187814467636	0.00500417915372205	1.15730956249672	0.00531596601688011	0.00560025844766267
1680	1.04276264391861	0.00482345824970509	0.00504084297929738	1.15381676369092	0.0053329025872246	0.00558906821368505
1690	1.04062914302572	0.00488899122927673	0.00494153308955003	1.15101736105775	0.00537675620686658	0.00562294135437407
1700	1.03941628649502	0.00491728300019313	0.00498368205438467	1.14755960088833	0.00531959528195393	0.00552767314618628
1710	1.03684974829217	0.00475099667317432	0.0050217893376598	1.1448579376093	0.0053570976877167	0.00551648291220864
1720	1.03489579945462	0.00488090786615775	0.00494644084572941	1.14249928413906	0.00533653185229841	0.00557515603090208
1730	1.03286967773207	0.00482316955816512	0.00492652112947195	1.13986954227155	0.0053589123202536	0.00552797558494243
1740	1.03150367386005	0.00481046713040674	0.00497011355200639	1.13726746248539	0.00529600505897406	0.00542575128536316
1750	1.03003029081768	0.00479863077726825	0.00493835748261044	1.13593599430281	0.00535619037144827	0.00548442440405656
1760	1.02827173686388	0.00481508619504615	0.00491237524401375	1.13306835853564	0.00528420994748417	0.00545418052844142
1770	1.02729828307364	0.00480758021500711	0.00491381870171357	1.13103058520913	0.00525275631684438	0.00541909763272781
1780	1.0266663302514	0.00480469329960747	0.00489130076159644	1.1305640181036	0.00540004399109029	0.00551769266723328
1790	1.02542530869241	0.00475417228011391	0.00481075582194671	1.12804676870027	0.00523642462401223	0.00536798548293819
1800	1.02463492758605	0.00469556789750138	0.00486791674685942	1.12726300972853	0.00526787825465198	0.00533985867861605
1810	1.02358930091082	0.00476889554865203	0.00486243160760012	1.12575081594777	0.00523067828764533	0.00525094168430752
1820	1.02227434615257	0.00475763657859347	0.00480671414038722	1.12533219644993	0.00527543922355577	0.00523158560391376
1830	1.02089954070921	0.00471173462373931	0.00480151769266788	1.12464617683232	0.00525063924555137	0.00533925380110377
1840	1.02023942285868	0.00485117263754155	0.00484164581672277	1.12262315661586	0.00518591735173487	0.00535407330015521
1850	1.01914978832675	0.00474320200159531	0.004808446289627	1.12099293795465	0.00513631739572599	0.00526092216326051
1860	1.01771865282681	0.00475850265321336	0.00489447636853603	1.11953975661412	0.00518349784168564	0.0052733221522627
1870	1.01563972167622	0.00475879134475332	0.00487282450303879	1.11761447575178	0.00515416128233894	0.00526545874460275
1880	1.0147261185711	0.00475763657859347	0.00480382722498758	1.11569657144448	0.00518470759671025	0.00535437573891131
1890	1.01345165104101	0.00474897583239458	0.00480180638420784	1.11387825063005	0.00513994666079978	0.00529358554892485
1900	1.01278273161915	0.00471895191223841	0.00478592834950986	1.11142923436073	0.00511665887657613	0.00526031728574817
1910	1.01119492814935	0.00471952929531833	0.00490313711473492	1.10942465553184	0.00513420032443292	0.00536254158532742
1920	1.00993982407622	0.00470855901679973	0.00475994611091318	1.10685023782704	0.00511151741772154	0.00526122460201662
1930	1.00931139188252	0.00477207115559163	0.00483240768744395	1.10528825229984	0.00515204421104586	0.00529812213026713
1940	1.00843299506275	0.0047189519122384	0.00482345824970508	1.10374839643772	0.00520073685078633	0.00528148799867881
1950	1.00688039787832	0.00477120508097175	0.00484424404058243	1.10209420397267	0.00520799538093392	0.00528602458002105
1960	1.00569218574737	0.00471779714607855	0.00485319347832129	1.10138974296749	0.00525940996947972	0.0053598196365221
1970	1.00502854726831	0.0047166423799187	0.00476167826015295	1.10031829834966	0.00520799538093396	0.00530507822165865
1980	1.00473633509981	0.00465688323114631	0.00479343432954891	1.09915280265522	0.00510577108135466	0.0052264441450592
1990	1.00396883807893	0.00468315416128297	0.00473223172307671	1.09857743136303	0.00514055153831213	0.00519257100437024
2000	1.00299010334589	0.00470884770833969	0.00472963349921704	1.09738427358724	0.00514932226224052	0.00519105881058946
