Distance from Center (cmd=annotatePeaks.pl /data/mm10/External/GSE39756-Th17-AP1-Factors-2012/CD4TCell-Th17-JunB/peaks.txt mm10 -size 4000 -hist 10 -d ../tag-dirs/h3k27ac/AND-CD4TCell-H3K27Ac-No-Peptide-24h-MNase-Combined ../tag-dirs/h3k27ac/AND-CD4TCell-H3K27Ac-1uM-PCC-24h-MNase-Combined)	../tag-dirs/h3k27ac/AND-CD4TCell-H3K27Ac-No-Peptide-24h-MNase-Combined Coverage	../tag-dirs/h3k27ac/AND-CD4TCell-H3K27Ac-No-Peptide-24h-MNase-Combined + Tags	../tag-dirs/h3k27ac/AND-CD4TCell-H3K27Ac-No-Peptide-24h-MNase-Combined - Tags	../tag-dirs/h3k27ac/AND-CD4TCell-H3K27Ac-1uM-PCC-24h-MNase-Combined Coverage	../tag-dirs/h3k27ac/AND-CD4TCell-H3K27Ac-1uM-PCC-24h-MNase-Combined + Tags	../tag-dirs/h3k27ac/AND-CD4TCell-H3K27Ac-1uM-PCC-24h-MNase-Combined - Tags
-2000	1.15719180334729	0.0054633978916404	0.00559313557244453	1.34661352914088	0.00636646236822806	0.00630497670997849
-1990	1.15781964733105	0.00564873743564631	0.00538823240990467	1.34796189883934	0.0065142436871788	0.0062014219171371
-1980	1.15842237755546	0.00553135572444256	0.00541706300563893	1.35117167646298	0.00653689629811286	0.0061647462613391
-1970	1.15976596368071	0.00556224564844354	0.00556945329737713	1.3540986253206	0.00652395194900769	0.00628124540328567
-1960	1.16164321719215	0.00562505516057887	0.00548399117430773	1.35438803149978	0.00649374846776227	0.00615180191223393
-1950	1.16211410017997	0.00558695758764433	0.00535116450110348	1.35740048672853	0.00650777151262622	0.00639774454523223
-1940	1.16411064404832	0.0056641823976468	0.00562711448884563	1.35843314059515	0.00640853150281989	0.00626075018386914
-1930	1.16429271880361	0.0054788428536409	0.00542735964697257	1.36140613134492	0.00660485413091503	0.00647756803138081
-1920	1.16561746960935	0.00552723706790912	0.00543250796763942	1.36191916957165	0.00649482716352104	0.00637077715126313
-1910	1.16807861802569	0.00561063986271176	0.00534292718803656	1.36581957557742	0.00662966413336662	0.00609463103701941
-1900	1.16931547067369	0.00546133856337365	0.00542324099043912	1.36862155358494	0.00631468497180736	0.00647217455258697
-1890	1.17120528106481	0.00557357195391057	0.00565697474871325	1.37060135494707	0.0066728119637172	0.00642363324344258
-1880	1.16974240458265	0.00541500367737218	0.00534910517283676	1.3728837173147	0.0065476832557005	0.00637940671733324
-1870	1.17158198745507	0.00550561412110841	0.00527599901936776	1.3753305150114	0.00657896543270468	0.00632547192939501
-1860	1.17198380760467	0.00547163520470733	0.00565594508457988	1.3777444256423	0.00657896543270468	0.00648296151017463
-1850	1.1715882658949	0.00545927923510693	0.00552826673204247	1.37981631078871	0.00661887717577896	0.00661564108850266
-1840	1.17085996687374	0.0054479529296399	0.00541500367737219	1.38063848743411	0.00656709977935827	0.00645491542044675
-1830	1.17222866675834	0.00557151262564384	0.00541294434910546	1.38316421408877	0.00674292718803688	0.00629095366511455
-1820	1.17166360717295	0.00534189752390319	0.00537587644030427	1.3856438988513	0.00659514586908614	0.00647109585682822
-1810	1.17200892136402	0.00554988967884316	0.00543971561657298	1.38556496989334	0.00650777151262622	0.00618092669772057
-1800	1.17126806546319	0.00529041431723489	0.0054479529296399	1.38683441063384	0.00635459671488165	0.00636646236822806
-1790	1.17000609905583	0.00543662662417287	0.00548193184604098	1.38943906624646	0.00657465064966961	0.00643118411375393
-1780	1.16997470685664	0.00546442755577375	0.00548913949497455	1.39091240679502	0.00652395194900768	0.00657249325815208
-1770	1.17137479894042	0.00565491542044651	0.00547678352537415	1.39420111337662	0.0067666584947297	0.00651640107869633
-1760	1.17363503728196	0.00566521206178016	0.00554988967884314	1.39730565238965	0.00667065457219966	0.0064139249816137
-1750	1.17580109902593	0.00576097082618322	0.00562402549644552	1.39987742093646	0.00672135327286159	0.00647972542289834
-1740	1.17529882383892	0.00552311841137564	0.00551385143417533	1.39983137904432	0.00638911497916213	0.00661995587153772
-1730	1.17738326586501	0.00571360627604838	0.0056003432213781	1.4021400510646	0.00668791370433988	0.00649806325079734
-1720	1.17929191157564	0.0056888943368476	0.00562917381711236	1.4041593169057	0.00677636675655859	0.00677528806079981
-1710	1.18029646194965	0.00560240254964483	0.00554371169404295	1.40609965378884	0.00683138024025558	0.00650669281686746
-1700	1.18206070354402	0.00564461877911286	0.00553135572444257	1.40922392504136	0.00679578328021635	0.00650885020838499
-1690	1.185231315662	0.0058258396665853	0.00552826673204247	1.41400570441101	0.00684324589360199	0.00661887717577897
-1680	1.18779919755558	0.00581451336111827	0.00556018632017681	1.41512386464875	0.00678607501838746	0.00655307673449432
-1670	1.19103887251178	0.00579494974258432	0.00554371169404296	1.41899138358871	0.00696190242706608	0.00657572934542838
-1660	1.19278427878663	0.00571051728364827	0.0054911988232413	1.42212223225439	0.00691983329247426	0.00657465064966962
-1650	1.19542750195826	0.005597254228978	0.00538926207403804	1.42641728304996	0.00693277764157944	0.00647864672713958
-1640	1.19962777820961	0.00582378033831855	0.00551694042657543	1.43369190200846	0.00710752635449927	0.00644089237558281
-1630	1.20267282153085	0.00574037754351589	0.00565079676391305	1.44119673042766	0.00707408678597757	0.0066814415297873
-1620	1.20616991252039	0.00589173817112072	0.00551076244177524	1.44605743875527	0.00704496200049095	0.00666418239764706
-1610	1.21112360155226	0.0057372885511158	0.00566109340524671	1.45266773898428	0.00701152243196925	0.0068151998038741
-1600	1.21457674346293	0.00595763667565616	0.00567344937484711	1.45765341816199	0.0071161559205694	0.00679470458445757
-1590	1.21328966329623	0.0056580044128466	0.00562093650404543	1.45951482608717	0.00688423633243503	0.00673429762196676
-1580	1.21349057337103	0.00564461877911285	0.00567756803138057	1.4602778060141	0.00691983329247427	0.00665555283157696
-1570	1.21576336859224	0.00572081392498193	0.00564564844324621	1.46633560353741	0.00711507722481064	0.00677097327776477
-1560	1.2157570901524	0.00572596224564878	0.00578465310125064	1.46942041031095	0.00692954155430315	0.00663397891640167
-1550	1.2173267001118	0.00586805589605331	0.00566727139004691	1.47416272520161	0.00706437852414871	0.006769894582006
-1540	1.22014571959888	0.00586290757538648	0.00565697474871325	1.47708967405923	0.00693062025006191	0.00685619024270715
-1530	1.22217365566643	0.00580936504045143	0.00556739396911039	1.47955620399543	0.00715822505516122	0.00688747241971134
-1520	1.22476665131935	0.00588041186565371	0.00565903407697996	1.48279886868489	0.00705467026231983	0.00675910762441835
-1510	1.22582770765191	0.00587526354498689	0.00588761951458726	1.48541010171068	0.00714635940181482	0.0067547928413833
-1500	1.22536310310393	0.00580215739151788	0.00555606766364335	1.48946836563237	0.00709889678842916	0.00683569502329064
-1490	1.2291992298447	0.00588761951458727	0.00582172101005183	1.49217168244245	0.00712802157391581	0.00709134591811782
-1480	1.23054909440978	0.00590306447658777	0.00571875459671521	1.49435538361263	0.00704604069624971	0.00687668546212368
-1470	1.23350623957329	0.00590615346898786	0.00570948761951492	1.49563797917945	0.00700828634469295	0.00698131895072384
-1460	1.23440405647007	0.00575685216964976	0.00560755087031167	1.49705212300954	0.0071377298357447	0.00703201765138577
-1450	1.23654500445469	0.00595660701152279	0.00602353518019159	1.49836102822902	0.00709458200539412	0.00725422897769123
-1440	1.23589204671158	0.00598028928659023	0.0057980387349844	1.49907138885064	0.00731895072321714	0.00711723461632817
-1430	1.23690287552543	0.00585364059818618	0.00562196616817879	1.49972913016696	0.00715283157636741	0.00695003677371967
-1420	1.23711006404007	0.00581760235351837	0.00562299583231214	1.50321515914345	0.00717872027457775	0.00684324589360198
-1410	1.23962771841495	0.0058227506741852	0.0058134836969849	1.50689193310168	0.00719705810247673	0.00681196371659782
-1400	1.24068249630766	0.00586290757538648	0.00576508948271669	1.5125550858352	0.00732434420201096	0.00696621721010114
-1390	1.24205119619226	0.00608840402059367	0.00575479284138302	1.51379163950988	0.00720137288551181	0.00700397156165789
-1380	1.24363336303134	0.00597411130179003	0.00589173817112073	1.51537021866904	0.00707300809021884	0.00708487374356524
-1370	1.24407913225981	0.00590306447658776	0.00572390291738205	1.52009280132022	0.00731463594018208	0.00702338808531566
-1360	1.24660306507452	0.00593086540818865	0.0059535180191227	1.52456544227119	0.00745486638882148	0.00718950723216538
-1350	1.24870006398028	0.00618210345672999	0.00580936504045144	1.52888022530625	0.00751095856827723	0.00694464329492585
-1340	1.25117376927629	0.00601735719539141	0.00575788183378313	1.53445129425548	0.00745378769306271	0.00718195636185404
-1330	1.25543682992602	0.00622946800686484	0.00599367492032398	1.53849640335085	0.00754763422407521	0.00706006374111366
-1320	1.25876440303995	0.00614400588379546	0.0059596960039229	1.54561974180659	0.00775582250551676	0.00720353027702932
-1310	1.26073583314895	0.00612238293699476	0.00590615346898786	1.55080274337919	0.00768139249816201	0.00722834027948091
-1300	1.26430826541654	0.00621196371659761	0.0058680558960533	1.55647905093903	0.00765334640843413	0.00699534199558779
-1290	1.26838297287115	0.00620166707526395	0.00591233145378804	1.56364185387375	0.00771051728364867	0.00724667810737991
-1280	1.27100108228342	0.00602765383672507	0.00572493258151541	1.56921950023614	0.00779573424859106	0.00717440549154269
-1270	1.2727339316786	0.00596587398872309	0.00585878891885302	1.57413282786905	0.00773101250306518	0.00706114243687242
-1260	1.27831546469423	0.00640862956607056	0.00579700907085105	1.58049318639786	0.00746457465065035	0.00730708506987073
-1250	1.28184394788295	0.00608325569992684	0.00576508948271669	1.58398579278752	0.00747428291247923	0.00719921549399428
-1240	1.28606933789366	0.0061120862956611	0.00581245403285153	1.58844527891217	0.00747212552096171	0.0072197107134108
-1230	1.29036379074257	0.00608634469232693	0.00576611914685006	1.59435179593272	0.00783564599166533	0.00733728855111614
-1220	1.29418736060367	0.00617180681539633	0.00579700907085104	1.6001464969295	0.00763069379750009	0.00717979897033652
-1210	1.29697498789157	0.00596278499632301	0.00582275067418519	1.6062042944528	0.00788202990929223	0.00722078940916957
-1200	1.30124432698113	0.00618416278499673	0.0059226280951217	1.61305138155569	0.00785937729835816	0.00757136553076803
-1190	1.3054132110333	0.00614606521206216	0.00610075999019409	1.61812914451768	0.00802765383672543	0.00741279725422964
-1180	1.30636753388861	0.00628918852660008	0.0059298357440553	1.62403566153823	0.00782593772983645	0.00760804118656603
-1170	1.31054897482045	0.0062274086785981	0.0061573915175292	1.62850830248921	0.0077428781564116	0.00731463594018208
-1160	1.31265225216605	0.00623564599166504	0.00612959058592832	1.63476999982057	0.00782701642559522	0.00763716597205268
-1150	1.31484342766937	0.006328315763668	0.00613782789899526	1.63963070814817	0.00799097818092744	0.00728227506741914
-1140	1.31842841681664	0.0063128708016675	0.00617798480019655	1.6458463635874	0.00793164991419539	0.00764255945084649
-1130	1.31975944606221	0.0063736209855361	0.00619445942633038	1.64895090260042	0.00803412601127801	0.00757891640107938
-1120	1.32046890976386	0.00632110811473444	0.0061213532728614	1.65362086594629	0.00806109340524713	0.00747428291247923
-1110	1.32399111451275	0.00631595979406761	0.00613679823486188	1.65902092215328	0.00794675165481809	0.00747859769551429
-1100	1.32637692165104	0.00622329002206464	0.00620063741113059	1.66395398202568	0.00804383427310689	0.00771914684971877
-1090	1.32935918057389	0.00645496445207204	0.00607398872272655	1.66937377047215	0.00816249080657099	0.00763069379750009
-1080	1.33106063776988	0.00628918852660007	0.00612444226526148	1.67653657340688	0.00801039470458519	0.0076360872762939
-1070	1.33466446223666	0.00633449374846819	0.00621608237313109	1.68295612865416	0.00803196861976049	0.00759617553321962
-1060	1.33770322711806	0.00644569747487174	0.00623358666339831	1.68857981690869	0.00802873253248418	0.00777631772493329
-1050	1.33980022602382	0.0063128708016675	0.00625417994606562	1.69257888411191	0.00817004167688233	0.0077029664133373
-1040	1.34379331376053	0.00649306202500658	0.00640554057367046	1.69824203684543	0.00829085560186395	0.0075692081392505
-1030	1.34514945676545	0.00639833292473691	0.00635817602353561	1.70247131350936	0.00803628340279553	0.00772885511154764
-1020	1.34781151525659	0.00651365530767389	0.00619651875459714	1.70802922763227	0.00826820299092991	0.00786045599411693
-1010	1.34906092478428	0.00638700661926985	0.00623358666339832	1.71235058808049	0.00818082863446998	0.00797264035302844
-1000	1.35322980883644	0.006547634224075	0.00635920568766898	1.71992119063133	0.00846776170630134	0.00823692081392573
-990	1.3551761251861	0.00650026967394013	0.0064621721010056	1.72611711383106	0.00852061779848082	0.00811502819318535
-980	1.36046257152935	0.00680505025741655	0.00641480755087074	1.73150401521172	0.00841382691836313	0.00810208384408019
-970	1.36294883370504	0.00665883795047852	0.00640451090953709	1.73947583996551	0.0086543760725676	0.0078313312086303
-960	1.36878150431417	0.00679166462368277	0.00628506987006662	1.74833561549634	0.00872988477568112	0.00791007599902009
-950	1.37298178056552	0.00679372395194952	0.00633346408433484	1.75889894103644	0.008831282177005	0.00810208384408019
-940	1.37801708931528	0.00673709242461437	0.00628918852660008	1.76814678394389	0.00875685216965024	0.00808050992890489
-930	1.38634857897977	0.00687506741848544	0.00639730326060352	1.77759194924624	0.00888737435646075	0.00810531993135647
-920	1.3884079072465	0.00670826182888012	0.00626550625153263	1.78430748808587	0.00864682520225627	0.0081225790634967
-910	1.39468006864426	0.00676592302034861	0.00647761706300608	1.79347640203537	0.00884962000490399	0.00818406472174627
-900	1.3998974521493	0.00677518999754893	0.00648585437607303	1.80361877313302	0.00889492522677211	0.00815493993625963
-890	1.40385914768683	0.00685138514341801	0.0063427310615351	1.81363617338057	0.00901681784751248	0.00808158862466365
-880	1.40768271754792	0.00663206668301103	0.00636332434420245	1.82358779949648	0.00920666830105504	0.00796185339544079
-870	1.41297544233102	0.0069008090218196	0.0064045109095371	1.83442737638943	0.00891649914194739	0.00812797254229053
-860	1.41724478142059	0.00669590585927971	0.00642819318460452	1.84330688415975	0.00895748958078044	0.00816896298112357
-850	1.422022674137	0.00693375827408732	0.00627065457219949	1.8530019911623	0.00900926697720115	0.00844942387840234
-840	1.42892895795836	0.00695538122088799	0.006516744300074	1.86629494316513	0.00938465310125119	0.00840951213532807
-830	1.43559666106588	0.00710983084089291	0.00656822750674231	1.87837107373276	0.00955185094385969	0.0084084334395693
-820	1.44448693187592	0.00721073792596282	0.00663103701887765	1.89065768152161	0.00940946310370277	0.00861877911252838
-810	1.45187665556477	0.0073569502329008	0.00658058347634272	1.90344417271087	0.00968129443491144	0.00858102476097161
-800	1.45945473244875	0.00728487374356519	0.00662897769061091	1.91946675117642	0.00985496445207252	0.00857886736945409
-790	1.46777366523357	0.00739916646236881	0.0067298847756808	1.93241110028159	0.00970934052463931	0.00878597695513688
-780	1.47746129790298	0.0075731797009077	0.00679063495954941	1.94759176986225	0.010058837950479	0.00887550870311434
-770	1.48566721877072	0.00760715861730882	0.00675150772248149	1.95978629386682	0.00984525619024365	0.00875685216965024
-760	1.49156895221807	0.00729208139249876	0.00670414317234665	1.97282930416944	0.00984849227751994	0.00871694042657596
-750	1.5008422078582	0.00748462858543822	0.00664751164501152	1.98791788996581	0.00992292228487467	0.00875253738661519
-740	1.51085631939917	0.00749080657023842	0.00692758028928711	2.00344716244412	0.0100717822995842	0.00893807305712268
-730	1.51706569639855	0.00728384407943181	0.0067082618288801	2.01536543509583	0.00987869575876533	0.00880755087031217
-720	1.52413521965569	0.00746918362343773	0.00677724932581566	2.02734290446602	0.00996930620250157	0.00883451826428128
-710	1.5308845424811	0.00725913214023104	0.00667016425594556	2.03868236475937	0.0099498896788438	0.0087460652120626
-700	1.53912185554803	0.00733326795783338	0.00683285118901743	2.05081111463231	0.00996607011522527	0.00898553567050832
-690	1.54732149797593	0.00756185339544068	0.00673503309634763	2.06424876972472	0.0100728609953429	0.0089531747977454
-680	1.55435962903388	0.00750934052463902	0.00692655062515375	2.07705499315346	0.0100351066437862	0.00902221132630631
-670	1.56285435813415	0.00772968864917936	0.00692655062515375	2.09390632567758	0.0104299092914937	0.00937063005638726
-660	1.57045754877748	0.00777602353518085	0.00716749203236144	2.10388426144615	0.0103727384162792	0.00937386614366354
-650	1.57567493228252	0.00768850208384471	0.00723442020103024	2.11923594376905	0.0107707771512631	0.00950007354743899
-640	1.58282607525755	0.00783471439078272	0.00726633978916458	2.13243681198759	0.0106575140965929	0.00974709487619609
-630	1.58946866460573	0.00795003677371972	0.00732194165236636	2.14680845974917	0.0109757293454282	0.00980858053444564
-620	1.59837149229544	0.00795209610198646	0.00732194165236636	2.16110775596597	0.0110652610934056	0.00979671488109923
-610	1.60580516506316	0.00803446923265573	0.00743211571463654	2.17763679524508	0.0112443245893604	0.0100469722971326
-600	1.61344602634551	0.00814773228732604	0.0072992890414323	2.19222549764105	0.011337092424614	0.00987222358421275
-590	1.62497324188734	0.00831247854866463	0.0073332679578334	2.21047124175576	0.0114028928658987	0.0097826918362353
-580	1.63192347478756	0.00796445207158685	0.00766276048051057	2.22656617176611	0.0111310615346902	0.0100868840402069
-570	1.63541428733727	0.00785324834518331	0.00740534444716902	2.24202309269962	0.0114309389556265	0.00997685707281291
-560	1.64471893517659	0.00812919833292544	0.0073270899730332	2.2575392103516	0.0113112037264037	0.00970826182888055
-550	1.6512673479272	0.00794179946065279	0.00728590340769855	2.27227919325033	0.0110965432704097	0.00975896052954248
-540	1.66033969349253	0.00812405001225859	0.00746197597450416	2.290281573078	0.0115010541799461	0.00998548663888303
-530	1.66771058186187	0.00808698210345741	0.0074001961265022	2.30415333743918	0.0111990193674923	0.00986683010541894
-520	1.67631204443938	0.00816832556999336	0.00734768325570053	2.32163610162696	0.0114190733022802	0.0102217210100523
-510	1.6839466272819	0.00818891885266069	0.00740019612650219	2.33811252160077	0.0116412846285854	0.0101947536160832
-500	1.69180095551873	0.00798092669772071	0.00747330227997118	2.35457578674826	0.0115744054915421	0.0103058592792359
-490	1.69941670304174	0.00839691100760063	0.00729208139249874	2.37401204264551	0.0121569012012746	0.0105237558225061
-480	1.71104437362097	0.00860593282667396	0.00782441774944905	2.39741447868016	0.0124859034076975	0.0104633488600154
-470	1.72241462816686	0.00885099289041514	0.0079572444226533	2.42302034812449	0.0127965677862215	0.0108279480264775
-460	1.73329516440541	0.0089127727384171	0.00787384162785065	2.4464490938118	0.0129756312821763	0.0109304241235601
-450	1.74583320876109	0.00919593037509278	0.00801902427065525	2.47105519645532	0.0133391517528796	0.0109142436871787
-440	1.75783130729074	0.00913929884775766	0.00815185094385948	2.49950250838615	0.0134783035057602	0.0111925471929397
-430	1.76996753149682	0.00939156656043234	0.00833822015199878	2.52657514096587	0.013634714390781	0.0111796028438346
-420	1.78106781312969	0.00928242216229555	0.00806638882079012	2.55196395577581	0.0134329982838921	0.0111526354498654
-410	1.7958974880261	0.009536749203237	0.00778837950478125	2.58245684320039	0.0138202500612884	0.0114481980877667
-400	1.81315691913965	0.00942863446923356	0.00802623191958882	2.60888488929012	0.0138191713655296	0.0110231919588138
-390	1.82852026142226	0.00972723706790975	0.00799225300318775	2.6338198625918	0.0134383917626859	0.0111440058837953
-380	1.84462445960569	0.00944407943123404	0.0080231429271887	2.65881403261195	0.0134944839421417	0.0110879137043396
-370	1.85916532626957	0.00927830350576209	0.00783265506251597	2.68632735187361	0.0135969600392243	0.010880804118657
-360	1.87424613875948	0.00945540573670107	0.00805609217945639	2.71557053079718	0.0138526109340512	0.011195783280216
-350	1.89146162079417	0.00962118166217301	0.00801902427065523	2.74943105376132	0.0145796518754581	0.0115549889678844
-340	1.90642314292717	0.00946055405736789	0.00797474871292051	2.78257463869067	0.0145472910026952	0.0114503554792843
-330	1.92575445918713	0.00983947045844666	0.0082702623191966	2.81736257691083	0.0148655062515306	0.0117664133366021
-320	1.9431834081763	0.00994552586418334	0.00835469477813262	2.85864899933622	0.0157112037264016	0.0120253003187054
-310	1.9605998002858	0.00990227997058198	0.0084864917872035	2.89863309395529	0.0157705319931335	0.0124459916646232
-300	1.9796046376742	0.0102616327531268	0.0086749203236095	2.94147836330036	0.0164792351066414	0.0125171855847016
-290	1.99628017388286	0.010321353272862	0.00868933562147664	2.98444202608237	0.0163541063986248	0.0125711203726399
-280	2.01789684224371	0.010917528806081	0.00864711939200862	3.03100353386464	0.0169430742829099	0.013050061289531
-270	2.04044899814036	0.0109370924246149	0.00898690855601945	3.07995922003832	0.0175913704339271	0.0133898504535416
-260	2.0623481962939	0.0109762196616829	0.00898896788428618	3.12536968051703	0.0172753125766093	0.0134362343711685
-250	2.08233247029698	0.011001961265017	0.00914444716842449	3.16956989697372	0.0170121108114709	0.0135678352537376
-240	2.1023418580594	0.0110493258151519	0.00892718803628423	3.209803933293	0.0168945329737654	0.0130630056386362
-230	2.12259610497549	0.0108392743319452	0.00912488354989051	3.24704524662302	0.0163853885756289	0.0132755087031128
-220	2.14136864008991	0.0109185584702144	0.00901470948762035	3.27913644544626	0.0157737680804098	0.0129411130178958
-210	2.15543234532612	0.0103306202500623	0.00909708261828962	3.30453841508253	0.0149906349595471	0.0132248100024507
-200	2.17247203104536	0.0105478793822026	0.00909708261828963	3.32131739606185	0.0145386614366251	0.013264721745525
-190	2.18578232350107	0.0102884040205943	0.00919593037509279	3.32800662524882	0.0139367492032348	0.0132075508703106
-180	2.19091180884839	0.00969325815150864	0.00923917626869414	3.32761855787219	0.0131848982593764	0.0137361117921048
-170	2.1934859691818	0.00951306692816959	0.00934729100269762	3.31403619969019	0.0130964452071577	0.014009021819072
-160	2.19357386733953	0.00935655797989792	0.00935758764403126	3.29623771967057	0.0127458690855595	0.0143542044618766
-150	2.18954938740363	0.00921549399362677	0.00957587644030489	3.26944791585687	0.0124535425349345	0.0149259132140213
-140	2.18206548711721	0.00903942142682113	0.0100587889188536	3.23603465698783	0.0124621721010047	0.0155752880607973
-130	2.17195092053884	0.00936479529296484	0.0100835008580544	3.19879992107097	0.0128968864917865	0.0160919833292452
-120	2.15657502137657	0.00877067908801256	0.0102400098063261	3.15195558452268	0.0122086785976952	0.0162634959548887
-110	2.13664725333203	0.00868315763667642	0.0105314047560687	3.10472318059775	0.0125463103701882	0.0166270164255921
-100	2.11437134878824	0.00878715371414644	0.0106879137043403	3.05172238532871	0.012570041676881	0.0171145869085535
-90	2.09136714522328	0.00891586173081719	0.0107857317970102	2.99564993811245	0.0125139494974253	0.0172375582250524
-80	2.06585156572328	0.00890041676881669	0.0109504780583487	2.94455659266073	0.0132593282667311	0.0172256925717062
-70	2.03568994074346	0.00861417013974091	0.0106786467271401	2.88972069911916	0.0126746751654812	0.0164004903162518
-60	2.01143632765082	0.00883863692081473	0.0107630791860761	2.84380377782688	0.012410394704584	0.0163336111792083
-50	1.99014613816153	0.00897970090708588	0.0107527825447424	2.80187934632465	0.012894729100269	0.0161998529051216
-40	1.96896268214948	0.00894572199068479	0.0107105663152744	2.76627580887227	0.012903358666339	0.0152150036773701
-30	1.95177859231397	0.00932051973523011	0.0104500612895328	2.73863094134735	0.012894729100269	0.0145505270899715
-20	1.93760815360051	0.0093967148810992	0.0100618779112537	2.71845801517582	0.0128149056141205	0.0140435400833524
-10	1.93125437248486	0.00982299583231279	0.00977872027457804	2.70979556203989	0.0134125030644756	0.0134783035057602
0	1.93164991419463	0.0098868350085815	0.00953468987497028	2.70811832168328	0.0131029173817104	0.0129346408433433
10	1.93585646888582	0.00992493258151601	0.00966854621230788	2.71579416284473	0.013886050502573	0.0130673204216712
20	1.94456466494057	0.0104407943123324	0.00924844324589447	2.72906738260806	0.0142161314047549	0.0125775925471924
30	1.9597647677874	0.0105859769551371	0.00915165481735805	2.75286446343251	0.0147058592792336	0.0129098308408917
40	1.97401682621874	0.0105602353518029	0.00915062515322469	2.77878604870867	0.0150294680068628	0.0127642069134586
50	1.99499309371616	0.0106261338563384	0.00889012012748304	2.81150210178241	0.015353076734492	0.0125301299338067
60	2.02172669054465	0.0110863937239531	0.00909605295415626	2.85453153869605	0.0162063250796743	0.0127976464819802
70	2.04783872182921	0.0109865163030166	0.00902294680068727	2.90138903007067	0.0166572199068376	0.0127037999509678
80	2.0736870586406	0.0110513851434186	0.00881907330228077	2.95397544831043	0.0171005638636895	0.0128968864917864
90	2.09858735103652	0.0109329737680815	0.00859460652120693	3.00158276478566	0.016979749938708	0.0126013238538852
100	2.12421594245359	0.0107157146359412	0.0086543270409422	3.0549058532997	0.017070360382444	0.0126077960284377
110	2.15107510807883	0.0107496935523423	0.00892203971561737	3.10800530976619	0.0165601372885487	0.0126142682029904
120	2.1709086995258	0.0103759254719304	0.00902706545722073	3.15589545500743	0.0164846285854354	0.0129799460652113
130	2.18845066043205	0.010236920813926	0.00895292963961836	3.19687273901415	0.0158837950478038	0.0126412355969594
140	2.20007833101128	0.0100381956361863	0.00900647217455341	3.23788291008669	0.0161329737680781	0.012584064721745
150	2.20999826595468	0.00980961019857902	0.00912797254229062	3.27380874078407	0.0153056141211064	0.0125506251532232
160	2.21245313593119	0.00948835498896878	0.00944510909536739	3.29729668318985	0.014366070115223	0.0129799460652113
170	2.21288006984014	0.00953674920323698	0.00970252512870894	3.31498334718569	0.014242020102965	0.0132528560921785
180	2.2093327513319	0.00937921059083191	0.00984667810738017	3.32523753430711	0.013790046580043	0.0134955626379006
190	2.20238251843168	0.00930610443736295	0.0100742338808541	3.32909189842074	0.013908703113507	0.0138817357195379
200	2.19005166259064	0.00914753616082455	0.010248247119393	3.32321826846601	0.0136001961265006	0.0145861240500107
210	2.17655929537964	0.00924020593282752	0.0105880362834038	3.30812310525647	0.0132032360872755	0.0150380975729328
220	2.16160405168648	0.00909708261828963	0.010852659965679	3.29254779088602	0.013534395685216	0.0156033341505251
230	2.14551868882256	0.00942245648443333	0.0111543515567552	3.26465955907406	0.0131320421671971	0.0160110811473379
240	2.12344369435356	0.00910943858789003	0.0110730080902193	3.23215398322154	0.0133769061044365	0.0168826673204192
250	2.10173284939515	0.00905074773228817	0.0108938465310136	3.19063077392227	0.0130274086785969	0.0167499877420911
260	2.08239525469535	0.00925462123069465	0.0110699190978192	3.15025861192657	0.0134340769796509	0.0170552586418213
270	2.06043955058327	0.00888703113508295	0.010852659965679	3.10649250473865	0.0132550134836961	0.0173518999754815
280	2.04069385729403	0.00897970090708589	0.0108413336602119	3.0626803556586	0.0130964452071578	0.0165374846776147
290	2.01924670680879	0.00894366266241807	0.0106714390782065	3.02142682029902	0.0130403530277021	0.0169970090708482
300	1.99734750865525	0.00852047070360458	0.0103666584947301	2.97517445093542	0.0125775925471925	0.0162354498651607
310	1.97667888470988	0.00855341995587229	0.00987859769551454	2.9299086935463	0.0124556999264521	0.0161426820299071
320	1.95845885230117	0.00835675410639936	0.00992390291738267	2.88771458810438	0.0122324099043881	0.0156054915420427
330	1.94280670178604	0.0084350085805352	0.00980961019857903	2.85127571918027	0.0119702868350084	0.0149518019122317
340	1.92528357619931	0.00793562147585258	0.00977666094631131	2.81773748946113	0.0117016915910762	0.0147813679823469
350	1.9061280562548	0.00802623191958882	0.00957381711203816	2.78055537284957	0.011310125030645	0.0143002696739383
360	1.89100957312586	0.00795003677371972	0.00951615592056964	2.7503650464305	0.0113748467761708	0.0140381466045587
370	1.87374386357247	0.0078841382691843	0.00937818092669861	2.71729381304594	0.0109951458690859	0.0137544496200038
380	1.8594039069834	0.00793665113998595	0.00953160088257013	2.68645890013687	0.0109196371659725	0.0141708261828867
390	1.84461818116586	0.00798092669772071	0.00960058837950572	2.65656455731014	0.0111914684971809	0.0138709487619502
400	1.83083072728249	0.00840823731306767	0.00963971561657361	2.63019570793888	0.0113122824221625	0.0139874479038968
410	1.81545482812021	0.00810139740132457	0.00964589360137379	2.60055788422551	0.0111537141456242	0.0136994361363069
420	1.80194990402954	0.00818274086786049	0.00937612159843187	2.5763069618928	0.0115139985290513	0.013712380485412
430	1.78894725512588	0.00812610934052534	0.0094420201029673	2.55016174456909	0.0113414072076491	0.0138871291983317
440	1.77521002876121	0.00820024515812769	0.00932669772003028	2.51880063860697	0.0111256680558963	0.013698357440548
450	1.76221365829739	0.0080869821034574	0.00908884530522271	2.49310268537836	0.0111461632753128	0.0134578082863437
460	1.74971328458073	0.00802314292718873	0.00890556508948355	2.46278738810918	0.0106585927923516	0.012940034322137
470	1.73657251000064	0.00785118901691657	0.00848443245893677	2.43637907425894	0.0106920323608733	0.0126282912478544
480	1.72804638870118	0.0077801421917143	0.00873464084334476	2.41320027027183	0.0105183623437124	0.0128656043147824
490	1.71824574411469	0.00762672223584274	0.00851017406227091	2.38780487804873	0.0103673449374854	0.012502083844079
500	1.70747194135337	0.00747742093650465	0.00835057612159918	2.36369208139245	0.0103198823240998	0.0119821524883548
510	1.69701833902377	0.0074094631037025	0.00832792351066511	2.34086188030299	0.00990889924001074	0.0116283402794803
520	1.6883226998487	0.00737960284383485	0.00821054179946138	2.3220767883089	0.0100264770777161	0.0116607011522432
530	1.67820185483049	0.0073301789654333	0.00826511399852976	2.30242347777726	0.00999411620495313	0.0115280215739153
540	1.6682003001692	0.00725295415543082	0.0082033341505278	2.28561818714529	0.0100620740377553	0.0112054915420449
550	1.65958000227218	0.00736312821770102	0.00810242706545792	2.27122022973105	0.00986898749693646	0.0113435645991666
560	1.6494466003743	0.00717161068889491	0.00842368227506818	2.25402687172245	0.00989056141211175	0.0115398872272617
570	1.63670136750397	0.00725707281196428	0.00812610934052534	2.23427489999337	0.00994988967884379	0.0113058102476099
580	1.62711418987196	0.00732606030889982	0.00831556754106472	2.21761431245099	0.009797793576858	0.0113791615592058
590	1.61722564712774	0.00735797989703418	0.00837013974013313	2.20076955734004	0.00987653836724781	0.0113209119882326
600	1.60831654099819	0.00755567541064049	0.00817862221132703	2.18288557094931	0.0100167688158872	0.0113295415543027
610	1.59774364831168	0.00732503064476645	0.00804682520225614	2.16613289962265	0.00987761706300658	0.011077126746752
620	1.58860851834797	0.00730752635449923	0.00787281196371727	2.15053785301271	0.00990026967394064	0.0110113263054674
630	1.57981870257534	0.00718190733022856	0.0078202990929156	2.13325898863299	0.00939004658004501	0.0109843589114983
640	1.57303798755073	0.00734768325570052	0.0079016425594515	2.12097238084413	0.00973307183133214	0.0107589114979167
650	1.56318711544554	0.00692552096102038	0.00765349350331025	2.11002756534057	0.00956911007599991	0.010766462368228
660	1.55721631915999	0.00692758028928711	0.00787281196371726	2.09677407781673	0.00952919833292565	0.0104018632017659
670	1.54835744054914	0.006955381220888	0.00748050992890475	2.08265237175534	0.00913871046825289	0.0100049031625408
680	1.54061612422938	0.0067793086540824	0.00743932336357008	2.07204300432311	0.00903731306692902	0.0101257170875224
690	1.53459510042512	0.00696052954155483	0.00721382691836291	2.0611244984722	0.00915704829615186	0.00987545967148905
700	1.52864313945908	0.00674018141701447	0.00723339053689686	2.05012706366333	0.00882373130669365	0.00978808531502913
710	1.52266606473369	0.00682461387595048	0.00733635695023347	2.03672229563674	0.00871370433929967	0.00995420446187885
720	1.51528261948467	0.00668457955381269	0.00724986516303073	2.02472509402706	0.00889276783525459	0.00970286835008675
730	1.50982037682596	0.00677416033341555	0.00740740377543577	2.01183994164036	0.00874282912478631	0.00972228487374451
740	1.5035482154282	0.00676798234861536	0.00734871291983389	2.0001979203415	0.00884099043883388	0.00991105663152829
750	1.49708142239548	0.00677930865408239	0.00754228977690673	1.98878610850335	0.00892405001225875	0.00997146359401909
760	1.4915752306579	0.00696773719048838	0.00741667075263606	1.97578914009287	0.00880000000000081	0.00993802402549739
770	1.48313072907633	0.0067968129443496	0.00739401814170199	1.96188448866587	0.0087093895562646	0.00997362098553662
780	1.47602353518017	0.00666501593527873	0.00746197597450415	1.94716423800664	0.0086942878156419	0.00966079921549491
790	1.46817548538318	0.00675356705074822	0.00736209855356764	1.93591686149757	0.00893052218681133	0.00991105663152828
800	1.46147011163662	0.00678239764648247	0.00724059818583044	1.92295935756607	0.00866516303015525	0.00977190487864764
810	1.45678639551777	0.0067999019367497	0.00722721255209668	1.91245522874444	0.00872341260112854	0.00983878401569105
820	1.45097256022816	0.00655484187300856	0.00722618288796331	1.89772182325888	0.00840411865653425	0.00974062270164348
830	1.44536591345318	0.00664236332434467	0.00712527580289342	1.8860666471337	0.0086241725913222	0.00934042657514185
840	1.43937628184812	0.00657028683500906	0.00693066928168722	1.87325384629179	0.00823368472664944	0.00925089482716439
850	1.43428446713982	0.00648482471193966	0.00690904633488651	1.86339430396015	0.00824231429271956	0.00928001961265103
860	1.42779256034775	0.00640657023780383	0.00681637656288357	1.85248237552241	0.00815817602353594	0.00924010786957674
870	1.42413850836227	0.00649821034567341	0.00679475361608287	1.84105083144477	0.00808266732042244	0.00909016915910848
880	1.41904041521414	0.00633243442020146	0.00670414317234664	1.83177667888466	0.00827251777396498	0.00880539347879465
890	1.41433786377578	0.00625417994606564	0.00681637656288355	1.82333785779628	0.00827898994851755	0.00878058347634306
900	1.40879400139918	0.00624697229713207	0.00690904633488652	1.8155962425032	0.00817867124295247	0.00895317479774537
910	1.40316224086485	0.00634273106153512	0.0068153468987502	1.8086439167897	0.00831027212552174	0.00892620740377628
920	1.39754931565004	0.00639524393233679	0.00700480509928958	1.80123117215477	0.00812257906349671	0.00896288305957427
930	1.39187360603685	0.00661250306447706	0.00678239764648248	1.79146371360743	0.00824770777151339	0.00883343956852252
940	1.38796213801803	0.0065383672468747	0.0067113508212802	1.78549142245524	0.00830272125521038	0.00887335131159681
950	1.38400044248051	0.00619651875459712	0.00697391517528859	1.77927576701602	0.0083145869085568	0.0087611669526853
960	1.37773455952258	0.00636229468006907	0.0067092914930135	1.77351395308506	0.00837822995832389	0.008812944349106
970	1.37313246312162	0.00619034076979693	0.00688021573915227	1.76591704088157	0.00821211081147416	0.00878381956361936
980	1.36592481418806	0.00629948516793375	0.00693890659475415	1.75793863871461	0.00800500122579139	0.00881186565334722
990	1.36088322699847	0.00636435400833581	0.00641274822260403	1.75107181937223	0.00824231429271956	0.00861985780828716
1000	1.35800142311301	0.00623770531993177	0.00669899485167983	1.74363276508465	0.00791546947781392	0.0086090708506995
1010	1.35348722486978	0.00635611669526889	0.00648276538367294	1.73656862334738	0.00794135817602427	0.00829409168914027
1020	1.35021615771439	0.00616459916646278	0.00640554057367046	1.73171449243294	0.00783888207894164	0.00848933562147666
1030	1.34675045892404	0.00626653591566602	0.00645393478793868	1.72684720669217	0.00792517773964279	0.00819269428781641
1040	1.3443897655451	0.00625932826673247	0.0063643540083358	1.72240745280701	0.00772993380730642	0.008107477322874
1050	1.34170259329461	0.00605133611179248	0.00644878646727183	1.71679691937881	0.00766521206178054	0.00820779602843911
1060	1.3383938555002	0.00604000980632547	0.00644054915420492	1.71117323112427	0.00780544251041994	0.00799205687668619
1070	1.33669867674404	0.00628198087766653	0.00645187545967194	1.7065756193232	0.00767384162785065	0.00821211081147416
1080	1.33465190535699	0.00615842118166256	0.00635611669526889	1.69850513337195	0.00757352292228557	0.00832753125766196
1090	1.33207146658373	0.00610693797499425	0.00629536651140028	1.69207242329835	0.00783025251287152	0.00840951213532807
1100	1.32765144493807	0.00610899730326099	0.0064714390782059	1.68288377710936	0.00748399117430811	0.00806972297131726
1110	1.32147973857771	0.00612753125766158	0.00648070605540619	1.67628005429351	0.0077062025006136	0.00828222603579387
1120	1.31980967358091	0.00618931110566356	0.00642510419220442	1.67021567935704	0.00774935033096419	0.00837391517528884
1130	1.31622468443364	0.00612032360872801	0.00644054915420492	1.66138221347887	0.0076425594508465	0.00807188036283478
1140	1.31564078952874	0.00633552341260155	0.00633964206913501	1.65523890958444	0.00769973032606101	0.00807943123314613
1150	1.3139644460921	0.00620372640353069	0.00633758274086828	1.64991120492225	0.00756057857318039	0.00803304731551925
1160	1.31117054036437	0.00607295905859318	0.00630154449620047	1.64249846028732	0.00741819073302349	0.00800715861730891
1170	1.3083201286781	0.00612341260112813	0.00604721745525903	1.63763775195972	0.00763285118901762	0.00798234861485732
1180	1.30668145588049	0.00603074282912515	0.00644672713900511	1.63192855733407	0.00756489335621544	0.00783888207894164
1190	1.30285160757956	0.00595660701152279	0.00628095121353317	1.62815312217839	0.00764471684236403	0.00815062515322458
1200	1.30004514497215	0.00600191223339091	0.00602971316499179	1.6210560933753	0.00751850943858857	0.007809757293455
1210	1.2984001937347	0.00608016670752674	0.00633655307673491	1.61793182212278	0.00735994116205019	0.00783348860014782
1220	1.29632830858829	0.00613679823486188	0.00608634469232693	1.61408403542231	0.00754871291983398	0.00772454032851261
1230	1.29620273979154	0.00593601372885549	0.00628095121353315	1.61008496821909	0.00730169159107691	0.00769110075999091
1240	1.29244823276866	0.00589276783525408	0.00606369208139288	1.60359306142701	0.00732002941897589	0.00756273596469792
1250	1.28923367157181	0.00586290757538647	0.00622843834273147	1.59871262085992	0.00721431723461699	0.00767168423633314
1260	1.28672229563677	0.00588453052218716	0.00611723461632792	1.5923719945706	0.00710860505025806	0.00764903162539908
1270	1.28428626097978	0.00588556018632054	0.00606163275312615	1.58732711867442	0.00717224810002516	0.00763500858053515
1280	1.28173093596588	0.00595145869085597	0.00603074282912517	1.58306495494467	0.00730708506987073	0.00752821770041745
1290	1.27920072471133	0.00592056876685497	0.00616562883059614	1.57663224487106	0.00710429026722299	0.00777308163765699
1300	1.27610545387139	0.00573316989458234	0.00625726893846574	1.57134400468785	0.00712910026967459	0.00772669772003013
1310	1.27059298369398	0.00581142436871817	0.00615739151752919	1.5651875459671	0.00731032115714701	0.00773424859034148
1320	1.2684583141492	0.00597925962245686	0.00609458200539387	1.56066228571082	0.00720892375582317	0.00754439813679893
1330	1.26668779411499	0.00609149301299377	0.0060657514096596	1.5572880727581	0.00725530767345002	0.00765658249571044
1340	1.26287050269373	0.00578980142191748	0.00605648443245932	1.55156572330612	0.00715714635940247	0.00751419465555351
1350	1.26170899132378	0.00612753125766158	0.00601323853885794	1.54571840300403	0.00710321157146423	0.00738798725177807
1360	1.2589904268741	0.00580936504045143	0.00605030644765913	1.54105501707133	0.00697268938465373	0.00742250551605854
1370	1.2549659469382	0.00585878891885302	0.0059998529051242	1.53496433248221	0.00697484677617125	0.00752929639617622
1380	1.25207158617307	0.00579700907085104	0.00595866633978954	1.52853819982176	0.0069338563373382	0.00742789899485236
1390	1.24908304881037	0.00558283893111088	0.00615327286099573	1.52353278840457	0.00706653591566623	0.00754979161559274
1400	1.2460317270493	0.00587732287325361	0.00600809021819111	1.5183629416583	0.00707408678597759	0.00725962245648509
1410	1.24442444645087	0.0058134836969849	0.00597411130179002	1.51608715670383	0.00691012503064539	0.00711399852905189
1420	1.24330688415978	0.00580421671978461	0.00595660701152281	1.51410735534171	0.00696298112282484	0.00730816376562949
1430	1.23978467941089	0.00566933071831365	0.00589894582005431	1.50985834643828	0.00671919588134406	0.00704819808776724
1440	1.23715401311893	0.00566830105418027	0.00594322137778903	1.50774041939973	0.00686374111301852	0.00739877420936571
1450	1.23418431107575	0.00568786467271422	0.00583098798725212	1.50325462362243	0.00691120372640416	0.00717009070850763
1460	1.23099486363825	0.00566315273351345	0.00598955626379053	1.5009196419495	0.00713557244422718	0.00734591811718625
1470	1.23091324392036	0.00582583966658529	0.00584231429271916	1.49785456741545	0.00693817112037324	0.00711076244177558
1480	1.22842698174467	0.00559622456484464	0.00597925962245686	1.49465794461813	0.00674076979651936	0.00734052463839244
1490	1.22686992866495	0.00577847511645045	0.00590409414072112	1.4893368173691	0.00678283893111117	0.00723696984555104
1500	1.22186601211438	0.00563844079431265	0.00586393723951984	1.48380521289886	0.00691659720519796	0.00721755332189327
1510	1.22076100670297	0.0057527335131163	0.00579186075018421	1.47945096538482	0.00677205197352353	0.00697053199313619
1520	1.21971250725009	0.00568992400098094	0.00583510664378562	1.47800393448892	0.00694464329492584	0.00735454768325637
1530	1.2170253349996	0.00563329247364583	0.00555915665604345	1.47334712596937	0.00678499632262869	0.00697484677617125
1540	1.21705672719878	0.00570536896298146	0.00567859769551393	1.47097925723062	0.00694464329492586	0.00697916155920633
1550	1.21632214973778	0.00565285609217977	0.0058865898504539	1.46997291301665	0.00683677371904939	0.00706006374111365
1560	1.21637865569632	0.00568477568031413	0.00592056876685499	1.46778921184647	0.00678176023535241	0.00711076244177558
1570	1.21450768062472	0.00576200049031659	0.00575067418484957	1.46409928306192	0.00681304241235658	0.007067614611425
1580	1.21301969038321	0.00558386859524425	0.00577950478058382	1.46038304462471	0.00668899240009866	0.00701475851924554
1590	1.21150030794251	0.00565079676391304	0.00579186075018421	1.45767315040147	0.00680549154204523	0.0071711694042664
1600	1.21001859614084	0.00562196616817879	0.00565697474871322	1.45443706312518	0.00669654327041001	0.00698671242951767
1610	1.21074061672216	0.0057074282912482	0.00566830105418027	1.45258881002632	0.00671595979406778	0.00699749938710531
1620	1.21034507501239	0.00564873743564632	0.00553135572444257	1.44691907987964	0.00648835498896846	0.00694248590340831
1630	1.21122405658966	0.00562196616817879	0.00581142436871817	1.44116384336185	0.00648943368472722	0.0069187545967155
1640	1.20954143471318	0.0056734493748471	0.00577229713165026	1.43716477615862	0.00678068153959364	0.00692414807550931
1650	1.20761395368304	0.00561063986271177	0.00575067418484958	1.43312624447642	0.00644520715861788	0.00708163765628895
1660	1.20600039464477	0.00564461877911286	0.00571875459671521	1.42716710815056	0.00651963716597262	0.00677313066928228
1670	1.20408547049431	0.00552826673204247	0.00566933071831364	1.42524650350691	0.00667496935523472	0.00688315763667628
1680	1.20344506963087	0.00575994116204989	0.00577950478058381	1.42225378051765	0.00672674675165542	0.00689933807305773
1690	1.20228355826092	0.00559004658004445	0.00583098798725214	1.41996484073686	0.00673645501348429	0.0069273841627856
1700	1.19930757777789	0.00554371169404297	0.00581451336111825	1.41751804304015	0.00676557979897094	0.00665015935278314
1710	1.19726080639084	0.00557974993871079	0.00577229713165025	1.41491996484069	0.00654876195145926	0.00680980632508028
1720	1.1956849179916	0.00566212306938008	0.00571257661191503	1.41225611250959	0.00665878891885324	0.00691551850943921
1730	1.1947494304558	0.00566933071831364	0.00574037754351591	1.40729016557138	0.00646030889924059	0.00673645501348429
1740	1.19258336871183	0.00551282177004198	0.00571360627604839	1.40592206363343	0.00666418239764708	0.00688962981122886
1750	1.19096353123373	0.00547060554057396	0.00579289041431758	1.40292934064418	0.00655847021328815	0.00669654327041001
1760	1.19009710653614	0.00566830105418026	0.00563741113017929	1.40176513851429	0.00681627849963287	0.00670840892375642
1770	1.18945042723287	0.00556739396911039	0.00572699190978216	1.40023917866043	0.00663074282912537	0.00683030154449681
1780	1.18759200904094	0.00552311841137564	0.00571772493258186	1.39665448848649	0.006435498896789	0.00666418239764708
1790	1.18485460927174	0.0053841137533712	0.0056065212061783	1.39514826087212	0.00631899975484243	0.00643657759254777
1800	1.18408863961156	0.00545310125030674	0.00557151262564385	1.39572049581731	0.00659622456484491	0.00648080411865711
1810	1.18221766453995	0.00544383427310644	0.00557151262564386	1.39587177632007	0.00648511890169216	0.00653797499387163
1820	1.17940492349271	0.00542838931110595	0.00563020348124572	1.39371438480254	0.00652610934052522	0.00654336847266545
1830	1.17836898091951	0.0054994361363082	0.00550870311350851	1.39146490950072	0.00620681539593091	0.00659514586908614
1840	1.17698772415523	0.0055272370679091	0.00548913949497454	1.38953772744391	0.00643226280951271	0.00647325324834576
1850	1.17567553022918	0.00547781318950753	0.00571360627604839	1.38802492241637	0.0063837215003683	0.00664045109095426
1860	1.17320182493316	0.00541912233390565	0.00554783035057643	1.38538080232477	0.00643226280951271	0.00659514586908614
1870	1.17337134280878	0.00557872027457741	0.00551694042657543	1.38207894091684	0.00635459671488166	0.00654121108114791
1880	1.17426915970556	0.00553856337337613	0.00554783035057642	1.38266433068837	0.00667065457219966	0.00665447413581819
1890	1.17254886719005	0.0053995587153717	0.00550767344937514	1.38086869689481	0.00638372150036829	0.00651747977445511
1900	1.17190846632662	0.00541397401323881	0.0056034322137782	1.37959925615432	0.00646354498651687	0.00660916891395008
1910	1.17075951183634	0.005597254228978	0.00567859769551393	1.37832981541382	0.00660485413091502	0.00659514586908614
1920	1.16937197663223	0.00551179210590861	0.00549428781564138	1.37600141115405	0.00642686933071889	0.00635351801912289
1930	1.17067161367861	0.00552826673204246	0.0057558225055164	1.37603429821986	0.00621652365775981	0.00662750674184908
1940	1.16858717165253	0.00558077960284415	0.00550458445697504	1.37291660438051	0.00637401323853941	0.00655415543025309
1950	1.16549190081259	0.00533057121843616	0.00564873743564631	1.36829268292678	0.00633733758274143	0.0065261093405252
1960	1.1642738834841	0.00545516057857347	0.00560549154204495	1.36851631497433	0.00651208629566128	0.00662427065457278
1970	1.16353302758326	0.00545413091444011	0.00553032606030921	1.36547097267977	0.00632762932091254	0.00637940671733324
1980	1.16132929520027	0.00533263054670288	0.00546854621230723	1.36216911127184	0.00623270409414127	0.00661887717577896
1990	1.16091491817098	0.00543147830350604	0.0053872027457713	1.35870281453484	0.00635136062760537	0.00639342976219717
2000	1.15969062240265	0.00518847756803163	0.00538823240990466	1.35729524811791	0.00620897278744845	0.00641176759009617
