Distance from Center (cmd=annotatePeaks.pl /data/mm9/External/GSE40684-Rudensky-FoxP3-Enhancers/FoxP3-GFP-CD4TCell-TReg-FoxP3/peaks-mm10.txt mm10 -size 4000 -hist 10 -d ../tag-dirs/h3k27ac/AND-CD4TCell-H3K27Ac-No-Peptide-24h-MNase-Combined ../tag-dirs/h3k27ac/AND-CD4TCell-H3K27Ac-1uM-PCC-24h-MNase-Combined)	../tag-dirs/h3k27ac/AND-CD4TCell-H3K27Ac-No-Peptide-24h-MNase-Combined Coverage	../tag-dirs/h3k27ac/AND-CD4TCell-H3K27Ac-No-Peptide-24h-MNase-Combined + Tags	../tag-dirs/h3k27ac/AND-CD4TCell-H3K27Ac-No-Peptide-24h-MNase-Combined - Tags	../tag-dirs/h3k27ac/AND-CD4TCell-H3K27Ac-1uM-PCC-24h-MNase-Combined Coverage	../tag-dirs/h3k27ac/AND-CD4TCell-H3K27Ac-1uM-PCC-24h-MNase-Combined + Tags	../tag-dirs/h3k27ac/AND-CD4TCell-H3K27Ac-1uM-PCC-24h-MNase-Combined - Tags
-2000	1.39760200653046	0.00679662663369848	0.00676880960791251	1.5799866030274	0.00771670787707578	0.00746026139173489
-1990	1.39664084913542	0.0065481278700107	0.00642016955139535	1.58188199464115	0.00759042741080945	0.00714941716707927
-1980	1.39875539540451	0.0065981985164254	0.00668721299894041	1.58746155370414	0.0076234546096791	0.00734952313670133
-1970	1.40045155551341	0.00681888025432721	0.00646653126103858	1.5893569453179	0.00750883080183734	0.00765842458495287
-1960	1.40472587898783	0.00671688449311209	0.00645725891910995	1.58983079322133	0.00772836453550038	0.00747191805015948
-1950	1.40815212240781	0.00677808194984117	0.00655925468032508	1.59157218426647	0.00759625574002173	0.0071086188625932
-1940	1.41130698021036	0.00657594489579664	0.00651103850229611	1.59756636024497	0.00768173790180203	0.00742723419286524
-1930	1.41161228902996	0.00647209466619578	0.00639235252560941	1.60313407311037	0.00767979512539793	0.00742723419286524
-1920	1.41214375253075	0.00651474743906755	0.0066297244789828	1.60447269343758	0.00772059342988398	0.00751465913104963
-1910	1.41334237234104	0.00658892617449673	0.00667237725185456	1.60728024226545	0.00780607559166428	0.00751077357824143
-1900	1.41380598943747	0.00662045213705413	0.00670761215118344	1.61176995115053	0.00772836453550037	0.00747386082656358
-1890	1.4153551490036	0.00671873896149784	0.00654441893323924	1.61505134788184	0.00764093959731598	0.00735729424231773
-1880	1.41752623394299	0.00658150830095381	0.00672059342988356	1.62227752840928	0.00792847050512244	0.00761956905687092
-1870	1.41879270015764	0.00678179088661265	0.00665568703638304	1.62245522137307	0.00757488519957667	0.00751660190745372
-1860	1.41865700734892	0.00674841045566949	0.00651474743906756	1.62468230651923	0.00755740021193979	0.00733009537266036
-1850	1.42260340653563	0.00677066407629825	0.0066482691628401	1.62918386160189	0.00779636170964381	0.00763511126810369
-1840	1.42522680083739	0.00692643942069954	0.00668164959378323	1.63278510566803	0.00786047333097904	0.00746026139173491
-1830	1.42687773001005	0.00693571176262818	0.00661303426351125	1.6363508111414	0.00776722006358233	0.00752048746026194
-1820	1.42826858129935	0.00663157894736851	0.0066686683150831	1.64103005918785	0.00809749205227893	0.00767590957258974
-1810	1.42910535361974	0.00661674320028268	0.00689120452137067	1.64383760801573	0.00775167785234957	0.0078721299894036
-1800	1.42880004480014	0.00676510067114107	0.00676880960791251	1.64431145591916	0.0077108795478635	0.00747968915577586
-1790	1.42796327247975	0.0068096079123986	0.00665012363122584	1.64940532088113	0.00816548922642236	0.00767008124337744
-1780	1.43193228713457	0.00695240197809977	0.00691160367361371	1.65267487141485	0.00800035323207406	0.00756322854115208
-1770	1.43387721739278	0.00686895090074192	0.00653700105969631	1.65749627383234	0.00787212998940359	0.00771476510067169
-1760	1.43715646026998	0.00685596962204181	0.00677622748145544	1.66135813424536	0.00802560932532731	0.00768562345461023
-1750	1.43798192485631	0.00658521723772531	0.00665939597315447	1.66558722678355	0.00789155775344457	0.00766231013776105
-1740	1.43922577560284	0.00677808194984115	0.00686895090074191	1.67072847653586	0.00813440480395677	0.00764676792652827
-1730	1.44086539704144	0.00696538325679986	0.00674284705051231	1.6754195707799	0.00795178382197161	0.00769728011303482
-1720	1.44291209690618	0.00696538325679986	0.00658150830095384	1.67962497092291	0.00807806428823798	0.00778859060402739
-1710	1.44840765565901	0.00702287177675748	0.00685967855881327	1.68855700390273	0.0085443306252214	0.00793041328152653
-1700	1.45087274168394	0.00696167432002842	0.00669463087248336	1.69632810951912	0.00840056517131819	0.00777499116919872
-1690	1.45558806678668	0.00720460967855898	0.00699134581420006	1.70489291037377	0.00850353232073536	0.00787212998940361
-1680	1.45782699813043	0.0069320028258567	0.00686524196397045	1.71388417434151	0.00837919463087311	0.00782550335570525
-1670	1.46030339188942	0.00710446838572957	0.0067428470505123	1.72212912786134	0.0085423878488173	0.00792652772871835
-1660	1.46270063151	0.00698021900388569	0.0068800777110563	1.72723483902089	0.00845690568703701	0.00790904274108146
-1650	1.46519964073711	0.0071934828682446	0.00673357470858366	1.73660518131138	0.00868032497350824	0.00783133168491757
-1640	1.47133974033132	0.00711559519604395	0.00692829388908527	1.7441867477664	0.00835782409042803	0.00784687389615032
-1630	1.47631514331743	0.00717679265277303	0.0066241610738256	1.75205262296347	0.00853461674320091	0.00798092546803308
-1620	1.48242131970946	0.00712857647474407	0.00687451430589912	1.75994219055572	0.00853461674320092	0.00770893677145941
-1610	1.48461502011697	0.00742158247968935	0.00700247262451445	1.7678080657528	0.00855793006005009	0.00793235605793064
-1600	1.48685395146072	0.00710261391734385	0.00682444365948443	1.77486839951403	0.00858707170611156	0.00830536912751738
-1590	1.49164843070187	0.00723428117273064	0.00684484281172743	1.78146673156941	0.00854044507241322	0.0079614977039921
-1580	1.49775460709391	0.00731587778170277	0.00668350406216894	1.789747223682	0.00864535499823449	0.00825097138820265
-1570	1.50493501822158	0.00733442246556007	0.00670761215118344	1.79376308466364	0.00849964676792716	0.00803532320734782
-1560	1.51117688742233	0.00734740374426017	0.00692273048392807	1.80064572546108	0.00858318615330336	0.00817131755563463
-1550	1.51453528443795	0.00720090074178753	0.00692087601554234	1.81002791394916	0.00890762981278767	0.00831314023313377
-1540	1.52177223423592	0.0076812080536915	0.00695054750971403	1.81611685950835	0.00878329212292541	0.00842776404097554
-1530	1.52589955716757	0.00733442246556006	0.0071193041328154	1.81899548552174	0.00872889438361068	0.00860455669374845
-1520	1.52899787629982	0.00732700459201713	0.00720275521017325	1.82280996114442	0.00880854821617869	0.00820823030731251
-1510	1.53354358539167	0.00754026845637605	0.00685782409042756	1.82910029206256	0.00864535499823449	0.00854044507241322
-1500	1.53975153139024	0.00744198163193235	0.00717493818438731	1.83154060876527	0.00892705757682864	0.00835976686683212
-1490	1.54297423559715	0.007430854821618	0.00703585305545759	1.83659893513447	0.00892705757682865	0.00857735782409107
-1480	1.54604993926129	0.00744939950547527	0.00700247262451445	1.84088725866059	0.00905916637230727	0.0085521017308378
-1470	1.55148895934382	0.00753841398799031	0.00748834334157561	1.84669189547771	0.00869198163193284	0.00840445072412638
-1460	1.55258580954758	0.00732700459201715	0.00711930413281539	1.85244914750449	0.00891151536559586	0.00872889438361068
-1450	1.55632866952121	0.00743085482161801	0.00698021900388568	1.85532777351788	0.00900671140939666	0.00842582126457145
-1440	1.55860152406714	0.00730845990815983	0.00700989049805738	1.86157071964568	0.00890568703638358	0.00839667961850999
-1430	1.5625592309879	0.00749390674673278	0.00706923348640072	1.86495873215526	0.00889791593076718	0.00873860826563117
-1420	1.5679530201342	0.00748092546803271	0.00718977393147313	1.87162814139616	0.0093039561992236	0.0087133521723779
-1410	1.56999971999894	0.00745125397386102	0.0072862062875311	1.87595200351503	0.00877163546450085	0.00856181561285828
-1400	1.57222734360863	0.00754397739314748	0.00729918756623118	1.88343880038936	0.00890180148357539	0.00843942069940013
-1390	1.57451150588861	0.00759219357117646	0.00714155775344418	1.89561669150773	0.00960897209466689	0.0087211232779943
-1380	1.57857098241591	0.00755881314023334	0.0073807841752033	1.90518841915718	0.0095604026845645	0.00878134934652131
-1370	1.58257392027291	0.00782956552454986	0.00741045566937498	1.91298321716875	0.00940109501942849	0.00896785588131468
-1360	1.58587577861823	0.00768862592723443	0.0074382726951609	1.91778092719106	0.00931755563405229	0.00874443659484346
-1350	1.58930202203821	0.00779989403037818	0.0073436948074887	1.92672480636846	0.00952737548569486	0.00883768986224015
-1340	1.59534035202589	0.00791301660190769	0.00731587778170277	1.93331129222625	0.00937001059696294	0.00885128929706883
-1330	1.60211368472742	0.00785367361356435	0.00747907099964697	1.94429271738844	0.00947686329918829	0.00883186153302786
-1320	1.60667070155333	0.00795937831155093	0.00727693394560244	1.95567691326855	0.00975273754857019	0.00851713175556404
-1310	1.61584127387545	0.00815595196043829	0.00734925821264586	1.96462079244595	0.00972165312610461	0.00913687742847121
-1300	1.62037567523324	0.00795196043800803	0.00741601907453217	1.97256959102613	0.00969445425644725	0.00918933239138183
-1290	1.62847201281971	0.00797977746379396	0.00755881314023333	1.97990238733184	0.00956234546096862	0.00866089720946728
-1280	1.63565242394738	0.00824682091133902	0.00761444719180524	1.9914050451878	0.00977216531261116	0.00888043094313029
-1270	1.64180383127566	0.00802613917343721	0.00721944542564482	2.00310908840273	0.00999558459908239	0.00887265983751392
-1260	1.64821531648729	0.00781658424584974	0.00752357824090448	2.01090388641429	0.00960702931826286	0.00901253973860894
-1250	1.65134755882173	0.00801501236312285	0.00738078417520329	2.01937391768826	0.009987813493466	0.00920098904980642
-1240	1.65835835393851	0.00778691275167808	0.0075328505828331	2.03026057326975	0.0100014129282947	0.00942635111268173
-1230	1.66391045136164	0.00794268809607938	0.00747536206287548	2.03905045187854	0.00977410808901524	0.00936029671494242
-1220	1.67012970509427	0.00827463793712499	0.00739376545390339	2.04568432252667	0.00994312963617174	0.00924373013069656
-1210	1.67607757320947	0.00802057576828003	0.00757179441893345	2.05301711883238	0.0103996820911347	0.00967696926881035
-1200	1.68272652083636	0.00800759448957992	0.00777764040974942	2.0598405286419	0.00995478629459632	0.00931949841045639
-1190	1.68644676534188	0.00794083362769366	0.00753470505121887	2.06867779204102	0.0101898622394921	0.00927287177675802
-1180	1.69096985896561	0.00799275874249406	0.00773313316849193	2.0778112103798	0.00993147297774719	0.00938943836100391
-1170	1.69623926303725	0.00819304132815286	0.00787592723419311	2.08517954527827	0.00991204521370619	0.00974885199576198
-1160	1.70205143834374	0.00850644648534117	0.0079501059696223	2.09633866340424	0.0105356764394216	0.00974302366654969
-1150	1.70596391432827	0.00842299540798337	0.00784996467679291	2.10785316745779	0.0106172730483936	0.0093933239138121
-1140	1.71135770347457	0.00839517838219741	0.00797792299540822	2.12030352112064	0.0104210526315798	0.00959148710703007
-1130	1.72033604431767	0.00883097845284387	0.00785367361356435	2.13269464379555	0.0108717767573304	0.00978576474743983
-1120	1.72871507525563	0.00846564818085512	0.00811144471918079	2.14359314557464	0.0102539738608274	0.0095468032497358
-1110	1.73229962695244	0.00853426351112712	0.00786480042387874	2.15700304124194	0.0106192158247978	0.00985959025079554
-1100	1.74132319873178	0.00871414694454289	0.00788334510773604	2.16831615993654	0.0108018368067829	0.00957011656658501
-1090	1.7497700760741	0.00856022606852733	0.00756993995054773	2.17980697159492	0.0106328152596264	0.00957400211939319
-1080	1.76001488313185	0.00862142352525642	0.00797421405863678	2.19107270549917	0.0107377251854477	0.00963811374072842
-1070	1.76548782641656	0.00840630519251177	0.00807806428823766	2.20482614089647	0.0109844577887681	0.0098129636170972
-1060	1.77055369127514	0.00850273754856972	0.00784069233486423	2.21803465120481	0.0110524549629115	0.00999947015189057
-1050	1.77708956156143	0.00844895796538357	0.00785367361356436	2.23261732043313	0.0112972447898278	0.00965948428117348
-1040	1.78482405165801	0.00881614270575803	0.00824311197456759	2.24475967295874	0.0110038855528091	0.0102423172024028
-1030	1.79322569806409	0.00870302013422852	0.00827278346873922	2.25774310551295	0.0112583892617459	0.00995867184740451
-1020	1.80212488476878	0.00896820911338786	0.00820973154362445	2.27201777360403	0.0113516425291426	0.0100441540091848
-1010	1.80684020987152	0.00854353585305576	0.00805210173083743	2.28375735541172	0.0107960084775707	0.0103841398799019
-1000	1.81869071516569	0.00884581419992969	0.00836365241964002	2.30357604397303	0.0117887672200646	0.0102403744259987
-990	1.82639128206009	0.00909802190038892	0.00817078770752409	2.32027918256924	0.0116100317908876	0.010762981278701
-980	1.83897679006812	0.0093465206640767	0.00828947368421081	2.33340476949448	0.0116799717414351	0.0102306605439782
-970	1.849628675552	0.00901827975980254	0.00857877075238462	2.35194406871651	0.0117285411515375	0.0107513246202764
-960	1.86029186876995	0.00950600494524943	0.0085954609678562	2.36727304839274	0.0120141292829399	0.0109922288943845
-950	1.87012959740156	0.00942811727304881	0.0084767749911695	2.38250725848828	0.011856764394208	0.0106269869304141
-940	1.8815164855993	0.00937248322147692	0.00866036736135676	2.40175732956547	0.0119927587424948	0.011021370540446
-930	1.89216837108319	0.00960243730130742	0.00864367714588517	2.41400629786935	0.0119577887672211	0.0108368067820567
-920	1.90102232685164	0.00958018368067866	0.0084767749911695	2.43094636041728	0.0121093253267407	0.0103141999293544
-910	1.91195690568701	0.00936506534793401	0.00845266690215503	2.4542952158592	0.0125581066760872	0.0107726951607215
-900	1.92139886362654	0.00929274108089054	0.00838961497704022	2.47164989532264	0.0122647474390685	0.0107085835393862
-890	1.93228821152567	0.00942440833627737	0.00843597668668344	2.49149227627912	0.0125989049805733	0.0110310844224665
-880	1.94174147719927	0.00929274108089056	0.00852684563758422	2.5065251010157	0.0122647474390685	0.0108581773225018
-870	1.94920458167843	0.00935022960084818	0.00862513246202785	2.52539609377014	0.0124998233839643	0.0109766866831517
-860	1.95558214368789	0.00912583892617483	0.00858247968915609	2.54906479654689	0.0131448251501247	0.0112525609325336
-850	1.96521633310643	0.00958018368067864	0.00867705757682833	2.56746194139788	0.0124415400918414	0.0111826209819861
-840	1.97679545278318	0.00964323560579347	0.00915365595196082	2.58921156016571	0.0130981985164264	0.0115808901448261
-830	1.98984457788764	0.0102867361356417	0.00884025079477251	2.60980025157011	0.0134848110208418	0.011499293535854
-820	2.00337993555666	0.0101291063228547	0.00916478276227517	2.63108786863208	0.0132594489579665	0.0119694454256456
-810	2.01497036296746	0.0105074178735435	0.00959687389615022	2.64956793686617	0.0133157894736853	0.0119908159660907
-800	2.02614240421808	0.0103219710349705	0.0092723419286475	2.67521495463978	0.0140287884139892	0.011718827269517
-790	2.04060499607996	0.0105241080890151	0.00948560579300644	2.69878888783584	0.0137179441893336	0.0121073825503366
-780	2.05581389838975	0.010922818791947	0.00937433768986265	2.72190081932605	0.0137937124690934	0.012194807488521
-770	2.0710906471039	0.0107874425997887	0.00959501942776449	2.74402951641662	0.013824796891559	0.012076298127871
-760	2.08265845904659	0.0106539208760162	0.00931870363829075	2.77011484350091	0.0142366654892277	0.0121501236312267
-750	2.0969175116954	0.0106427940657018	0.00914438361003213	2.79783494585205	0.0141298127870023	0.0121229247615694
-740	2.11788205064139	0.0110767396679625	0.00941884493112014	2.82351750221841	0.0143959731543637	0.0123813140233143
-730	2.13194887181119	0.0105389438361009	0.00929088661250484	2.84416542461074	0.0139083362769352	0.0124434828682455
-720	2.14388983897784	0.0101773225008836	0.00908318615330308	2.86589135098339	0.0145183680678218	0.0121714941716718
-710	2.16100974834366	0.0106149770399158	0.00908133168491734	2.89309022064076	0.0143007771105629	0.0126999293535864
-700	2.17408148891624	0.0102737548569416	0.0091425291416464	2.91081213222935	0.0140093606499482	0.0125037089367725
-690	2.19122401375017	0.0105259625574008	0.00944109855174892	2.93225374985994	0.0147068173790193	0.0130379724478994
-680	2.20613891497442	0.0107967149417173	0.0097025785941368	2.94828165519375	0.0141783821971047	0.0126202755210184
-670	2.22174358797629	0.0111713175556347	0.00965807135287929	2.97395236536252	0.0149710349699766	0.0130690568703649
-660	2.2332774767168	0.0109413634758042	0.0098768986223954	2.99604552386034	0.0153498763687756	0.0132827622748157
-650	2.25036346288045	0.0115218120805377	0.00979901095019477	3.0183519139147	0.0151886259272355	0.0133313316849181
-640	2.26602467455261	0.01146432356058	0.00994365948428169	3.04722109743169	0.0156043800777124	0.0136829742140598
-630	2.28538351526218	0.0118426351112689	0.0103813140233139	3.07392242679044	0.0159890498057238	0.0136596608972107
-620	2.30693605637925	0.0122598904980581	0.0105778876722013	3.10455669374773	0.0162668668315098	0.0140598728364548
-610	2.32552597117278	0.0121597492052286	0.0106539208760161	3.12978909460583	0.0162960084775712	0.0141880960791252
-600	2.342340571719	0.0121560402684572	0.010305280819499	3.16250829233825	0.0168127870010612	0.0137296008477582
-590	2.36202733671629	0.0119223772518553	0.0105630519251154	3.19343871423519	0.0166612504415416	0.0142347227128236
-580	2.38277702871515	0.0123396326386444	0.0106149770399158	3.22318451637354	0.0168147297774653	0.0148544683857307
-570	2.39814423930177	0.0121634581420001	0.0110415047686337	3.24923430486507	0.0170634051571898	0.0141997527375498
-560	2.41399768245295	0.0122432002825865	0.01025706464147	3.27829302754343	0.0166631932179457	0.0139355351465925
-550	2.43421591095102	0.0124342105263166	0.0106650476863305	3.31237453799823	0.0170536912751693	0.0145785941363488
-540	2.45420798476791	0.0122988343341584	0.010325679971742	3.34163464603556	0.0169274108089029	0.0140482161780302
-530	2.4731710547854	0.0120985517484996	0.0104814553161433	3.37428276658246	0.0167545037089383	0.0140501589544343
-520	2.48966903877795	0.0120948428117281	0.0102236842105269	3.40106701932432	0.0167972447898284	0.0142327799364195
-510	2.50634794651546	0.0120670257859421	0.010826386435889	3.43260159729814	0.0170750618156144	0.0150176616036749
-500	2.52358093322187	0.0124305015895452	0.010689155775345	3.46458633078024	0.017624867537974	0.0145377958318628
-490	2.54413839374173	0.0126790003532329	0.0108208230307318	3.4987863032109	0.0180056517131772	0.0147048746026152
-480	2.56461670012316	0.012857029318263	0.0115644648534094	3.54061522688693	0.0184932885906054	0.0155849523136714
-470	2.58447308113134	0.0134078064288248	0.0114494878134942	3.58263368972433	0.0191985164252925	0.0155441540091854
-460	2.61196218262956	0.0139715648180865	0.0120373542917705	3.6251852314531	0.0193442246555997	0.0160881314023327
-450	2.63786820135948	0.0146521547156493	0.0122116743200291	3.66806846671427	0.0199406570116574	0.0159327092900049
-440	2.66445268413295	0.0146669904627352	0.0122024019781004	3.71290632457713	0.0201640762981284	0.0163329212292491
-430	2.69063008848029	0.0146818262098211	0.0121745849523145	3.75401263020041	0.0202320734722717	0.0165757682797613
-420	2.71952134900187	0.0147819675026504	0.0123433415754159	3.79623247839677	0.0201077357824096	0.0164281172730498
-410	2.75035753978165	0.0153494348286837	0.0119093959731551	3.84615235502401	0.0211704344754505	0.0162571529494893
-400	2.77677240654423	0.0145149240551054	0.0119019780996122	3.8902912872293	0.0203777817025791	0.0161269869304147
-390	2.80188688388999	0.0147726951607218	0.0119909925821272	3.93912131367862	0.0206555987283648	0.0168341575415062
-380	2.82511296964785	0.0146169198163205	0.0119557576827984	3.97865207502297	0.0209217590957261	0.0169837513246218
-370	2.84681251130769	0.0145464500176628	0.0117313670081251	4.01878699244421	0.0205662310137763	0.0163581773225023
-360	2.87213052786652	0.0145093606499482	0.0116312257152957	4.05900483324854	0.0206691981631936	0.0165330271988711
-350	2.90063732543008	0.0147170611091499	0.011327092900036	4.10605793005997	0.0212908866125046	0.016550512186508
-340	2.93209544158313	0.0148635641116225	0.0121523313316857	4.15739935039753	0.0218232073472268	0.0170362062875324
-330	2.96090754796629	0.0150082126457095	0.0122691628399867	4.21120477983296	0.022390498057223	0.0174519604380093
-320	2.99764637592504	0.0159057753444026	0.0124305015895452	4.26469036193357	0.0223322147651001	0.0175141292829405
-310	3.04042353387147	0.0167458495231382	0.0128551748498773	4.32441889016198	0.0234221123277985	0.0184524902861194
-300	3.08234130402939	0.0172057576827991	0.0133484634404813	4.38399341782177	0.024457612151182	0.018685623454611
-290	3.1324911045825	0.0177991875662326	0.0136414694454266	4.45768861300403	0.0253027198869641	0.0193966796185103
-280	3.18450668125539	0.0186299894030395	0.0140142175909583	4.53176288650903	0.0260137760508636	0.0195929000353241
-270	3.23792441695165	0.0190212822324284	0.0140049452490297	4.60545808169129	0.0261361709643216	0.0196239844577897
-260	3.29332100610828	0.0190750618156145	0.0142960967855892	4.68781284730888	0.0267539738608245	0.0198843164959385
-250	3.34855928698809	0.0191529494878152	0.0141903920876026	4.76910145514374	0.0268802543270906	0.0201815612857653
-240	3.39941016705288	0.0190342635111285	0.0138454609678569	4.84004833248606	0.0260759448957948	0.0199969975273761
-230	3.44849704060441	0.0183258565877798	0.0138398975626997	4.90468118651506	0.0255358530554558	0.0202243023666554
-220	3.49026781021956	0.0174802190038871	0.0134226421759105	4.96852034530579	0.025201695513951	0.0194977039915232
-210	3.52687094536959	0.0169331508300968	0.013474567290711	5.01724375597685	0.0240690568703627	0.0199290003532327
-200	3.55402081484604	0.0158445778876734	0.0135543094312973	5.04794910011966	0.0226061462380778	0.0195249028611807
-190	3.57160434130829	0.0152010773578252	0.0132538855528091	5.07249442151777	0.0218562345460964	0.0190780642882384
-180	3.57711120779518	0.0143350406216895	0.0137434652066418	5.07607197318873	0.0198843164959385	0.0203544683857299
-170	3.56744309517445	0.0132872659837523	0.0141755563405168	5.06621593679721	0.0197444365948435	0.020599258212646
-160	3.54981433777597	0.0125899858707179	0.014496379371248	5.04331723686355	0.0187439067467338	0.0209198163193219
-150	3.52181638824508	0.0120076827975988	0.0151064994701531	5.00910541823529	0.0181863299187581	0.0218659484281171
-140	3.47519460071848	0.0115570469798665	0.0156517131755576	4.95745599676051	0.0176151536559535	0.0225245496291057
-130	3.41962839555095	0.0111917167078777	0.0169424231720254	4.89368791515528	0.017823030731192	0.0240496291063218
-120	3.3477225146677	0.0111323737195344	0.017762098198518	4.80683159445503	0.0168361003179103	0.0252036382903551
-110	3.26282404735028	0.0109543447545043	0.017967944189334	4.69576164588906	0.0159987636877443	0.0255475097138803
-100	3.17161586442776	0.0106465030024732	0.0188580890144842	4.58807970983268	0.0169157541504784	0.0260817732250067
-90	3.06943917946769	0.0104332391381143	0.0188154362416125	4.47456944456401	0.0169040974920538	0.0265072412575041
-80	2.96615433656981	0.0105500706464152	0.0188191451783839	4.3480046695556	0.0166204521370555	0.0263848463440461
-70	2.86430557589746	0.0108523489932892	0.0184556693747808	4.22461467550024	0.0168127870010612	0.0260720593429865
-60	2.76895876230922	0.0107355174849882	0.0184538149063951	4.11555858052389	0.0167545037089383	0.0264897562698674
-50	2.68115420733856	0.011169463087249	0.0172224478982706	4.0034106279776	0.0170167785234914	0.0247975980218989
-40	2.60412592292644	0.0111027022253627	0.0169146061462395	3.9116973662671	0.0171819145178397	0.0233133168491691
-30	2.53703713675246	0.0114031261038509	0.0161932179441906	3.83596462510005	0.0174888731896872	0.0228761921582473
-20	2.48645764230509	0.012122659837514	0.0148079300600506	3.77624794306923	0.0180095372659854	0.0211140939597317
-10	2.45279451801048	0.0123804309431305	0.0140271988696584	3.74248627994924	0.0182737548569425	0.0207235959025083
0	2.43570853184684	0.0127624514305907	0.013830625220771	3.72138820204865	0.0191868597668678	0.0205312610385027
10	2.43409152587636	0.0138046626633709	0.0133836983398102	3.71296555556503	0.019674496644296	0.0198901448251508
20	2.44431371746599	0.0139919639703295	0.0123841398799019	3.72060635300797	0.0199445425644655	0.019132462027553
30	2.4775584556004	0.0148913811374084	0.0124879901095028	3.75462863247485	0.0214599081596608	0.0181319321794435
40	2.52098015438821	0.0156943659484293	0.0120039738608273	3.8074863661034	0.0227052278346868	0.0179337689862255
50	2.57971252509235	0.0164825150123645	0.011395708230308	3.87559015602509	0.0234221123277984	0.0175685270222552
60	2.65411741520271	0.0176230130695882	0.0112992758742501	3.96821557494971	0.0248170257859398	0.0169584952313685
70	2.73945688414844	0.0182665135994364	0.0109061285764753	4.06477393147287	0.0249005651713159	0.0169798657718136
80	2.83499592921569	0.0185891910985535	0.0105667608618868	4.17343910192889	0.0258214411868578	0.0164281172730498
90	2.9394680841898	0.018969357117628	0.0103813140233139	4.29201953976435	0.0263848463440459	0.015893853761923
100	3.04328439058848	0.0185131578947385	0.0103998587071711	4.41126336466463	0.025384316495936	0.0165097138820219
110	3.14365183809905	0.0187987460261408	0.0108764570823037	4.52412208906608	0.0264878134934632	0.0170634051571898
120	3.23605864083186	0.0179234369480764	0.0108504945249035	4.63217125724762	0.0248578240904259	0.016608795478631
130	3.31990548888176	0.0175339985870732	0.0106910102437307	4.7354701001972	0.0247859413634744	0.017127516778525
140	3.39582561535607	0.0167996291063243	0.0110025609325333	4.81980318081164	0.0238436948074876	0.0168574708583554
150	3.45599406828574	0.0163378664782776	0.0114494878134942	4.8946000723694	0.0231986930413275	0.0173703638290372
160	3.50703717982954	0.0154736842105276	0.0117220946661964	4.95738491957498	0.0222681031437651	0.0179473684210542
170	3.54230600236058	0.0148450194277652	0.0123192334864014	4.9967735265483	0.0213200282585659	0.0183825503355719
180	3.56924102488989	0.0144833980925479	0.013289120452138	5.032631966641	0.0211412928293891	0.0191033203814916
190	3.58150991634426	0.0144184916990474	0.0139493111974578	5.05818421483392	0.0211296361709644	0.0205332038149067
200	3.58027737333179	0.0134504592016965	0.0151565701165678	5.05741421199083	0.0199659131049105	0.0213783115506887
210	3.56848340670791	0.0140309078064299	0.0160615506888039	5.03690844396953	0.0198376898622403	0.0227479689155767
220	3.54529124415224	0.0138825503355715	0.0167959201695528	5.00389309129746	0.0198998587071712	0.0235095372659828
230	3.51161681212357	0.0137638643588848	0.0170054750971403	4.96363971190037	0.0198707170611098	0.0243935005298468
240	3.47304613124721	0.0138139350052995	0.0183759272341945	4.91329337216004	0.0202340162486759	0.0254989403037777
250	3.43221390355898	0.0150137760508666	0.0190194277640427	4.85600516063434	0.0204516072059347	0.0261575415047665
260	3.37994955673678	0.0145464500176628	0.0194793359237037	4.78131488485486	0.0198240904274115	0.0263712469092173
270	3.32870290597992	0.0145483044860485	0.0190694984104574	4.70974015904049	0.0201465913104915	0.0259185800070627
280	3.27339677869575	0.0142460261391745	0.0190064464853426	4.63439834239378	0.0194607912398455	0.026427587424936
290	3.22459259849571	0.0142942423172035	0.0186429706817396	4.55964883562638	0.0195929000353241	0.0259943482868223
300	3.17631988179644	0.0139010950194288	0.0177379901095035	4.49090535103505	0.0193869657364898	0.0251162133521707
310	3.13312433768982	0.0137323383963274	0.0170703814906408	4.42380848790817	0.0194841045566946	0.0241545390321427
320	3.09561658381504	0.0132297774637947	0.0165288767220078	4.36223195285635	0.0185884846344061	0.0235989049805712
330	3.06344608041626	0.0133929706817389	0.0157258919109868	4.31429039122597	0.0185612857647487	0.022648887318968
340	3.03376327851053	0.0128941186859776	0.0155497174143425	4.26442974558667	0.0178716001412944	0.0223205581066756
350	3.00429532355192	0.0122654539032152	0.01490807135288	4.21692649326697	0.0177025785941379	0.0218154362416104
360	2.97246405217492	0.0116608972094674	0.0146744083362781	4.16890200825348	0.0171527728717783	0.0214987636877428
370	2.94084762774505	0.0116720240197817	0.0149507241257518	4.12305722359582	0.017207170611093	0.0210927234192865
380	2.91236344564961	0.0118500529848118	0.0145983751324632	4.08607339473245	0.0170964323560594	0.0208848463440483
390	2.88194564103002	0.0115996997527383	0.0147040798304498	4.0403826106434	0.0167195337336645	0.020496291063229
400	2.85557600520367	0.0117703108442254	0.0149043624161086	4.00217862342868	0.0166593076651375	0.0214618509360649
410	2.82548612487181	0.0115922818791954	0.0147671317555646	3.95294582626143	0.0165019427764055	0.0205856587778174
420	2.79422024019777	0.0121634581420001	0.0148338926174509	3.90194794565387	0.0165446838572957	0.020418580007065
430	2.76342928035423	0.0121486223949143	0.0150638466972813	3.85651777791172	0.0163756623101392	0.0204885199576125
440	2.73417617234275	0.0123952666902163	0.0149488696573661	3.81551808806671	0.0170051218650669	0.0201737901801489
450	2.70444813950079	0.0121282232426712	0.0147467326033216	3.7759517881296	0.0166223949134596	0.0200824796891564
460	2.67623534302277	0.0122450547509722	0.0147318968562357	3.73498763687735	0.0163193217944204	0.0202243023666555
470	2.64881408792891	0.0120744436594851	0.0142386082656316	3.6953739521499	0.0164902861179809	0.0194258212645717
480	2.61931220976813	0.0114995584599089	0.013975273754858	3.65339102790526	0.0158685976686697	0.0191324620275531
490	2.59091848954516	0.01128629459555	0.0141366125044165	3.6098207131841	0.015417873542919	0.0192470858353948
500	2.56253607705625	0.0113289473684217	0.0129868421052641	3.57239857501005	0.0157190038855542	0.0186098551748512
510	2.53926476036216	0.0107911515365601	0.0132371953373376	3.53744044593388	0.0154916990462748	0.0185476863299201
520	2.51546198016728	0.0110785941363482	0.0126326386435897	3.49941415168295	0.0151944542564478	0.0178968562345477
530	2.49665721842662	0.0103813140233138	0.0121170964323569	3.46931296361702	0.0146193924408349	0.0175121865065364
540	2.48161793212772	0.0105482161780296	0.0119557576827984	3.44034901051935	0.0149088661250454	0.0172110561639012
550	2.46489379345397	0.0104907276580719	0.0119984104556702	3.41360029637025	0.0147942423172037	0.017366478276229
560	2.45032943198556	0.0107021370540451	0.0120577534440135	3.3840321871957	0.0149574355351479	0.0170245496291078
570	2.43460037390904	0.0106038502296015	0.0121282232426712	3.35759147418383	0.0145552808194997	0.0169410102437317
580	2.42064663007983	0.0107355174849882	0.0120466266336992	3.32981214084476	0.0144561992228907	0.0165835393853777
590	2.40393379914015	0.0108022783468745	0.012534351819146	3.30502989549493	0.0146155068880267	0.016410632285413
600	2.38524211474009	0.0106798834334163	0.0123526139173445	3.28201273358541	0.0143959731543637	0.0168186153302734
610	2.3649447321036	0.0104870187213005	0.0122543270929009	3.25250385539878	0.0142463793712482	0.0167719886965751
620	2.34723682056669	0.0106372306605446	0.0123785764747448	3.21999788922291	0.0136285764747451	0.0165466266336998
630	2.32686028379179	0.0105333804309437	0.0120447721653134	3.18655607343774	0.0137082303073131	0.0164067467326048
640	2.31052060807606	0.0107021370540451	0.0121319321794427	3.15820812261454	0.014283292122926	0.0166865065347948
650	2.29496116601043	0.0104184033910285	0.0115218120805376	3.12702893056829	0.0135722359590263	0.0158394560226083
660	2.28081519070221	0.0102885906040274	0.0114494878134941	3.10237699339191	0.0133468738961509	0.0156801483574722
670	2.2665561380534	0.0101291063228546	0.0115106852702233	3.07400535017353	0.013170081243378	0.0158316849169919
680	2.25015992366738	0.00980271988696621	0.0110619039208767	3.04506508947103	0.0135178382197115	0.0152158247968929
690	2.23497363682571	0.00956349346520709	0.0107522077004598	3.01753452628126	0.0127620981985175	0.0149030377958332
700	2.22068066097472	0.00967105263157937	0.010935800070647	2.99561906074723	0.0130321441186871	0.0157306605439788
710	2.21000616002272	0.0097452313670086	0.0106149770399158	2.96657218426646	0.0127057576827986	0.0146796185093619
720	2.19650472555588	0.00945964323560618	0.0106038502296015	2.94636257118481	0.0129408336276945	0.0149904627340176
730	2.18362521646231	0.00954494878134977	0.010531525962558	2.91905708574917	0.0126455316142717	0.0145727658071366
740	2.17148071008259	0.00968403391027948	0.0107039915224308	2.89436960998003	0.0123638290356775	0.0146893323913824
750	2.15739127344467	0.00942811727304879	0.0107874425997887	2.86906613193642	0.0124434828682455	0.0146718474037455
760	2.14472661129823	0.00974708583539428	0.0106873013069593	2.84569358409932	0.0126241610738266	0.0144795125397399
770	2.13094248347991	0.00949487813493508	0.0106669021547163	2.82247503683084	0.012373542917698	0.0146155068880267
780	2.11823259039723	0.00945593429883474	0.0110971388202055	2.79916171998167	0.0124687389614988	0.0144853408689522
790	2.10407530735495	0.00935579300600534	0.0105482161780296	2.78237565800236	0.0128203814906404	0.0140521017308384
800	2.09367219202037	0.00994180501589594	0.0108708936771465	2.76337435707448	0.0124279406570127	0.0141162133521736
810	2.07870075212583	0.0095857470858358	0.010895001766161	2.73978857768084	0.0123210879547873	0.0137490286117991
820	2.06254200015505	0.00942997174143455	0.0105389438361009	2.7178849583444	0.0118587071706121	0.014024902861181
830	2.04736702104744	0.00920929000353271	0.0104406570116572	2.69946412109823	0.0125056517131766	0.0137490286117991
840	2.03435181914515	0.00919445425644687	0.0101105616389973	2.68260698193341	0.0121073825503366	0.0134945249028623
850	2.02693394560223	0.00946706110914912	0.00977861179795174	2.66524045627239	0.0121229247615693	0.0130787707523854
860	2.01905245496288	0.00902384316495971	0.00958203814906436	2.65216225413749	0.0118936771458858	0.0132419639703296
870	2.01247135374036	0.0089904627340166	0.00967476156835085	2.63756773871158	0.0119655598728375	0.0130612857647485
880	2.00291631846023	0.00888661250441571	0.00968774284705096	2.62098306209124	0.0115323207347237	0.0129097492052289
890	1.99443551791573	0.0091536559519608	0.00962839985870763	2.60566592861259	0.0114973507594499	0.0130671140939608
900	1.98471086662471	0.00873269162840019	0.00925008830801876	2.58741093813263	0.0115342635111277	0.0127640409749216
910	1.97534806282359	0.00883468738961532	0.00976006711409442	2.57653612874872	0.0115400918403401	0.0127582126457093
920	1.96431171438169	0.0088717767573299	0.00982682797598069	2.55842329263978	0.0109708583539394	0.0126513599434839
930	1.95027881641407	0.00863996820911371	0.00959501942776447	2.54278631182632	0.0113283292122934	0.0129583186153314
940	1.93969477733454	0.0088773401624871	0.00973410455669421	2.52247008296639	0.011062168844932	0.0125037089367725
950	1.92973266362827	0.00890701165665873	0.00991398799010999	2.50472447898262	0.0109961144471927	0.0126979865771823
960	1.92183986525486	0.0089978806075595	0.00962654539032188	2.48396994081202	0.0111787354291779	0.012414341222184
970	1.90849673906486	0.00856208053691306	0.0095783292122929	2.4685461915551	0.0110155422112337	0.0122997174143422
980	1.89756216022949	0.00873640056517164	0.00927975980219044	2.4493908900586	0.0103277993641831	0.0120238431649604
990	1.88631096484046	0.0083006004945252	0.0094095725891915	2.43239159652275	0.0105959025079486	0.0119539032144129
1000	1.87610008098489	0.00862327799364213	0.00918518191451821	2.41308229445764	0.0105104203461683	0.0120743553514669
1010	1.86833166768613	0.0084841928647124	0.00927419639703325	2.38994667057226	0.0101121511833282	0.0121773225008841
1020	1.85784939821314	0.00840445072412603	0.00927048746026177	2.36851689913925	0.0102364888731905	0.0119500176616047
1030	1.84692612711183	0.00839332391381166	0.00920001766160405	2.3482243626745	0.0102675732956561	0.0117401978099621
1040	1.83629685709606	0.0081318438714238	0.00889588484634439	2.32942444710558	0.0104288237371962	0.0117751677852359
1050	1.82624428151732	0.00806322854115183	0.00881799717414373	2.31330177219109	0.0102306605439782	0.0117052278346884
1060	1.81793309698372	0.00835808901448281	0.00877163546450046	2.29727386685729	0.0102811727304847	0.0116119745672917
1070	1.81017599141902	0.00820787707523869	0.00842484987636907	2.28174350182209	0.0103569410102445	0.0115031790886622
1080	1.80316519630224	0.00799275874249403	0.00874196397032883	2.26487451645969	0.0101432356057938	0.0114468385729434
1090	1.79427731733161	0.00806693747792325	0.00849161073825534	2.25223462363547	0.0102753444012724	0.0112389614977049
1100	1.78720998354453	0.00815409749205255	0.00867334864005682	2.23897872853678	0.00996644295302091	0.0112661603673623
1110	1.78000695694874	0.00803541151536586	0.00875865418580038	2.22556883286947	0.00993535853055536	0.011202048746027
1120	1.77279262261889	0.00820602260685298	0.00878461674320062	2.21814126698307	0.010485164252915	0.0108892617449673
1130	1.76487720877736	0.00813555280819525	0.00882170611091519	2.20814307622052	0.0102015188979167	0.0111923348640066
1140	1.75621548448792	0.00822456729071024	0.00858062522077035	2.19578749213837	0.0101607205934307	0.0111359943482877
1150	1.75272139466359	0.00841186859766897	0.00859731543624192	2.18392944835482	0.0099858707170619	0.0108096079123993
1160	1.74568798407869	0.0078685093606502	0.00835994348286853	2.17402602717296	0.00977993641822755	0.0105259625574011
1170	1.74168504622168	0.00822085835393883	0.00868262098198548	2.1685056990979	0.00984793359237096	0.0106211586012019
1180	1.73388270972075	0.00812998940303806	0.00854539032144151	2.15811658381501	0.009729424231721	0.0102714588484643
1190	1.72432767444062	0.00759590250794794	0.0084452490286121	2.14996639987587	0.00942829388908587	0.0104191098551757
1200	1.71903565490086	0.00789076298127895	0.00826351112681061	2.14246775680396	0.00970805369127592	0.0103511126810323
1210	1.71477263916049	0.00789261744966466	0.0081893323913814	2.13428203427206	0.00987513246202833	0.0103919109855183
1220	1.70882477104528	0.00768120805369148	0.00818376898622424	2.12120383213716	0.00965754150476939	0.0104171670787716
1230	1.70002735394713	0.00759775697633365	0.00819675026492434	2.11291149382699	0.00969833980925544	0.010166548922643
1240	1.69351409912896	0.00759590250794793	0.00814667961850961	2.09826959361074	0.00900671140939666	0.0102015188979168
1250	1.68879877402622	0.00777207700459225	0.00803355704698012	2.0875014000051	0.00936612504415472	0.0104132815259634
1260	1.6820480567928	0.00748648887318989	0.00805581066760887	2.07216057413128	0.00908830801836876	0.0102636877428478
1270	1.67258348338515	0.00741601907453217	0.00810959025079505	2.05924821876259	0.00906305192511549	0.0104346520664084
1280	1.66841092951725	0.00766822677499139	0.00818376898622423	2.04746125216456	0.00938943836100388	0.0101937477923004
1290	1.66030328419672	0.00740118332744631	0.00817449664429555	2.03486874413068	0.00915824796891627	0.0102287177675741
1300	1.65515826519972	0.0078073119039211	0.0080576651359946	2.0214351560682	0.00932338396326455	0.0100402684563766
1310	1.64800046954017	0.00763484634404824	0.00826722006358205	2.01027603794223	0.0091446485340876	0.0101412928293897
1320	1.63855851160063	0.00738634758036049	0.00801686683150855	1.99720968200491	0.00908053691275235	0.0099062168844939
1330	1.63290464457097	0.00754768632991898	0.00818747792299569	1.98500809849137	0.00863564111621401	0.0102248322147659
1340	1.6270585460623	0.00763484634404824	0.0077628046626636	1.9704728140534	0.0089620275521024	0.00970611091487184
1350	1.62122375528769	0.00758848463440503	0.00787221829742164	1.95829492293503	0.00881049099258279	0.00985959025079554
1360	1.61724343289881	0.0077386965736491	0.00801872129989427	1.94835596316041	0.00880660543977459	0.00952737548569484
1370	1.61250549232795	0.00735853055457454	0.00787036382903592	1.93960162314439	0.00869586718474102	0.0095662310137768
1380	1.60690816396858	0.00755324973507615	0.00770531614270597	1.92799234951014	0.00884546096785656	0.00912716354645071
1390	1.60215891566366	0.00741787354291789	0.00751801483574729	1.91772169620312	0.00848021900388618	0.00931949841045639
1400	1.59808813140231	0.00720275521017327	0.00770902507947743	1.90706011837575	0.00853655951960501	0.00920681737901873
1410	1.59178972353126	0.00717308371600159	0.00753655951960457	1.90056840209865	0.00853073119039273	0.00918156128576547
1420	1.58742493818436	0.00711744966442969	0.00754026845637606	1.89293945085329	0.00854627340162549	0.00925927234192936
1430	1.58476762068042	0.00739191098551769	0.00748648887318988	1.8830597220666	0.00848993288590667	0.00912327799364252
1440	1.5817710711547	0.00723242670434494	0.00750874249381864	1.8768996993219	0.00866283998587137	0.00900282585658845
1450	1.57492989204881	0.00683557046979878	0.00779247615683526	1.86758858801933	0.00845690568703703	0.00911550688802612
1460	1.57010148960548	0.00709519604380093	0.00765895443306273	1.86126271850843	0.00872500883080248	0.00915824796891628
1470	1.56199384428494	0.00689491345814213	0.00756623101377626	1.8534442281017	0.00861232779936483	0.00927675732956621
1480	1.5582509843113	0.00732885906040287	0.00750874249381863	1.84287741985502	0.00840639350053047	0.00904750971388271
1490	1.55621559218062	0.00718606499470168	0.00757179441893345	1.8325119969673	0.00819463087248383	0.00917573295655315
1500	1.55410104591153	0.00727322500883098	0.00763670081243398	1.82842505880015	0.008635641116214	0.00881826209819917
1510	1.54981541470305	0.00736780289650319	0.00754397739314749	1.82368657976576	0.00843164959378374	0.00855598728364598
1520	1.54391277752408	0.00697651006711423	0.00742529141646082	1.82187411153511	0.0084666195690575	0.00895037089367784
1530	1.54055438050846	0.00717864712115878	0.0074252914164608	1.81797671252933	0.00849187566231077	0.00886683150830162
1540	1.53931052976193	0.00745867184740394	0.00748092546803269	1.81550085723386	0.00852490286118041	0.00914464853408758
1550	1.53456128145702	0.00706367008124353	0.00729547862945974	1.80783636739575	0.00842776404097555	0.00839279406570179
1560	1.53176827114436	0.00730104203461689	0.00729547862945973	1.8076231358392	0.00833645354998295	0.00877940657011723
1570	1.53112373030298	0.0070933415754152	0.00727137054044522	1.80474450982581	0.0082917696926887	0.00884351819145244
1580	1.53163257833565	0.00725653479335941	0.00721017308371618	1.80191326860277	0.00852878841398863	0.00863175556340579
1590	1.53024172704635	0.00715639350053002	0.00718606499470168	1.79895171920628	0.00838308018368128	0.00848021900388618
1600	1.52898656856577	0.00711744966442968	0.00733998587071725	1.79616786277358	0.00830925468032559	0.00866089720946728
1610	1.52614832731688	0.00710261391734385	0.00704512539738623	1.79347877592156	0.00848604733309848	0.00814994701518959
1620	1.52778794875548	0.00708963263864376	0.00747350759448978	1.79052907272266	0.00819463087248383	0.00855404450724191
1630	1.52510801578342	0.00696538325679987	0.00720275521017326	1.78566028551483	0.00810137760508714	0.00858124337689927
1640	1.52321962419551	0.00692458495231379	0.00724726245143078	1.77854072076567	0.00811691981631993	0.00836365241964035
1650	1.52085630777711	0.0069245849523138	0.00743085482161799	1.77409839667093	0.0081344048039568	0.00830925468032559
1660	1.51700037046288	0.00697280113034278	0.00734925821264589	1.77110130868168	0.00808389261745026	0.00842970681737965
1670	1.51281650886093	0.00715268456375857	0.00726024373013089	1.76810422069244	0.0084025079477223	0.00846079123984521
1680	1.50855349312057	0.00691902154715662	0.00734184033910296	1.76391066674701	0.00819851642529202	0.00879883433415822
1690	1.50803333735384	0.0071805015895445	0.00718977393147315	1.75872203220436	0.00810914871070354	0.00861815612857711
1700	1.50583963694633	0.00713413987990126	0.00725097138820222	1.75469432502513	0.0081421759095732	0.00856570116566649
1710	1.50284308742061	0.00683371600141306	0.00720275521017324	1.75086800320486	0.00797121158601259	0.00834422465559934
1720	1.50171231401467	0.00728249735075963	0.00709334157541521	1.74916215075249	0.00826845637583953	0.008476333451078
1730	1.50226639298358	0.00725282585658796	0.0072435535146593	1.74232689474539	0.00809166372306664	0.00858901448251565
1740	1.50081900302399	0.00721388202048763	0.00736409395973173	1.73778980106996	0.00791681384669786	0.00840639350053048
1750	1.49675952649669	0.00702472624514321	0.00694498410455682	1.7299120796753	0.00775750618156184	0.0083753090780649
1760	1.49349159135354	0.00671503002472634	0.00717122924761584	1.72285174591407	0.00793041328152653	0.00827622748145593
1770	1.48963565403931	0.00682815259625586	0.00711744966442968	1.7190254240938	0.00801783821971093	0.00827817025786002
1780	1.48829003368625	0.00699876368774299	0.00714897562698709	1.71343401883323	0.00816160367361417	0.00816160367361417
1790	1.48441148090391	0.00699690921935726	0.00704512539738623	1.70818615330265	0.00767590957258977	0.00818103143765514
1800	1.48441148090391	0.00699134581420008	0.00692458495231382	1.7069659949513	0.0078779583186159	0.00806057930060109
1810	1.48306586055085	0.00677808194984117	0.00713970328505844	1.70393336836929	0.00780607559166429	0.00797121158601259
1820	1.47951523205622	0.00690604026845651	0.0069746555987285	1.70047427867419	0.00770699399505531	0.00807417873542977
1830	1.47923253870473	0.00690789473684223	0.00701545390321457	1.69757196026563	0.00785853055457492	0.00800035323207405
1840	1.47519567764556	0.00673913811374085	0.00693571176262818	1.69459856467155	0.00800035323207407	0.00817326033203876
1850	1.47274189935468	0.00664641469445436	0.00691902154715661	1.68839115713651	0.00766813846697338	0.00800618156128636
1860	1.46955311834995	0.00675397386082667	0.00714526669021563	1.68328544597696	0.00750494524902915	0.00836365241964033
1870	1.46526748714147	0.00687822324267055	0.00702843518191468	1.67677003730468	0.00795372659837571	0.00842387848816735
1880	1.46301724806366	0.00675582832921242	0.00713970328505842	1.67286079210132	0.00793624161073883	0.00822960084775757
1890	1.45866377045082	0.00680219003885564	0.0071044683857296	1.66561091917871	0.00763122571529549	0.00794401271635523
1900	1.45225228523918	0.00669463087248331	0.00693014835747099	1.66187936693913	0.00767396679618564	0.00814800423878548
1910	1.44878081088297	0.00664270575768292	0.006792917696927	1.65555349742823	0.00773807841752086	0.00791098551748554
1920	1.44412202445053	0.00647209466619578	0.00694498410455682	1.65143102066831	0.00774973507594545	0.00774584952313726
1930	1.44010777885947	0.00648507594489588	0.00694127516778538	1.64877747240906	0.00753991522430291	0.00771670787707579
1940	1.43708861386563	0.00660747085835404	0.00680219003885564	1.64621869373049	0.00785658777817084	0.00779247615683562
1950	1.43306306054051	0.00665939597315449	0.00683000706464158	1.64130252173232	0.00761568350406271	0.00775362062875364
1960	1.42942197017341	0.00650918403391036	0.00704141646061478	1.64002313239303	0.00762151183327501	0.00817131755563465
1970	1.42406210422928	0.0066538325679973	0.00681888025432721	1.63248895072836	0.00741557753444066	0.00804115153656011
1980	1.42459356773007	0.00692458495231383	0.00675397386082669	1.62841385875879	0.0074563758389267	0.00787407276580771
1990	1.42268256067405	0.0067799364182269	0.00687265983751339	1.62521538541058	0.00773419286471267	0.00790515718827327
2000	1.41701738591032	0.00654627340162497	0.00669833980925481	1.62251445236098	0.00738837866478329	0.00759625574002174
